19.75457191467285 572.6255493164062 100.32720184326172 669.607421875
120.12872314453125 572.7661743164062 199.90975952148438 669.35107421875
219.8837432861328 572.63037109375 299.57623291015625 669.350830078125
132.75857543945312 747.4259643554688 242.93638610839844 800.1870727539062
189.78709411621094 337.948486328125 340.6284484863281 516.820068359375
189.78709411621094 337.948486328125 340.6284484863281 516.36962890625
189.78709411621094 337.948486328125 340.6284484863281 505.10455322265625
189.8948516845703 103.44556427001953 340.6768493652344 281.5210266113281
189.8948516845703 103.44556427001953 340.6768493652344 281.30841064453125
189.8948516845703 103.44556427001953 340.6768493652344 422.21710205078125
132.75857543945312 747.1452026367188 242.93638610839844 800.1870727539062
19.57723045349121 103.53948211669922 170.27093505859375 281.6000671386719
19.57723045349121 103.53948211669922 170.27093505859375 316.7934265136719
19.57723045349121 103.53948211669922 170.27093505859375 422.00384521484375
19.57723045349121 103.53948211669922 170.27093505859375 281.293212890625
19.87392234802246 337.4809265136719 169.7368927001953 516.6121215820312
19.87392234802246 337.4809265136719 169.7368927001953 553.62109375
19.87392234802246 337.4809265136719 169.7368927001953 516.0238037109375
238.18362426757812 657.2229614257812 281.6511535644531 669.350830078125
336.22198486328125 657.1373291015625 374.9842529296875 670.6331787109375
189.97628784179688 103.10675048828125 340.6344299316406 252.98196411132812
120.12747192382812 572.5639038085938 199.9083709716797 652.6162719726562
138.21929931640625 657.23291015625 180.9044647216797 669.35107421875
219.9514617919922 572.6159057617188 299.4957580566406 652.716064453125
20.100614547729492 336.979248046875 169.66136169433594 487.9992370605469
19.59200668334961 10.704484939575195 64.89364624023438 24.36312484741211
189.9338836669922 337.7377624511719 340.5634765625 487.92071533203125
19.90839195251465 572.4489135742188 100.18578338623047 652.9431762695312
50.90856170654297 257.1173095703125 134.03038024902344 281.6000671386719
19.75457191467285 572.6255493164062 100.32720184326172 652.6763916015625
19.816791534423828 103.18553161621094 170.16815185546875 252.74945068359375
50.73212814331055 491.84326171875 133.89877319335938 516.6121215820312
20.592609405517578 531.1774291992188 162.69065856933594 553.62109375
156.02789306640625 707.518798828125 219.1376190185547 719.9827880859375
226.2147979736328 257.3580627441406 303.5108947753906 281.5210266113281
120.12872314453125 572.7661743164062 199.90975952148438 652.4692993164062
320.0238952636719 573.6021118164062 374.7752990722656 652.8089599609375
20.832778930664062 58.663795471191406 130.67449951171875 81.04631042480469
29.166141510009766 656.8648681640625 89.55691528320312 669.607421875
226.11520385742188 491.6183166503906 303.3983154296875 516.820068359375
219.8837432861328 572.63037109375 299.57623291015625 652.4972534179688
319.9415588378906 573.77392578125 374.7964782714844 652.693603515625
133.8068084716797 747.4259643554688 155.7797088623047 769.2157592773438
310.3601379394531 747.144775390625 329.5480651855469 769.0977172851562
20.38898277282715 296.19488525390625 76.63980102539062 316.7934265136719
226.30902099609375 506.5505676269531 303.2412414550781 516.36962890625
189.78709411621094 337.948486328125 340.6284484863281 487.5744934082031
315.7433776855469 10.943992614746094 327.2955627441406 21.954675674438477
43.28384780883789 402.84619140625 149.65699768066406 422.00384521484375
165.789306640625 692.9655151367188 209.23402404785156 705.3902587890625
189.8948516845703 103.44556427001953 340.6768493652344 252.75717163085938
227.50196838378906 110.03453063964844 303.5226135253906 128.75897216796875
222.25941467285156 747.1452026367188 242.80804443359375 767.5625
338.67022705078125 695.2904052734375 360.9376220703125 717.9136962890625
332.01153564453125 10.792346000671387 358.6846923828125 23.010242462158203
226.37989807128906 271.4507751464844 303.2348937988281 281.30841064453125
50.921913146972656 271.2635803222656 133.82028198242188 281.293212890625
236.50489807128906 491.8252258300781 293.7481994628906 505.10455322265625
217.56796264648438 402.5851745605469 312.5739440917969 422.21710205078125
359.8416442871094 103.29431915283203 375.0000915527344 252.8302459716797
19.57723045349121 103.53948211669922 170.27093505859375 252.6045684814453
132.75857543945312 793.9913330078125 242.93638610839844 800.1870727539062
50.84874725341797 506.5630798339844 133.76536560058594 516.0238037109375
19.87392234802246 337.4809265136719 169.7368927001953 487.5339660644531
10.06397533416748 0.3446672260761261 75.61112213134766 37.00424575805664
