1019.9762573242188 704.7620849609375 1090.7359619140625 822.697509765625
886.2700805664062 702.5738525390625 959.5592651367188 822.1365356445312
778.163818359375 702.5738525390625 1000.073486328125 951.708984375
497.7753601074219 2144.729248046875 793.17919921875 2267.197265625
416.3516540527344 1348.6239013671875 753.9241943359375 1502.471435546875
656.7564697265625 506.56951904296875 798.4969482421875 553.3562622070312
528.049560546875 506.5770263671875 644.4368896484375 552.8618774414062
36.28352355957031 345.6607360839844 231.1295623779297 419.2622375488281
48.48599624633789 994.43603515625 573.1307983398438 1114.5965576171875
821.8079833984375 24.373065948486328 994.0643310546875 107.99996185302734
596.8724975585938 993.29052734375 1121.69287109375 1113.689697265625
816.2870483398438 2145.33203125 1111.0416259765625 2267.3251953125
816.405029296875 2145.008544921875 1111.172119140625 2267.8330078125
1028.5479736328125 24.277103424072266 1110.45654296875 106.61923217773438
965.993408203125 1930.281982421875 1110.09130859375 2073.392822265625
37.84498977661133 1865.93701171875 218.29934692382812 1908.7669677734375
49.46103286743164 1150.336181640625 1122.065673828125 1323.4498291015625
891.5120239257812 785.7625122070312 952.8925170898438 822.1365356445312
704.2696533203125 23.66802215576172 786.4920043945312 106.77906036376953
1025.813232421875 785.7769165039062 1086.8096923828125 822.697509765625
48.62617111206055 1348.0579833984375 388.238525390625 1506.8895263671875
209.6863555908203 2218.886474609375 276.3135681152344 2257.511962890625
100.05677795410156 1708.4666748046875 224.44224548339844 1758.2205810546875
50.680843353271484 492.2281494140625 506.2368469238281 563.0628051757812
162.24874877929688 1021.3202514648438 404.54571533203125 1079.9676513671875
679.1028442382812 1711.353271484375 1116.540771484375 1755.66015625
781.8818969726562 1348.2845458984375 1121.92529296875 1506.109130859375
52.15394973754883 599.72705078125 205.1836700439453 645.5413818359375
64.9915771484375 2219.22412109375 130.40103149414062 2256.99365234375
5.794483184814453 1841.5433349609375 1164.081787109375 1939.421630859375
333.4940490722656 900.3480834960938 486.6126708984375 955.4341430664062
497.791748046875 2145.1201171875 793.2865600585938 2266.71728515625
1028.7491455078125 24.242286682128906 1110.1220703125 106.10223388671875
118.43927001953125 1203.9432373046875 905.0702514648438 1268.1949462890625
1019.4845581054688 704.1359252929688 1091.1973876953125 776.6736450195312
716.746826171875 1614.3486328125 1119.8515625 1659.8612060546875
531.5383911132812 908.0337524414062 751.3557739257812 951.23876953125
48.65681076049805 902.1187133789062 216.55523681640625 951.9586791992188
49.54973602294922 778.40087890625 770.5103759765625 823.9049682617188
48.290306091308594 2026.097900390625 216.04144287109375 2074.49560546875
778.163818359375 909.2195434570312 1000.073486328125 951.708984375
47.087623596191406 1616.8978271484375 88.59890747070312 1659.51171875
822.2564697265625 25.09861183166504 992.97607421875 106.73290252685547
48.186126708984375 2025.7327880859375 389.7961120605469 2075.25341796875
558.873046875 708.4267578125 682.6499633789062 760.4031982421875
114.04059600830078 1445.6572265625 322.4346618652344 1485.196533203125
231.3036651611328 1863.8238525390625 1134.247314453125 1910.5689697265625
310.4966735839844 888.1808471679688 509.5517272949219 983.3394775390625
229.93394470214844 2029.3271484375 388.31463623046875 2072.532958984375
844.10546875 1445.349853515625 1056.8870849609375 1485.369873046875
308.41546630859375 600.04736328125 644.6345825195312 645.1030883789062
46.38128662109375 707.6072998046875 771.3966064453125 825.6609497070312
47.2875862121582 710.2614135742188 293.8581848144531 759.7130737304688
100.31761169433594 1612.500732421875 268.8161926269531 1661.3809814453125
417.9229736328125 2028.169677734375 1000.693359375 2072.46875
858.4142456054688 1864.6951904296875 1132.98486328125 1909.1766357421875
168.19821166992188 2140.7451171875 316.0046081542969 2277.2783203125
36.35804748535156 889.9590454101562 308.51275634765625 965.9478759765625
1019.9762573242188 704.7620849609375 1090.7359619140625 776.038818359375
51.646461486816406 598.7274169921875 1114.62548828125 647.00244140625
966.433349609375 1930.7503662109375 1109.6807861328125 2072.86767578125
886.2700805664062 702.5738525390625 959.5592651367188 777.197265625
2.7429823875427246 1947.917236328125 1166.6834716796875 2114.126220703125
483.0224914550781 1445.9681396484375 685.3961181640625 1485.6551513671875
852.4551391601562 682.8577880859375 991.1412353515625 839.43212890625
1001.7581176757812 682.2488403320312 1126.6170654296875 844.6528930664062
46.515811920166016 1612.168701171875 1121.8560791015625 1662.5089111328125
704.2083740234375 24.266910552978516 786.0535278320312 106.20687866210938
