94.23338317871094 1092.012939453125 266.4725646972656 1144.13134765625
551.64990234375 212.51889038085938 705.5047607421875 266.2782287597656
421.5852355957031 2266.15869140625 744.555419921875 2318.610595703125
94.39356994628906 468.1505126953125 296.26251220703125 524.453125
414.2494201660156 311.5162658691406 838.4537353515625 364.8940124511719
858.2556762695312 1092.896484375 1074.82568359375 1146.4151611328125
451.5797424316406 52.42774200439453 719.6054077148438 113.0682601928711
484.3482360839844 902.3412475585938 684.1566772460938 957.9340209960938
194.3949432373047 312.48980712890625 369.3676452636719 363.5668029785156
922.544921875 56.23655319213867 979.1770629882812 112.10993194580078
173.22640991210938 641.1109619140625 420.4323425292969 699.1416015625
193.77735900878906 204.7982635498047 525.0364379882812 268.4419860839844
854.3867797851562 472.4052734375 1029.4383544921875 521.883544921875
93.98681640625 868.72021484375 1076.0950927734375 996.5796508789062
95.3095932006836 633.9456787109375 147.83346557617188 707.6928100585938
93.1973876953125 204.29994201660156 163.2729949951172 275.3607482910156
95.07745361328125 635.4064331054688 421.9129333496094 706.8206176757812
859.424072265625 1093.8406982421875 1030.827392578125 1145.13525390625
282.26123046875 1097.6348876953125 322.5368957519531 1140.6134033203125
55.891136169433594 175.53543090820312 1105.8653564453125 413.0931701660156
