138.4732208251953 194.44337463378906 169.4882049560547 236.64120483398438
24.473501205444336 748.5770874023438 57.31261444091797 780.4407958984375
193.80935668945312 189.22439575195312 226.7044677734375 236.4939727783203
156.63917541503906 189.22439575195312 227.68687438964844 287.0697021484375
140.65658569335938 189.22439575195312 227.8771514892578 287.8848876953125
241.12916564941406 748.58642578125 280.43438720703125 781.1156616210938
77.348388671875 190.00881958007812 113.91798400878906 238.14234924316406
57.11105728149414 190.00881958007812 112.69412994384766 287.3751220703125
54.34031295776367 190.00881958007812 154.63133239746094 374.9322509765625
54.28171157836914 190.00881958007812 164.10360717773438 353.5918273925781
179.55389404296875 748.9757080078125 212.4789276123047 780.396240234375
311.55999755859375 747.9798583984375 349.9913024902344 781.1703491210938
250.62368774414062 197.69386291503906 296.8809814453125 236.5987091064453
211.4039764404297 197.69386291503906 316.53955078125 374.2773742675781
115.95451354980469 456.0247497558594 147.57305908203125 520.8207397460938
54.640464782714844 456.0247497558594 147.5978240966797 521.4987182617188
286.2004089355469 592.534912109375 335.959228515625 641.9419555664062
24.473501205444336 767.6444091796875 57.31261444091797 780.4407958984375
87.48746490478516 767.1155395507812 148.91566467285156 780.7464599609375
189.0216827392578 401.0869140625 333.0281982421875 480.9574279785156
241.12916564941406 767.2794189453125 280.43438720703125 781.1156616210938
42.05487060546875 305.5611267089844 181.58822631835938 385.714599609375
54.360721588134766 553.8126220703125 103.70081329345703 566.4375
193.8457489013672 305.3902893066406 332.7261047363281 385.5088806152344
41.981048583984375 401.35211181640625 188.5245819091797 481.02105712890625
232.0081787109375 43.81731414794922 350.3476867675781 84.09455108642578
250.62368774414062 223.2763671875 296.8809814453125 236.5987091064453
311.55999755859375 767.4933471679688 349.9913024902344 781.1703491210938
77.348388671875 222.7770233154297 113.91798400878906 238.14234924316406
54.21040725708008 456.9978942871094 88.18755340576172 470.8994445800781
131.59820556640625 609.89501953125 178.29641723632812 625.8618774414062
179.55389404296875 767.3186645507812 212.4789276123047 780.396240234375
193.80935668945312 222.89450073242188 226.7044677734375 236.4939727783203
54.40280532836914 339.1275329589844 98.27344512939453 352.91943359375
138.4732208251953 194.44337463378906 169.4882049560547 216.47134399414062
141.66505432128906 223.13803100585938 165.94558715820312 236.64120483398438
73.54043579101562 46.94786834716797 147.34640502929688 76.36500549316406
141.91427612304688 456.1827697753906 172.95599365234375 470.0365905761719
56.95313262939453 175.79660034179688 317.4520568847656 254.4169158935547
54.47827911376953 434.0096130371094 111.5648193359375 449.2132568359375
39.00725555419922 592.5720825195312 271.27386474609375 642.8492431640625
54.503692626953125 315.86566162109375 84.75309753417969 328.6337890625
32.8193473815918 748.5770874023438 49.117774963378906 765.6757202148438
42.2453727722168 497.34197998046875 332.7857360839844 577.4052734375
156.63917541503906 271.7474365234375 227.68687438964844 287.0697021484375
199.92420959472656 189.22439575195312 220.0071258544922 216.58529663085938
92.37993621826172 104.65771484375 299.4173583984375 147.93125915527344
272.357666015625 271.31671142578125 330.5848083496094 286.7150573730469
254.1987762451172 748.58642578125 268.9769592285156 765.2083740234375
54.4375114440918 361.1255187988281 82.59089660644531 374.07373046875
201.697998046875 411.2701110839844 269.5864562988281 425.449462890625
81.80561828613281 190.00881958007812 108.67755126953125 215.7984619140625
66.45956420898438 530.3765869140625 119.18014526367188 544.8472290039062
186.66880798339844 748.9757080078125 204.06051635742188 764.64208984375
25.029787063598633 43.757450103759766 65.12556457519531 84.32898712158203
211.6205291748047 338.23040771484375 288.8516845703125 353.2442626953125
25.289905548095703 44.272560119628906 64.68057250976562 84.18853759765625
73.82039642333984 47.33493423461914 146.92115783691406 62.217384338378906
170.95321655273438 329.2830505371094 204.99652099609375 363.1499938964844
57.11105728149414 271.55072021484375 112.69412994384766 287.3751220703125
29.56964111328125 49.478294372558594 60.35788345336914 83.97196197509766
85.97042846679688 360.8238525390625 154.25965881347656 374.6186828613281
54.97684860229492 411.897705078125 130.95188903808594 426.0013732910156
323.3341064453125 747.9798583984375 338.99017333984375 764.7130126953125
258.8055419921875 197.69386291503906 289.4302978515625 216.9849090576172
41.01193618774414 274.3599853515625 52.21651840209961 285.8631896972656
122.84636688232422 456.0247497558594 135.67962646484375 469.23968505859375
85.53730010986328 271.5934753417969 112.57206726074219 287.3448181152344
92.65211486816406 130.75120544433594 298.84027099609375 147.4365997314453
201.3221435546875 433.758544921875 320.69354248046875 446.182861328125
115.95451354980469 506.85833740234375 147.57305908203125 520.8207397460938
211.4039764404297 360.2862548828125 316.53955078125 374.2773742675781
140.65658569335938 271.27703857421875 227.8771514892578 287.8848876953125
0.3575943410396576 727.1541137695312 374.8297119140625 811.5732421875
286.1939697265625 592.8396606445312 335.7779235839844 641.6683349609375
54.34031295776367 360.5546875 154.63133239746094 374.9322509765625
210.79551696777344 315.4978332519531 226.92137145996094 328.43231201171875
54.640464782714844 506.85919189453125 147.5978240966797 521.4987182617188
54.28171157836914 338.69482421875 164.10360717773438 353.5918273925781
