98.59638977050781 484.89556884765625 1062.7265625 1198.8443603515625
107.40528869628906 2169.645751953125 184.01283264160156 2298.651123046875
949.78173828125 2260.84228515625 1085.96728515625 2297.0625
98.59638977050781 980.6121826171875 1062.7265625 1198.8443603515625
526.69775390625 1426.2745361328125 739.3311767578125 1488.5848388671875
441.7471618652344 1423.4195556640625 501.3984069824219 1489.99365234375
640.3831787109375 484.89556884765625 861.1946411132812 854.3713989257812
112.38773345947266 2257.10302734375 179.12460327148438 2298.651123046875
695.4828491210938 2257.479248046875 763.9689331054688 2299.439453125
1062.6180419921875 47.58326721191406 1120.2230224609375 115.34359741210938
107.40528869628906 2169.645751953125 184.01283264160156 2245.9951171875
732.67578125 2171.206787109375 783.7598266601562 2243.13720703125
677.5311279296875 2169.874755859375 736.3579711914062 2244.3232421875
101.45664978027344 1080.2891845703125 324.68304443359375 1139.0416259765625
399.605224609375 2168.171630859375 476.115966796875 2248.732177734375
1.1020257472991943 1386.8680419921875 1169.619873046875 1528.5255126953125
