161.9244842529297 531.6709594726562 213.3595733642578 568.254150390625
24.217592239379883 597.375 182.45384216308594 708.9968872070312
24.021432876586914 597.375 170.2259063720703 774.6079711914062
79.55403137207031 531.4595947265625 172.1014862060547 636.3806762695312
24.217592239379883 531.4595947265625 182.45384216308594 708.9968872070312
79.67369842529297 531.4595947265625 171.834716796875 635.8235473632812
80.31073760986328 531.4595947265625 166.4085235595703 616.3865966796875
24.217592239379883 556.2178955078125 182.45384216308594 708.9968872070312
79.55403137207031 556.8072509765625 172.1014862060547 636.3806762695312
24.217592239379883 556.8072509765625 182.45384216308594 708.9968872070312
79.67369842529297 556.8072509765625 171.834716796875 635.8235473632812
80.31073760986328 556.8072509765625 166.4085235595703 616.3865966796875
24.217592239379883 531.8551635742188 182.45384216308594 708.9968872070312
247.61708068847656 531.4384155273438 277.28753662109375 568.2242431640625
39.847198486328125 295.0897521972656 259.7015380859375 345.03778076171875
40.046810150146484 295.0897521972656 278.1103515625 406.7834777832031
39.25775146484375 295.0897521972656 337.6296691894531 407.4599914550781
161.9244842529297 556.0260620117188 213.3595733642578 568.254150390625
23.9498348236084 195.08334350585938 87.37808990478516 216.38973999023438
243.0728302001953 415.8294982910156 283.13079833984375 456.0584411621094
247.61708068847656 555.8489379882812 277.28753662109375 568.2242431640625
190.4145050048828 416.22418212890625 231.3593292236328 456.177734375
79.55403137207031 599.9743041992188 172.1014862060547 636.3806762695312
324.7012023925781 555.7977905273438 350.6065979003906 568.0892944335938
39.607322692871094 416.0550842285156 80.11579895019531 456.2001953125
125.67875671386719 294.3538818359375 168.84532165527344 318.705810546875
232.51544189453125 602.014892578125 351.3492736816406 634.0779418945312
39.847198486328125 326.9775085449219 259.7015380859375 345.03778076171875
24.217592239379883 689.3175659179688 182.45384216308594 708.9968872070312
295.03399658203125 415.653564453125 335.5947570800781 456.2684326171875
310.6487731933594 716.9925537109375 351.6628723144531 758.6969604492188
24.207902908325195 597.3185424804688 63.99196243286133 637.7836303710938
263.85845947265625 610.213134765625 334.61444091796875 625.6568603515625
184.00306701660156 298.85882568359375 235.54144287109375 318.12811279296875
87.19422149658203 244.87774658203125 206.48387145996094 285.4697265625
181.2633056640625 531.6709594726562 194.3403778076172 549.6920776367188
24.2818603515625 597.375 63.80477523803711 637.35693359375
24.021432876586914 757.3397216796875 170.2259063720703 774.6079711914062
40.046810150146484 390.002685546875 278.1103515625 406.7834777832031
336.8849792480469 17.112220764160156 357.994873046875 28.04949951171875
326.6793518066406 53.784366607666016 351.7271728515625 78.46639251708984
103.59429931640625 531.4595947265625 121.96932983398438 548.8484497070312
24.506561279296875 248.12100219726562 86.2918930053711 286.469482421875
79.67369842529297 621.7322387695312 171.834716796875 635.8235473632812
30.497020721435547 556.2178955078125 44.15766143798828 567.1807250976562
48.84176254272461 729.8786010742188 157.94117736816406 746.736572265625
28.04973793029785 500.0630187988281 175.87303161621094 516.9830932617188
108.31792449951172 556.8072509765625 116.2635269165039 566.9202270507812
80.31073760986328 600.3988037109375 166.4085235595703 616.3865966796875
315.6328430175781 15.205534934997559 331.1690368652344 29.30575942993164
336.8690185546875 17.181550979614258 358.1091613769531 28.101404190063477
28.623062133789062 531.8551635742188 46.785884857177734 548.7881469726562
293.4525146484375 16.280967712402344 311.57708740234375 29.895124435424805
310.73046875 717.29345703125 351.5785827636719 758.3389892578125
253.9188995361328 531.4384155273438 272.372314453125 549.9246826171875
125.8519058227539 295.0897521972656 168.81314086914062 318.58734130859375
39.857357025146484 296.0767517089844 113.63221740722656 316.38494873046875
295.14007568359375 416.0206298828125 335.4283447265625 456.04705810546875
39.25775146484375 389.49639892578125 337.6296691894531 407.4599914550781
