198.44374084472656 636.5955200195312 355.3362121582031 791.5796508789062
19.572620391845703 673.4163208007812 87.82716369628906 703.852783203125
196.53289794921875 280.0650634765625 260.6231994628906 310.0403137207031
174.58352661132812 765.3903198242188 203.9641876220703 796.0050048828125
197.35787963867188 336.3673095703125 354.4365234375 573.5494995117188
198.52133178710938 636.3529663085938 355.3062744140625 748.8540649414062
19.791576385498047 398.2152099609375 83.74407196044922 428.5600280761719
303.577392578125 770.5689086914062 326.7929382324219 791.5796508789062
196.9690399169922 154.87583923339844 354.338623046875 272.58319091796875
20.139450073242188 454.5603332519531 177.02716064453125 666.4006958007812
317.0670166015625 52.684871673583984 350.1520690917969 66.25957489013672
197.6401824951172 579.5547485351562 261.4065856933594 610.7373046875
19.064733505249023 10.70890998840332 44.940879821777344 24.529579162597656
243.4278564453125 769.6215209960938 265.9082946777344 792.3502807617188
18.747594833374023 50.16136932373047 35.74705123901367 69.37301635742188
49.42879104614258 770.8921508789062 74.14791870117188 793.2347412109375
19.80922508239746 155.19313049316406 177.2821502685547 390.21221923828125
112.32205200195312 769.3101806640625 135.4849395751953 792.4789428710938
283.3016052246094 11.524593353271484 299.7785949707031 24.08637046813965
13.967334747314453 0.5113048553466797 49.76511764526367 33.73979568481445
279.4456481933594 47.74507522583008 301.175048828125 71.0035400390625
174.63916015625 765.5831909179688 203.98423767089844 795.9169921875
282.1932678222656 52.158470153808594 298.5140075683594 67.36600494384766
311.89227294921875 44.340389251708984 352.3669738769531 78.17660522460938
198.44374084472656 636.5955200195312 355.3362121582031 748.7473754882812
20.136287689208984 730.6670532226562 177.08718872070312 749.0241088867188
334.6343078613281 11.522501945495605 354.2181091308594 22.567279815673828
20.63478660583496 415.11798095703125 83.3898696899414 428.02935791015625
276.69830322265625 43.96640396118164 304.79547119140625 75.7791748046875
308.904052734375 10.602416038513184 324.5733337402344 23.743309020996094
330.650634765625 4.158808708190918 357.5881042480469 30.467042922973633
20.974742889404297 96.43806457519531 105.9485092163086 118.02159118652344
13.924878120422363 44.69285583496094 41.56317138671875 74.71578216552734
275.68341064453125 0.4330437481403351 303.8397216796875 34.009910583496094
