548.9127197265625 2179.712890625 616.8986206054688 2297.294677734375
598.601806640625 1493.0753173828125 1132.7359619140625 1687.824462890625
38.47459411621094 895.2114868164062 570.2651977539062 1422.5833740234375
28.359668731689453 258.300048828125 1143.878173828125 489.5218200683594
795.5664672851562 138.0823211669922 927.9126586914062 254.3379364013672
29.659889221191406 21.890626907348633 1136.90673828125 136.02403259277344
594.8516235351562 507.70001220703125 1140.938232421875 868.6911010742188
161.399169921875 138.34268188476562 299.86822509765625 252.31375122070312
930.27783203125 138.2811279296875 1065.029541015625 253.93258666992188
30.49267578125 24.199079513549805 162.6914520263672 136.48565673828125
38.45573043823242 1650.07080078125 570.9915771484375 2159.95263671875
654.4552001953125 136.83309936523438 793.7504272460938 254.64938354492188
28.521146774291992 507.12841796875 575.7723999023438 867.90234375
314.1726379394531 2183.135986328125 386.78765869140625 2294.182861328125
44.188777923583984 904.3099365234375 551.5712280273438 1504.9163818359375
603.7791137695312 907.5161743164062 1128.1142578125 1571.093017578125
481.1256103515625 136.9366455078125 649.3298950195312 254.47666931152344
32.64842987060547 142.0889434814453 162.55580139160156 251.0673065185547
599.3848266601562 1429.5001220703125 1131.532958984375 1492.26513671875
598.1530151367188 895.3289184570312 1133.4610595703125 1487.1055908203125
37.29728698730469 1429.634033203125 569.3438110351562 1624.7740478515625
300.189453125 136.0256805419922 479.6457824707031 254.23805236816406
590.4144287109375 1712.2315673828125 1137.8558349609375 2162.7548828125
57.32361602783203 2176.69189453125 176.929443359375 2296.534423828125
589.9981079101562 1712.8167724609375 1138.112548828125 2297.444580078125
