287.21490478515625 1453.7855224609375 432.2634582519531 1549.9942626953125
47.95911407470703 1454.6051025390625 179.8022918701172 1551.0433349609375
526.8378295898438 1455.3731689453125 687.8695068359375 1548.5185546875
287.21490478515625 1454.2579345703125 432.2634582519531 1549.9942626953125
287.21490478515625 1520.9580078125 432.2634582519531 1549.9942626953125
526.8378295898438 1521.7686767578125 687.8695068359375 1548.5185546875
47.95911407470703 1521.9459228515625 179.8022918701172 1551.0433349609375
287.7724304199219 1009.6144409179688 519.8796997070312 1033.205810546875
337.5937805175781 1453.7855224609375 384.7857360839844 1498.8160400390625
285.4810791015625 1173.197998046875 528.5966796875 1244.44921875
90.86016082763672 1454.6051025390625 136.5613250732422 1498.997314453125
241.456298828125 1587.941162109375 511.177978515625 1602.37939453125
600.9144897460938 1455.3731689453125 642.8966064453125 1500.482666015625
81.33919525146484 681.7124633789062 207.53456115722656 756.8829345703125
287.353271484375 485.3898620605469 475.2386169433594 510.5880126953125
337.7922058105469 1454.2579345703125 384.44732666015625 1498.402587890625
47.64621353149414 178.06674194335938 342.0673522949219 231.62733459472656
43.71113204956055 31.028898239135742 96.39755249023438 60.58003616333008
287.61419677734375 951.6533203125 599.3471069335938 981.119384765625
287.6658935546875 747.9724731445312 460.12701416015625 772.3313598632812
287.6676025390625 1271.8148193359375 416.1086120605469 1295.447265625
286.0961608886719 648.963134765625 599.1773681640625 720.4786376953125
287.6905212402344 427.3777770996094 592.6139526367188 457.2464294433594
47.73427200317383 278.28826904296875 223.72242736816406 313.39923095703125
674.1687622070312 33.491432189941406 717.0120239257812 56.71650314331055
48.197509765625 867.6211547851562 703.1799926757812 1098.558349609375
48.18445587158203 1129.549560546875 703.3004150390625 1360.4423828125
47.398231506347656 342.43017578125 704.0349731445312 574.9835815429688
287.52978515625 386.50970458984375 358.80908203125 412.7709045410156
586.9095458984375 32.65428924560547 624.0535888671875 60.144100189208984
48.09564971923828 604.89990234375 703.0350341796875 833.8558349609375
287.21038818359375 648.7754516601562 389.70562744140625 675.0549926757812
631.9931030273438 30.908315658569336 662.7709350585938 58.26300811767578
287.90216064453125 689.345947265625 598.6826171875 719.2318725585938
32.49951171875 158.5007781982422 366.1819763183594 247.16592407226562
674.3802490234375 33.918006896972656 717.065185546875 56.523193359375
287.1572570800781 1214.696044921875 527.7639770507812 1243.1849365234375
