76.83585357666016 533.9264526367188 148.0620880126953 549.1358032226562
31.364612579345703 59.352439880371094 88.05492401123047 116.0820083618164
52.01609802246094 532.4178466796875 112.4864501953125 608.5638427734375
20.275665283203125 1.376078724861145 61.678104400634766 36.74834442138672
332.78369140625 591.9517211914062 359.6009521484375 606.8457641601562
52.429203033447266 304.7776184082031 129.01239013671875 469.6531677246094
333.0191955566406 820.1779174804688 359.9175109863281 835.3518676757812
360.42901611328125 13.704541206359863 386.2037658691406 25.17649269104004
52.14235305786133 532.4178466796875 124.5611343383789 697.2344360351562
195.91091918945312 533.398681640625 272.51666259765625 549.8963623046875
51.75849914550781 272.0110168457031 279.01898193359375 295.8380432128906
51.87034606933594 304.7776184082031 112.76689910888672 380.92041015625
31.572633743286133 154.84591674804688 155.5445556640625 177.15945434570312
332.818359375 364.20367431640625 359.521484375 378.870361328125
77.36463928222656 305.6072692871094 157.02696228027344 321.4783935546875
325.4573059082031 59.5573616027832 382.3300476074219 115.62452697753906
51.586666107177734 727.0997924804688 363.2881164550781 779.8536987304688
51.953826904296875 760.67138671875 112.56709289550781 836.8884887695312
312.6662292480469 13.757584571838379 333.099365234375 26.903982162475586
52.03826141357422 500.87469482421875 253.2274169921875 524.7509155273438
52.063846588134766 221.23095703125 124.97870635986328 241.94386291503906
180.53358459472656 304.06475830078125 281.1526794433594 323.54156494140625
164.53439331054688 77.41836547851562 249.1326446533203 98.16241455078125
325.5185852050781 59.515811920166016 382.3983459472656 115.90699005126953
