69.52761840820312 1962.7161865234375 532.536865234375 2024.38232421875
1310.998779296875 46.107513427734375 1343.3818359375 96.39434814453125
1245.7584228515625 49.17713165283203 1293.7493896484375 97.89437866210938
1139.5185546875 1787.803955078125 1367.4208984375 1841.97705078125
68.95745086669922 2364.472900390625 853.0723876953125 2428.32080078125
1258.580322265625 1217.5535888671875 1368.2215576171875 1266.6588134765625
1044.23095703125 2892.652587890625 1112.8092041015625 3019.3447265625
1239.0257568359375 860.7311401367188 1370.5419921875 939.827880859375
70.46139526367188 1042.0712890625 600.90966796875 1108.7149658203125
69.88973999023438 1214.3028564453125 444.8966369628906 1276.0338134765625
70.93082427978516 2202.1748046875 240.6033477783203 2254.841552734375
1240.201904296875 519.0698852539062 1371.2301025390625 595.5912475585938
195.26837158203125 47.69734573364258 453.372802734375 262.1045227050781
69.55876922607422 1390.9962158203125 405.149169921875 1450.2838134765625
299.47296142578125 2899.779296875 420.99700927734375 3020.981689453125
70.54370880126953 697.2125244140625 774.4821166992188 763.7017822265625
1159.8797607421875 1961.3255615234375 1367.0692138671875 2014.5015869140625
70.56889343261719 1626.1171875 202.88931274414062 1681.2734375
69.95343017578125 1790.710205078125 403.07220458984375 1854.7611083984375
71.490966796875 185.59097290039062 307.06256103515625 421.92230224609375
69.97696685791016 525.7926025390625 543.0034790039062 587.8748168945312
674.020751953125 26.0202579498291 764.8280029296875 116.83866882324219
69.96812438964844 2540.53076171875 572.2542114257812 2602.42138671875
530.3388671875 3066.613037109375 910.306884765625 3086.11279296875
70.0671615600586 873.0659790039062 317.58245849609375 936.321044921875
69.91683959960938 2715.5 494.17413330078125 2778.060546875
