791.8978271484375 2207.037841796875 855.0140380859375 2325.5068359375
81.86302185058594 2207.83447265625 152.3553924560547 2325.72314453125
1006.8942260742188 2206.257080078125 1113.630126953125 2326.833984375
552.4254150390625 2206.752197265625 622.6776123046875 2326.991943359375
290.2301330566406 2207.24755859375 415.3495178222656 2327.8115234375
1006.8942260742188 2291.107177734375 1113.630126953125 2326.833984375
290.2301330566406 2292.35595703125 415.3495178222656 2327.8115234375
795.9758911132812 2292.710205078125 849.8179321289062 2325.5068359375
55.210514068603516 236.73500061035156 137.28994750976562 285.4820251464844
1012.0125732421875 43.94329071044922 1130.209228515625 164.59371948242188
90.38028717041016 2293.5576171875 145.21673583984375 2325.72314453125
318.3375549316406 1406.724609375 837.1431884765625 1457.1429443359375
791.8978271484375 2207.037841796875 855.0140380859375 2275.349365234375
81.86302185058594 2207.83447265625 152.3553924560547 2278.205322265625
560.7758178710938 2292.39208984375 616.0582275390625 2326.991943359375
1022.7623901367188 2206.257080078125 1091.68115234375 2274.775390625
265.6448059082031 237.77500915527344 387.44525146484375 285.07012939453125
552.4254150390625 2206.752197265625 622.6776123046875 2276.49609375
47.52508544921875 233.16455078125 141.972412109375 314.5972900390625
255.71250915527344 223.088134765625 396.5885925292969 297.4664306640625
451.6283264160156 1302.9093017578125 727.5599975585938 1370.8231201171875
317.72479248046875 2207.24755859375 387.01495361328125 2276.130859375
901.1904296875 80.60823822021484 952.4033813476562 128.2066192626953
1039.7978515625 76.43905639648438 1096.0233154296875 137.53073120117188
181.0015106201172 82.15007781982422 430.28558349609375 133.13880920410156
97.11151123046875 79.84874725341797 141.13084411621094 128.26962280273438
50.094417572021484 44.456687927246094 999.8469848632812 165.06982421875
318.2991943359375 1407.34814453125 441.3235168457031 1456.7276611328125
31.526077270507812 211.51129150390625 166.16293334960938 334.9585876464844
230.9608612060547 205.73934936523438 421.2713623046875 325.0921630859375
