293.4288024902344 318.994873046875 389.3050231933594 505.1696472167969
671.2054443359375 1386.4818115234375 713.6964721679688 1414.2457275390625
24.33323860168457 555.496826171875 533.7343139648438 876.8606567382812
672.203857421875 1454.4075927734375 734.360595703125 1483.60400390625
529.0839233398438 914.75927734375 748.5203857421875 1000.4483642578125
922.2988891601562 23.60879898071289 1145.218994140625 108.30138397216797
1003.4291381835938 2163.575927734375 1073.8104248046875 2279.79541015625
786.1989135742188 2154.380615234375 886.540771484375 2279.873291015625
586.9343872070312 1898.9930419921875 814.2081298828125 2014.2252197265625
35.00086212158203 1906.892822265625 120.80287170410156 1955.0499267578125
288.5727844238281 914.7084350585938 508.2931823730469 999.832275390625
35.38972854614258 1977.7745361328125 92.70903015136719 2034.1373291015625
50.23009490966797 310.0887756347656 352.9824523925781 632.927734375
683.5996704101562 1521.9332275390625 1044.286376953125 1613.8004150390625
481.2367858886719 324.22723388671875 634.8566284179688 505.7809143066406
614.9140014648438 1114.8616943359375 1130.0452880859375 1287.967529296875
769.2091064453125 914.5841064453125 987.5009765625 1000.7486572265625
130.35113525390625 1831.6236572265625 280.4646911621094 1871.7783203125
630.44384765625 1453.3948974609375 662.6028442382812 1485.0548095703125
43.48834991455078 310.0887756347656 200.9718780517578 506.2214660644531
608.442626953125 1775.1019287109375 751.93359375 1826.3162841796875
33.931121826171875 50.85121536254883 222.00709533691406 105.47389221191406
174.968994140625 1752.2041015625 521.5243530273438 1804.6431884765625
630.3974609375 1383.954345703125 660.5133056640625 1413.481689453125
608.7369995117188 1773.2940673828125 1098.3953857421875 1887.039306640625
1007.0457153320312 919.3527221679688 1144.1044921875 999.525390625
355.6646728515625 1896.8504638671875 649.4595947265625 1944.988525390625
631.915771484375 1314.3150634765625 725.3794555664062 1347.005615234375
982.9351196289062 2010.1903076171875 1114.33740234375 2052.77685546875
38.196693420410156 145.1800537109375 1021.4564819335938 251.61288452148438
939.96484375 316.6165771484375 1051.4833984375 505.29229736328125
102.22882843017578 1987.7467041015625 157.1984405517578 2025.7105712890625
767.333740234375 1058.3023681640625 848.8828735351562 1087.2713623046875
47.643272399902344 914.8973999023438 269.7539978027344 1000.8850708007812
96.84878540039062 2166.0546875 164.22576904296875 2279.163330078125
493.82550048828125 2100.69775390625 674.571533203125 2285.7958984375
289.1398620605469 2153.07275390625 426.73382568359375 2269.84716796875
855.8035278320312 1057.9383544921875 949.0031127929688 1088.36474609375
927.8043212890625 1453.108642578125 1098.2587890625 1484.3680419921875
559.20947265625 552.9937744140625 839.274169921875 879.2404174804688
35.4223747253418 1750.940185546875 163.93675231933594 1804.2259521484375
672.2547607421875 301.8785705566406 875.5399780273438 523.1095581054688
794.9762573242188 1019.3846435546875 955.1708374023438 1042.9427490234375
863.3710327148438 552.7902221679688 1146.29150390625 879.3237915039062
965.1067504882812 1201.5740966796875 1096.68359375 1414.7745361328125
260.6474609375 2.748912811279297 442.65240478515625 118.34036254882812
