607.8356323242188 1571.427978515625 824.809326171875 1725.3668212890625
352.99615478515625 1571.3338623046875 569.7174682617188 1725.369873046875
390.87103271484375 2188.7099609375 491.3564147949219 2295.143798828125
987.215576171875 2183.015380859375 1075.8223876953125 2292.644287109375
97.62960815429688 1338.565673828125 296.2560729980469 1478.007568359375
98.55339050292969 1571.5528564453125 316.1426086425781 1725.0078125
44.6746826171875 635.3861083984375 1134.0902099609375 1248.310546875
666.044921875 2182.9345703125 805.8696899414062 2294.48876953125
103.57366180419922 2182.712646484375 190.11056518554688 2292.84814453125
107.14457702636719 427.6297912597656 156.71107482910156 475.49957275390625
95.85602569580078 1805.2052001953125 1082.7701416015625 1951.9224853515625
351.4830627441406 429.0891418457031 503.0392150878906 477.3870849609375
862.0400390625 1571.0858154296875 1078.785400390625 1725.0343017578125
171.63340759277344 430.0914001464844 316.47894287109375 476.9123229980469
97.73159790039062 256.9371032714844 251.13449096679688 303.6481018066406
538.7642822265625 428.21087646484375 754.3023071289062 478.1185607910156
352.2110595703125 1571.5540771484375 569.7692260742188 1724.5489501953125
98.10274505615234 1571.3212890625 316.1087341308594 1724.4306640625
97.89312744140625 1335.9036865234375 1083.17822265625 1483.087646484375
