217.0743865966797 1008.314697265625 591.4908447265625 1054.558349609375
1056.2061767578125 108.59587097167969 1111.79296875 166.430419921875
51.196964263916016 961.4781494140625 188.99932861328125 1100.8314208984375
216.6520233154297 1201.1053466796875 423.87255859375 1249.865966796875
41.016754150390625 114.14266204833984 102.41058349609375 161.70339965820312
1068.21044921875 690.4159545898438 1122.833984375 747.5466918945312
49.482139587402344 341.1575012207031 344.0970153808594 598.459716796875
1067.483154296875 1194.7296142578125 1122.6690673828125 1252.1083984375
315.30035400390625 1333.970703125 382.9947814941406 1401.1370849609375
48.52476119995117 648.5409545898438 343.98583984375 909.6236572265625
50.02592086791992 648.4148559570312 190.0092315673828 789.5604248046875
1067.3636474609375 1002.3797607421875 1123.13720703125 1059.5225830078125
144.54893493652344 65.59398651123047 1013.2766723632812 211.3571014404297
216.7659149169922 697.263427734375 424.0924072265625 744.454833984375
421.2260437011719 1340.613525390625 758.4442138671875 1398.16552734375
379.1018981933594 2371.51416015625 800.7811279296875 2396.383056640625
51.206390380859375 961.42724609375 189.05813598632812 1100.7396240234375
49.77042007446289 298.8477783203125 1131.322021484375 468.2209167480469
50.27625274658203 1152.5430908203125 189.45176696777344 1294.36181640625
