94.34236907958984 1579.0626220703125 659.3902587890625 1905.4427490234375
108.89035034179688 2470.899169921875 206.60215759277344 2613.904052734375
779.5033569335938 2469.26708984375 888.3943481445312 2615.748046875
318.5635681152344 2575.657958984375 460.4112854003906 2617.350341796875
94.86801147460938 1189.5767822265625 246.70745849609375 1340.810546875
671.1860961914062 403.9067687988281 1011.6668090820312 536.8715209960938
108.89035034179688 2576.843994140625 206.60215759277344 2613.904052734375
95.00125885009766 1578.955078125 246.2716522216797 1730.8341064453125
94.82537078857422 799.3235473632812 247.37353515625 949.5955200195312
94.34236907958984 1834.3106689453125 659.3902587890625 1905.4427490234375
94.60089111328125 1385.6319580078125 246.98118591308594 1535.8187255859375
292.58251953125 1673.84619140625 526.3444213867188 1717.21826171875
95.7927474975586 404.5490417480469 626.6610107421875 536.7592163085938
292.60064697265625 1591.3631591796875 672.0140991210938 1645.5726318359375
95.24333953857422 2152.08642578125 277.08502197265625 2334.831298828125
95.12371063232422 994.7660522460938 246.85174560546875 1146.152099609375
1006.9625244140625 2574.977294921875 1141.239990234375 2616.4072265625
1040.817138671875 2190.960205078125 1147.6300048828125 2297.00439453125
779.5033569335938 2574.915283203125 888.3943481445312 2615.748046875
507.3124084472656 1963.7449951171875 880.9749145507812 2061.32275390625
553.9150390625 2574.57861328125 664.8837890625 2614.3974609375
293.5268859863281 1090.1029052734375 526.718505859375 1131.648193359375
292.7871398925781 1479.189208984375 526.1919555664062 1521.727294921875
94.63587951660156 1965.257080078125 470.0411682128906 2062.461669921875
293.5612487792969 894.306640625 527.4732666015625 936.5300903320312
322.80914306640625 2179.921142578125 740.7982788085938 2310.48583984375
94.66107177734375 800.0387573242188 247.17161560058594 949.6806030273438
112.08810424804688 44.23894119262695 192.63685607910156 88.12232971191406
970.6135864257812 47.970767974853516 1032.317138671875 90.70662689208984
293.58563232421875 1004.6805419921875 940.8973388671875 1061.665283203125
293.9261779785156 1203.2645263671875 503.0726013183594 1255.3424072265625
95.22333526611328 670.3108520507812 611.0667724609375 746.3150024414062
918.0626831054688 1963.894287109375 1241.4093017578125 2110.560302734375
292.98016357421875 801.98779296875 868.2689208984375 865.0443725585938
94.7733383178711 1579.0626220703125 246.46157836914062 1730.4449462890625
507.19000244140625 1963.8594970703125 881.4989624023438 2061.804443359375
95.42341613769531 2153.0029296875 276.5605773925781 2333.830810546875
113.80084991455078 2470.899169921875 200.91458129882812 2561.94873046875
292.99920654296875 1386.81982421875 827.0050659179688 1452.6412353515625
94.86973571777344 1189.99951171875 246.47010803222656 1340.6173095703125
150.0440216064453 437.25091552734375 413.23809814453125 494.6111145019531
324.8343811035156 2265.293212890625 618.195068359375 2307.548583984375
1046.5615234375 45.97417068481445 1095.4749755859375 86.44583892822266
797.8016967773438 2469.26708984375 876.6566162109375 2561.6787109375
1117.0220947265625 53.09328842163086 1184.581298828125 83.13346099853516
293.3137512207031 1285.2266845703125 526.1993408203125 1326.93701171875
1116.64501953125 51.85685729980469 1184.9853515625 84.11622619628906
94.3692626953125 1965.3052978515625 470.3342590332031 2062.5556640625
94.8320541381836 198.282470703125 511.67010498046875 300.3691101074219
324.4661865234375 2181.586669921875 739.2925415039062 2239.01611328125
901.9158325195312 2208.9287109375 972.8875122070312 2274.9443359375
1041.0770263671875 2191.548583984375 1147.45751953125 2296.234375
