47.823150634765625 1454.4517822265625 179.80032348632812 1551.565673828125
283.3920593261719 1455.45751953125 428.3544006347656 1549.25439453125
522.8875122070312 1455.515869140625 684.2650756835938 1548.393310546875
47.823150634765625 1521.9453125 179.80032348632812 1551.565673828125
554.3777465820312 1240.7698974609375 652.7605590820312 1268.57958984375
546.4937133789062 861.6659545898438 637.2547607421875 885.4267578125
79.1947021484375 1233.092529296875 352.15728759765625 1262.0093994140625
78.99964141845703 1103.8939208984375 200.5009307861328 1136.67431640625
78.6574478149414 572.8692626953125 192.9876251220703 599.062744140625
543.7479858398438 477.2723693847656 640.18798828125 509.359619140625
283.3920593261719 1521.6671142578125 428.3544006347656 1549.25439453125
79.69355010986328 852.973876953125 352.17022705078125 882.0630493164062
79.07379913330078 722.7619018554688 201.0945281982422 757.1893920898438
639.5784912109375 168.89816284179688 701.5780639648438 232.64015197753906
95.31370544433594 726.7725830078125 160.87820434570312 748.814697265625
47.801719665527344 368.2978820800781 229.52406311035156 405.90533447265625
78.71866607666016 951.92822265625 344.83868408203125 980.9478149414062
79.78024291992188 1374.326171875 318.83172607421875 1399.317626953125
78.72540283203125 1332.739990234375 198.02972412109375 1359.1229248046875
90.70491027832031 1454.4517822265625 136.66773986816406 1498.5830078125
80.42044067382812 613.7731323242188 328.5854797363281 639.29296875
522.8875122070312 1521.7186279296875 684.2650756835938 1548.393310546875
79.35594940185547 472.5816955566406 361.3575134277344 502.4095764160156
47.49991989135742 177.8558807373047 359.3626708984375 230.98696899414062
94.82867431640625 1107.07666015625 160.98263549804688 1129.0487060546875
340.7640380859375 1455.45751953125 381.6640319824219 1498.7119140625
67.9033432006836 30.730854034423828 120.17047119140625 60.717533111572266
601.0939331054688 1455.515869140625 642.7823486328125 1500.507080078125
80.19337463378906 994.3423461914062 333.62310791015625 1019.0604858398438
632.3370971679688 30.70241355895996 662.552490234375 58.10776901245117
78.26268768310547 950.791015625 344.8338317871094 1019.2803955078125
527.6430053710938 457.950439453125 654.4771728515625 522.4197387695312
586.8370971679688 32.31231689453125 623.7322998046875 60.13717269897461
673.9252319335938 33.06809616088867 718.2916259765625 57.99216079711914
80.37125396728516 1044.3900146484375 276.3592529296875 1056.187744140625
530.0879516601562 1245.994873046875 550.1314086914062 1265.9788818359375
