666.27734375 2196.709228515625 804.6674194335938 2307.392822265625
986.4268798828125 2196.23828125 1074.122802734375 2305.121337890625
390.2258605957031 2201.482177734375 491.5657653808594 2308.04052734375
47.1535530090332 817.20703125 1133.02734375 1057.1182861328125
50.384918212890625 695.8076171875 579.3506469726562 763.8272705078125
47.82963562011719 70.9421615600586 273.5712890625 144.6608428955078
46.88810729980469 1102.5654296875 1132.3380126953125 1346.854248046875
47.26979064941406 1725.7110595703125 1117.04296875 2133.87646484375
102.38961029052734 2195.539794921875 188.7060546875 2305.9619140625
47.000030517578125 1680.45751953125 1131.5732421875 1921.9921875
47.40793991088867 170.89016723632812 1131.8245849609375 619.4129638671875
46.74736404418945 1391.0223388671875 1132.5892333984375 1634.414794921875
