335.50799560546875 281.0182800292969 360.8215637207031 432.4258728027344
335.1977844238281 281.0182800292969 360.7427978515625 318.1761474609375
335.76416015625 145.99847412109375 360.5026550292969 182.9228057861328
335.1977844238281 145.99847412109375 360.7427978515625 318.1761474609375
335.1289367675781 623.2772216796875 360.55743408203125 660.1892700195312
335.50799560546875 395.07708740234375 360.8215637207031 432.4258728027344
335.1106872558594 395.07708740234375 360.6907043457031 546.4056396484375
335.1289367675781 508.9936828613281 360.55743408203125 660.1892700195312
335.1106872558594 508.9936828613281 360.6907043457031 546.4056396484375
67.68780517578125 305.4219665527344 293.0478210449219 344.2276916503906
68.00563049316406 647.8327026367188 292.808837890625 686.1327514648438
67.76505279541016 419.8768005371094 292.788818359375 458.1637878417969
15.776981353759766 506.88427734375 52.17922592163086 544.354736328125
15.224465370178223 620.8099975585938 51.9002571105957 658.21142578125
67.95903778076172 533.88720703125 293.0973205566406 572.119140625
39.850067138671875 753.9420166015625 149.9815216064453 770.7220458984375
15.556249618530273 278.7499084472656 52.50107955932617 316.44805908203125
67.2861328125 170.37586975097656 293.1695251464844 225.5698699951172
338.487548828125 281.0182800292969 355.4947204589844 298.88677978515625
338.56640625 145.99847412109375 355.7815856933594 163.74713134765625
68.1887435913086 145.55799865722656 134.3075408935547 162.8770294189453
338.2373046875 623.2772216796875 355.4264221191406 640.9837036132812
338.4349060058594 395.07708740234375 355.4253845214844 413.03717041015625
338.2654113769531 508.9936828613281 355.42474365234375 526.6188354492188
68.32876586914062 279.96697998046875 111.95244598388672 296.0080261230469
67.75729370117188 354.7445983886719 148.85752868652344 372.2959899902344
17.052780151367188 87.31727600097656 143.02890014648438 106.14921569824219
67.7054214477539 393.9319152832031 139.97500610351562 411.4069519042969
15.084487915039062 144.14010620117188 53.06801986694336 182.79336547851562
316.0314636230469 15.579275131225586 331.033447265625 29.60950469970703
68.4366683959961 507.9701843261719 101.23764038085938 524.2265625
67.412109375 240.415771484375 194.19911193847656 259.2815856933594
67.32562255859375 468.3994445800781 193.59658813476562 487.6477966308594
335.76416015625 169.41104125976562 360.5026550292969 182.9228057861328
335.1289367675781 646.1537475585938 360.55743408203125 660.1892700195312
316.7536926269531 743.3184814453125 357.3985900878906 783.1979370117188
67.42716979980469 696.8482055664062 193.76206970214844 715.337158203125
20.876707077026367 146.96600341796875 49.884498596191406 180.97915649414062
16.322406768798828 394.4709167480469 51.098270416259766 429.4793701171875
335.50799560546875 417.86865234375 360.8215637207031 432.4258728027344
67.78201293945312 622.5355834960938 135.76463317871094 639.618896484375
67.25257110595703 582.6320190429688 193.7157745361328 601.4021606445312
329.272216796875 82.01483154296875 359.61407470703125 112.09811401367188
67.28966522216797 583.0494384765625 179.2655487060547 601.042236328125
16.480497360229492 741.0816040039062 360.79156494140625 785.9190063476562
67.46585845947266 353.9728698730469 193.68606567382812 373.9789123535156
67.65426635742188 393.516357421875 297.6378173828125 413.0576477050781
335.1977844238281 304.1953430175781 360.7427978515625 318.1761474609375
335.1106872558594 532.444580078125 360.6907043457031 546.4056396484375
68.21721649169922 506.73626708984375 306.36346435546875 526.2116088867188
