82.09403228759766 635.2522583007812 304.75323486328125 783.4157104492188
134.00579833984375 460.0978088378906 239.65077209472656 474.63616943359375
24.905458450317383 285.348388671875 54.540584564208984 297.8857116699219
25.397972106933594 556.9537963867188 349.52874755859375 606.51904296875
25.306161880493164 621.5633544921875 349.7596435546875 672.0072021484375
82.22103118896484 765.0464477539062 112.03244018554688 781.6979370117188
25.479644775390625 491.8125 349.8343200683594 541.9553833007812
100.89569854736328 635.2522583007812 113.51591491699219 657.1719360351562
103.65486145019531 506.2256164550781 123.97177124023438 527.346435546875
25.07090950012207 377.3853759765625 350.11431884765625 428.4453125
252.0330047607422 766.0064086914062 304.193603515625 783.0514526367188
82.09403228759766 764.97802734375 304.75323486328125 783.4157104492188
40.53203201293945 324.4801940917969 74.59416961669922 338.36737060546875
25.298572540283203 307.8448181152344 349.9811706542969 357.65911865234375
135.95286560058594 572.5422973632812 260.9945983886719 589.6614379882812
122.08477020263672 636.9608154296875 272.7563781738281 653.5706787109375
122.69915771484375 766.1259155273438 247.8809051513672 781.76708984375
108.2357177734375 570.8052978515625 126.25564575195312 592.631103515625
85.41382598876953 198.37588500976562 271.66900634765625 233.2183074951172
85.38896179199219 162.90084838867188 289.2662353515625 233.88824462890625
134.10496520996094 507.16693115234375 267.4509582519531 524.4403076171875
119.04255676269531 393.92645263671875 254.2915802001953 410.8708190917969
0.7605850696563721 1.354675054550171 374.2821044921875 258.5730895996094
