72.36937713623047 2159.70556640625 296.2501220703125 2249.489013671875
1112.15625 1306.15576171875 1174.30126953125 1376.99658203125
1117.66552734375 52.7598876953125 1183.1541748046875 83.22616577148438
533.8825073242188 1611.3294677734375 579.9281005859375 1646.6531982421875
896.04443359375 2186.70947265625 932.4225463867188 2225.52783203125
72.87335968017578 1801.8685302734375 330.1136779785156 1846.99267578125
679.71484375 910.9065551757812 868.5740966796875 1117.8115234375
320.7179870605469 2147.876708984375 567.5873413085938 2249.73828125
320.7481689453125 2148.36279296875 566.2501220703125 2250.36376953125
93.47730255126953 915.3360595703125 200.35903930664062 1117.7435302734375
141.6063995361328 199.72280883789062 489.2783203125 270.92132568359375
72.89728546142578 831.048095703125 355.3609313964844 875.8402099609375
578.3585205078125 2159.126708984375 842.1376953125 2249.65087890625
71.2595443725586 544.86328125 295.9022521972656 590.1133422851562
71.68260192871094 1314.72412109375 396.2134704589844 1374.070556640625
490.54266357421875 899.8906860351562 643.4537353515625 1118.7054443359375
909.2525024414062 895.360107421875 1065.4644775390625 1055.6920166015625
490.87030029296875 899.283203125 643.64697265625 1118.7054443359375
666.5947265625 1597.895263671875 881.328369140625 1653.8167724609375
71.16459655761719 1599.0069580078125 291.126220703125 1653.0120849609375
283.4725646972656 903.7384643554688 434.148193359375 1118.1793212890625
1046.250732421875 47.33647155761719 1095.9620361328125 86.80924224853516
664.9268798828125 1517.7830810546875 847.3692016601562 1562.0340576171875
71.76107025146484 1517.87939453125 291.59991455078125 1562.371337890625
71.94445037841797 1232.9752197265625 174.54905700683594 1277.0821533203125
967.5462646484375 48.425174713134766 1031.0762939453125 90.72454071044922
71.1985092163086 2409.71044921875 1172.014892578125 2576.2607421875
71.32552337646484 2087.818115234375 212.11929321289062 2133.57763671875
