578.3574829101562 1364.1220703125 777.9638671875 1411.574462890625
393.2684326171875 646.5010986328125 541.2676391601562 834.9539794921875
52.376468658447266 176.77349853515625 277.42132568359375 305.64495849609375
746.8018188476562 650.6535034179688 870.4615478515625 840.55224609375
481.3525695800781 1956.5247802734375 553.48291015625 2025.920654296875
1087.406005859375 2491.988037109375 1143.9068603515625 2548.394287109375
112.02468872070312 44.291839599609375 192.6481170654297 88.221923828125
70.47997283935547 395.8200378417969 324.5859680175781 446.361083984375
212.26011657714844 1962.968505859375 394.172607421875 2010.11669921875
170.41961669921875 1706.60009765625 1025.14208984375 1784.1480712890625
578.3421630859375 1963.7869873046875 777.5800170898438 2011.17822265625
129.0045166015625 1959.5906982421875 189.32553100585938 2022.28466796875
170.37185668945312 1208.0404052734375 722.8803100585938 1259.3489990234375
212.8549041748047 1363.4854736328125 394.15631103515625 1410.745361328125
1088.59326171875 678.9373779296875 1169.435791015625 720.4833374023438
280.6298522949219 745.9022827148438 315.5699462890625 790.1887817382812
827.4547119140625 403.2110595703125 1172.47802734375 536.8446044921875
333.4557189941406 2486.83251953125 398.2692565917969 2549.73876953125
170.70213317871094 1109.204833984375 998.6146850585938 1180.4884033203125
131.50747680664062 1594.372802734375 314.6531066894531 1640.8509521484375
853.1128540039062 2491.14306640625 911.1234741210938 2550.07373046875
71.20672607421875 467.99127197265625 287.5654602050781 541.076171875
550.680908203125 2445.5732421875 697.451171875 2592.294921875
169.77410888671875 1808.1778564453125 722.4957885742188 1860.073486328125
132.45225524902344 995.1190795898438 288.5481262207031 1039.68701171875
1066.0440673828125 190.4337615966797 1156.40576171875 299.4090270996094
576.402099609375 644.936279296875 722.0318603515625 835.7053833007812
71.77700805664062 680.2569580078125 170.29554748535156 721.8299560546875
923.267333984375 679.305419921875 997.2777709960938 721.3107299804688
1046.7376708984375 45.892974853515625 1095.22119140625 86.73654174804688
970.3721923828125 47.84917449951172 1032.55126953125 91.08332824707031
74.60861206054688 2130.497314453125 1169.8680419921875 2390.061767578125
261.6314697265625 679.6619873046875 332.3144836425781 719.9564819335938
