22.949182510375977 1882.8253173828125 347.31549072265625 2179.579833984375
25.601089477539062 681.23046875 1155.62548828125 804.878173828125
368.37347412109375 373.23590087890625 1092.555419921875 563.2407836914062
23.87087631225586 333.45465087890625 347.8943176269531 656.5599365234375
1006.4447021484375 2203.313232421875 1113.86474609375 2323.1669921875
858.0181884765625 519.5206909179688 1151.4425048828125 567.0447387695312
81.77294158935547 2204.359130859375 152.1330108642578 2321.820556640625
866.1882934570312 39.13111877441406 987.541015625 162.69969177246094
371.2911376953125 1025.98291015625 1152.412353515625 1082.65771484375
469.25103759765625 32.34318161010742 715.982177734375 165.14862060546875
24.755237579345703 1713.340087890625 1155.0699462890625 1837.3663330078125
290.6746826171875 2204.1875 415.2935791015625 2324.043701171875
375.3551330566406 1088.343994140625 444.41900634765625 1128.6728515625
23.115150451660156 1365.6793212890625 346.4737548828125 1689.8597412109375
792.0017700195312 2203.251708984375 854.7310180664062 2321.197021484375
877.9984130859375 213.8272705078125 1129.0198974609375 262.99151611328125
368.4846496582031 889.6976318359375 1144.329345703125 1079.759033203125
553.2440795898438 2202.57373046875 621.3204956054688 2322.8125
368.3297424316406 1405.8389892578125 1122.4501953125 1595.625
1011.5282592773438 40.297550201416016 1130.4005126953125 162.8480224609375
374.76141357421875 573.0773315429688 444.5177307128906 612.9387817382812
25.913105010986328 1196.8785400390625 1154.9810791015625 1319.9305419921875
26.892864227294922 856.1795043945312 336.3213806152344 1172.2440185546875
45.99474334716797 211.1571807861328 99.5037612915039 265.96240234375
856.8860473632812 1553.03857421875 1151.4443359375 1597.70458984375
46.66103744506836 38.93805694580078 168.2208709716797 162.127197265625
368.59521484375 1922.9169921875 1132.06298828125 2112.570556640625
