49.440059661865234 324.246337890625 346.1627197265625 423.2489013671875
45.25226593017578 1813.14697265625 491.3726501464844 1983.351806640625
1006.7425537109375 2194.1513671875 1112.788818359375 2314.32275390625
50.1298713684082 169.25277709960938 1134.892333984375 290.46435546875
372.90155029296875 323.71038818359375 628.880615234375 423.5149230957031
1043.5894775390625 1799.889404296875 1177.82666015625 1971.8155517578125
80.89498901367188 2194.274658203125 152.61093139648438 2312.89892578125
44.936737060546875 637.5542602539062 1028.71435546875 737.137939453125
551.130859375 1315.62255859375 1018.1629028320312 1781.460205078125
550.4161376953125 1800.1710205078125 993.5001831054688 1972.15234375
46.09109115600586 946.8817138671875 878.957275390625 992.5352172851562
45.210716247558594 1322.063232421875 521.7471313476562 1789.04833984375
552.7363891601562 2193.955810546875 620.8480224609375 2313.90673828125
792.76953125 2194.582763671875 854.4207763671875 2312.39306640625
1044.7291259765625 1313.025634765625 1178.377685546875 1782.83984375
47.346214294433594 523.2786865234375 980.3330688476562 603.1756591796875
49.047088623046875 1166.993896484375 526.3078002929688 1236.92724609375
290.0751953125 2195.27392578125 415.38726806640625 2315.242431640625
962.3798217773438 1182.67578125 1131.6181640625 1235.4263916015625
655.4551391601562 323.7552185058594 1121.216796875 424.2071838378906
48.321266174316406 786.7376098632812 557.2871704101562 909.0606689453125
1010.106689453125 31.173616409301758 1131.176513671875 151.41542053222656
