215.82762145996094 1740.7144775390625 469.63909912109375 1789.601318359375
47.426856994628906 2044.0677490234375 993.3344116210938 2096.522705078125
48.946475982666016 1868.3887939453125 445.3174133300781 1943.93212890625
552.22802734375 2187.26953125 620.1978759765625 2307.08740234375
867.48974609375 23.246227264404297 986.7388916015625 146.22714233398438
1006.1810302734375 2187.763916015625 1114.1016845703125 2307.782470703125
42.129364013671875 1421.7591552734375 1161.9683837890625 1562.8258056640625
923.5618286132812 1200.171630859375 1132.2069091796875 1321.941162109375
46.72121047973633 22.57396697998047 167.8429412841797 145.46051025390625
1010.7616577148438 1653.893310546875 1130.3885498046875 1773.4447021484375
289.83154296875 2188.402587890625 415.24505615234375 2308.5048828125
1042.486083984375 163.38833618164062 1154.4732666015625 226.89263916015625
792.9049682617188 2188.245849609375 853.3316650390625 2305.8779296875
399.2906494140625 1132.6962890625 506.00848388671875 1174.08203125
741.4351196289062 309.1920471191406 1012.4237060546875 382.3673095703125
48.4842643737793 1989.7938232421875 442.2406005859375 2035.8729248046875
770.344482421875 531.5127563476562 1114.9495849609375 616.1987915039062
90.15008544921875 2273.584716796875 145.35623168945312 2306.474609375
213.21080017089844 1632.84716796875 933.5271606445312 1789.534912109375
722.5770874023438 23.423418045043945 841.8760986328125 145.40692138671875
51.02256393432617 1643.3365478515625 188.63650512695312 1785.6834716796875
1012.0704345703125 23.302778244018555 1131.617431640625 144.9875946044922
74.48638153076172 724.2827758789062 229.94100952148438 764.2494506835938
0.5340682864189148 173.01705932617188 81.43445587158203 223.7283172607422
822.2154541015625 687.8497924804688 998.3785400390625 741.7048950195312
519.1436157226562 4.688854217529297 661.6306762695312 150.64834594726562
