349.8567810058594 679.5143432617188 434.87030029296875 721.7033081054688
49.10511779785156 1932.826904296875 190.58309936523438 2074.590576171875
243.33421325683594 618.9833984375 365.4600524902344 666.2409057617188
238.6650390625 1001.6277465820312 527.8800048828125 1108.2750244140625
290.4412536621094 2198.369140625 416.90869140625 2317.632080078125
553.0772705078125 2196.42236328125 621.5673217773438 2316.752685546875
793.3311767578125 2197.670654296875 855.5999145507812 2314.921142578125
240.99588012695312 425.5881652832031 407.675048828125 474.4675598144531
932.837646484375 48.519874572753906 994.8049926757812 110.78370666503906
49.27657699584961 1173.65625 190.29318237304688 1315.36865234375
48.40913772583008 404.7498474121094 191.48431396484375 547.5391235351562
242.5224609375 486.59197998046875 527.3550415039062 530.0432739257812
1006.3577880859375 2196.743408203125 1114.28076171875 2317.030517578125
46.4459342956543 66.74974822998047 192.3002471923828 365.6377868652344
48.40457534790039 789.2694702148438 190.91311645507812 930.714599609375
215.98712158203125 51.577674865722656 538.8743286132812 231.58291625976562
242.31182861328125 811.0794067382812 406.55047607421875 859.2730102539062
439.60772705078125 646.6022338867188 625.8262939453125 752.0692138671875
48.0796012878418 1824.62060546875 287.5601806640625 1892.0284423828125
48.66566467285156 981.7357788085938 190.6153564453125 1122.767578125
239.91055297851562 1192.293701171875 635.4923095703125 1300.871337890625
241.71728515625 1640.339599609375 598.0466918945312 1681.8404541015625
241.69680786132812 1978.396728515625 406.86614990234375 2028.091552734375
240.2717742919922 1578.1475830078125 406.46881103515625 1626.40673828125
241.4351043701172 871.4100341796875 561.86181640625 914.0775146484375
82.01592254638672 2198.552734375 151.93251037597656 2316.160888671875
241.89505004882812 679.7659912109375 313.29949951171875 720.7747802734375
844.0908813476562 79.944091796875 965.46240234375 200.43911743164062
48.988548278808594 1365.671875 190.9587860107422 1507.015625
239.8802947998047 1384.3323974609375 527.0737915039062 1491.2724609375
1012.7439575195312 81.17347717285156 1132.2357177734375 200.62472534179688
48.173011779785156 1557.452880859375 190.62318420410156 1698.5548095703125
48.014930725097656 596.749755859375 191.07627868652344 738.7901611328125
