38.27800750732422 943.89990234375 1134.274169921875 1154.468505859375
36.990234375 654.558349609375 1135.8289794921875 920.982177734375
1007.664306640625 1959.88623046875 1099.933837890625 2075.146484375
695.3599243164062 1961.2181396484375 984.4735717773438 2079.985107421875
494.705078125 2105.043212890625 673.8292846679688 2280.5341796875
384.22979736328125 1961.5980224609375 672.5744018554688 2076.435302734375
58.73715591430664 142.94265747070312 852.5309448242188 266.7726745605469
780.6605224609375 1177.4471435546875 1127.638427734375 1387.4117431640625
695.0977783203125 1962.0377197265625 984.2032470703125 2079.694091796875
37.97471618652344 1534.394287109375 1136.212158203125 1804.705078125
383.5623779296875 1962.40966796875 672.41064453125 2075.836669921875
37.07273483276367 1178.2535400390625 382.75048828125 1387.0623779296875
407.5005187988281 1178.3594970703125 754.5509643554688 1387.3660888671875
494.8749084472656 2104.65380859375 674.174072265625 2281.12744140625
90.0295639038086 1871.7528076171875 424.1112976074219 1924.576416015625
70.40008544921875 1961.47021484375 360.1370544433594 2077.082763671875
746.1008911132812 1527.3564453125 1133.747802734375 1802.9100341796875
60.54413986206055 289.26171875 535.4540405273438 358.2782897949219
1007.6209716796875 1960.7467041015625 1099.8648681640625 2074.39990234375
70.7626953125 1961.5360107421875 359.4125671386719 2077.685791015625
