111.67916107177734 83.8005599975586 331.1983337402344 234.94508361816406
308.56024169921875 589.640380859375 353.5011901855469 643.5888671875
19.70201873779297 85.88714599609375 64.70076751708984 188.9810791015625
27.694835662841797 357.8857727050781 252.64901733398438 607.2095947265625
35.74808120727539 69.88483428955078 120.49589538574219 150.3224334716797
140.09921264648438 573.6929321289062 355.2665100097656 620.0397338867188
156.02911376953125 589.76318359375 217.39149475097656 607.2095947265625
308.4919128417969 259.53607177734375 353.4817199707031 272.8504943847656
20.573022842407227 286.8277587890625 176.27308654785156 343.0233459472656
20.911205291748047 710.0443725585938 354.9290771484375 762.563232421875
228.6190948486328 590.325927734375 321.8440856933594 605.7099609375
27.953590393066406 357.6973876953125 252.54928588867188 527.7569580078125
95.9774398803711 202.22776794433594 355.3975524902344 249.3911590576172
124.10908508300781 98.44786071777344 158.03787231445312 111.45274353027344
72.15419006347656 728.3800659179688 143.58456420898438 745.1490478515625
19.574615478515625 545.2891235351562 64.53240203857422 558.6837158203125
32.59169006347656 11.06802749633789 58.370059967041016 25.644412994384766
35.74808120727539 136.06504821777344 120.49589538574219 150.3224334716797
73.70256042480469 305.4657287597656 161.3814239501953 323.4496154785156
19.70201873779297 175.73312377929688 64.70076751708984 188.9810791015625
123.8125991821289 74.44723510742188 209.0714874267578 91.08842468261719
22.44700813293457 0.3467257022857666 66.59199523925781 35.75729751586914
316.1430358886719 724.694091796875 337.1375732421875 746.3112182617188
308.56024169921875 630.5570678710938 353.5011901855469 643.5888671875
20.051708221435547 136.92457580566406 140.96578979492188 165.03787231445312
36.7618408203125 724.505126953125 58.62659454345703 747.029052734375
286.6774597167969 632.0341796875 303.5763244628906 642.7152709960938
291.4659423828125 83.8005599975586 314.8914794921875 103.78445434570312
326.083984375 589.640380859375 341.8075256347656 605.4563598632812
286.7715148925781 261.0362854003906 303.3147277832031 271.3283996582031
22.32697296142578 85.88714599609375 41.570213317871094 101.80642700195312
336.36962890625 12.374588966369629 358.8606872558594 24.866849899291992
27.694835662841797 357.8857727050781 252.64901733398438 527.6494140625
111.67916107177734 217.17922973632812 331.1983337402344 234.94508361816406
293.09735107421875 12.424064636230469 311.4622802734375 26.300457000732422
64.19340515136719 69.88483428955078 111.68279266357422 117.8947525024414
123.2683334350586 73.8893051147461 209.2786865234375 111.70298767089844
331.8548583984375 82.0460433959961 354.3879089355469 105.20057678222656
286.38909912109375 260.82598876953125 303.5116882324219 271.8162841796875
286.5899963378906 631.8699951171875 303.6704406738281 642.8532104492188
279.0547790527344 0.6331039071083069 370.92144775390625 40.656517028808594
