577.090087890625 208.7780303955078 930.107666015625 276.0833435058594
51.964378356933594 201.55116271972656 145.8857421875 277.4941101074219
638.1162109375 1.367620825767517 795.5037231445312 142.77662658691406
46.3458251953125 498.61358642578125 1394.22998046875 662.3839721679688
200.03506469726562 547.8123168945312 678.896728515625 614.2633666992188
916.891845703125 1991.611083984375 1009.808837890625 2024.9288330078125
154.86253356933594 386.6405029296875 380.7899169921875 434.83892822265625
105.52898406982422 44.71821594238281 196.77516174316406 98.40386962890625
298.96075439453125 48.60858154296875 337.4747009277344 97.10792541503906
104.80419158935547 44.23331832885742 265.2574157714844 98.87586212158203
90.26351165771484 538.3732299804688 155.6046142578125 610.1990356445312
1310.7642822265625 47.2313117980957 1343.3411865234375 98.13690948486328
79.31442260742188 3.0581955909729004 277.0848693847656 142.5168914794922
