929.0590209960938 1234.23583984375 1074.534912109375 1422.076416015625
702.15869140625 1234.2109375 883.8056030273438 1421.425048828125
93.37458038330078 1260.8438720703125 240.08956909179688 1422.7225341796875
316.4233093261719 1235.3211669921875 438.12017822265625 1422.2237548828125
511.790771484375 1234.5673828125 652.2562255859375 1422.1756591796875
93.91236114501953 1486.8895263671875 240.78634643554688 1675.380859375
512.4384155273438 1487.3316650390625 656.2982177734375 1674.84375
93.37458038330078 1236.835693359375 240.08956909179688 1422.7225341796875
733.7322387695312 1488.3681640625 854.6665649414062 1673.9656982421875
929.0590209960938 1378.06787109375 1074.534912109375 1422.076416015625
512.4384155273438 1629.6881103515625 656.2982177734375 1674.84375
988.4035034179688 2307.1875 1050.9071044921875 2373.29150390625
93.91236114501953 1629.6441650390625 240.78634643554688 1675.380859375
763.46923828125 2309.410888671875 839.2598876953125 2375.339599609375
340.3114318847656 1378.182861328125 414.81689453125 1422.2237548828125
334.8038635253906 2307.355224609375 401.9600524902344 2374.032470703125
736.9409790039062 1632.0750732421875 849.122314453125 1673.9656982421875
93.37458038330078 1376.8929443359375 240.08956909179688 1422.7225341796875
116.00000762939453 2307.980224609375 186.83828735351562 2370.666748046875
549.2521362304688 2303.63671875 623.144287109375 2376.75634765625
941.336669921875 1234.23583984375 1063.5244140625 1354.64892578125
732.6949462890625 1234.2109375 854.743408203125 1356.214111328125
137.02638244628906 1260.8438720703125 213.83665466308594 1336.79833984375
732.8198852539062 1487.908935546875 855.3411254882812 1606.6552734375
316.6570739746094 1488.2542724609375 437.90655517578125 1606.5904541015625
936.6898803710938 54.93448257446289 986.248779296875 97.72197723388672
316.4233093261719 1235.3211669921875 438.12017822265625 1357.9473876953125
523.1810913085938 1234.5673828125 646.8272705078125 1357.19140625
340.4582824707031 1631.548828125 411.3258972167969 1674.1810302734375
106.99036407470703 1486.8895263671875 228.0403594970703 1608.073486328125
522.21337890625 1487.3316650390625 646.888671875 1606.893310546875
702.15869140625 1378.03076171875 883.8056030273438 1421.425048828125
853.4412841796875 55.38285446166992 917.5287475585938 100.64306640625
511.790771484375 1377.9886474609375 652.2562255859375 1422.1756591796875
1009.0518798828125 53.980777740478516 1086.8465576171875 99.1311264038086
108.04387664794922 1236.835693359375 228.7833251953125 1353.9222412109375
954.9673461914062 1023.001708984375 1024.759033203125 1087.363037109375
99.15196990966797 2.8127803802490234 283.69061279296875 147.52252197265625
1004.2833251953125 47.65456771850586 1091.5517578125 104.87674713134766
733.0479125976562 2285.831298828125 867.4530029296875 2403.419189453125
845.5567016601562 1022.4800415039062 896.0206298828125 1086.389892578125
90.27664184570312 963.4862670898438 1080.7161865234375 1146.015380859375
733.7322387695312 1488.3681640625 854.6665649414062 1605.522705078125
