17.33890151977539 0.33330798149108887 49.87092208862305 24.476804733276367
13.779108047485352 226.2390899658203 348.3114318847656 291.85272216796875
310.65625 27.385738372802734 348.447509765625 56.17091369628906
279.89764404296875 568.8248901367188 343.91534423828125 632.4271240234375
13.467296600341797 302.2507019042969 348.38177490234375 367.5644226074219
21.7673282623291 5.908432960510254 334.7467346191406 199.14645385742188
20.75373649597168 31.85437774658203 190.67422485351562 50.65993881225586
318.2315368652344 6.8601460456848145 340.759521484375 48.374725341796875
12.880472183227539 74.4227294921875 348.32080078125 139.7380828857422
13.736547470092773 378.2251281738281 348.3084716796875 443.812744140625
13.793914794921875 150.37197875976562 348.1671142578125 215.14724731445312
14.100447654724121 453.9729309082031 348.2944030761719 519.8834838867188
14.115564346313477 530.920166015625 348.34979248046875 595.9393920898438
