240.78541564941406 2174.7470703125 392.7248840332031 2233.312744140625
54.66118621826172 1207.8905029296875 1392.60595703125 1472.0655517578125
238.02471923828125 2318.12353515625 451.72369384765625 2373.375
68.90359497070312 1.921987533569336 200.86085510253906 100.76927185058594
53.781166076660156 298.8645935058594 1393.279296875 558.0301513671875
1117.3704833984375 118.58204650878906 1198.836181640625 200.468017578125
56.041988372802734 1514.1407470703125 1392.018798828125 1775.7239990234375
1246.653076171875 108.2242660522461 1392.251220703125 225.29388427734375
111.07366943359375 2164.57421875 183.36375427246094 2241.093505859375
1273.515625 30.072948455810547 1363.4923095703125 192.31483459472656
3.7538909912109375 1812.8905029296875 1437.09423828125 2087.047607421875
1086.107666015625 27.326675415039062 1146.8585205078125 72.70372772216797
56.97895812988281 905.9290161132812 1392.7738037109375 1165.1820068359375
118.97339630126953 2441.03857421875 177.35986328125 2510.54248046875
237.83473205566406 2446.0361328125 405.6724853515625 2505.810302734375
57.75959014892578 602.1946411132812 1392.4888916015625 861.3723754882812
83.05841827392578 127.17330932617188 763.3624267578125 201.55239868164062
1182.8162841796875 24.74396514892578 1238.5380859375 71.79144287109375
