15.25628662109375 64.63300323486328 75.83109283447266 166.47903442382812
16.097421646118164 64.63300323486328 190.38824462890625 139.60545349121094
14.826411247253418 64.63300323486328 230.54652404785156 223.15171813964844
15.824063301086426 64.63300323486328 182.323486328125 222.8770751953125
69.64891052246094 486.3175354003906 121.0987777709961 537.7433471679688
83.10657501220703 146.2947540283203 156.8648681640625 171.7396697998047
15.25628662109375 151.08607482910156 75.83109283447266 166.47903442382812
264.75030517578125 348.2882080078125 320.16851806640625 362.5943603515625
58.545005798339844 416.2265319824219 349.2635192871094 472.39959716796875
16.097421646118164 118.77394104003906 190.38824462890625 139.60545349121094
59.58848571777344 392.5527038574219 128.9685821533203 408.5465393066406
95.19750213623047 153.71783447265625 144.8897247314453 165.08819580078125
14.826411247253418 187.29299926757812 230.54652404785156 223.15171813964844
201.12704467773438 286.69134521484375 374.36346435546875 318.98297119140625
74.384765625 251.86985778808594 174.19329833984375 268.04425048828125
170.71336364746094 487.47247314453125 189.27603149414062 505.84796142578125
29.234554290771484 526.7845458984375 42.5890007019043 540.829345703125
13.871549606323242 512.1061401367188 29.8515682220459 529.0283203125
76.45700073242188 347.5263977050781 118.29774475097656 363.4801025390625
69.64891052246094 524.5010375976562 121.0987777709961 537.7433471679688
33.20603561401367 502.98828125 54.35504150390625 524.1920776367188
16.24484634399414 390.1161193847656 51.40692138671875 427.2494201660156
309.9430847167969 111.14999389648438 371.92279052734375 175.57447814941406
134.88369750976562 485.1270751953125 153.26255798339844 507.6075744628906
16.38292694091797 247.8220672607422 65.94784545898438 271.2115783691406
16.526248931884766 64.63300323486328 39.519264221191406 87.12859344482422
32.98572540283203 10.15723705291748 72.53538513183594 41.87681579589844
340.07855224609375 769.897705078125 362.0645446777344 794.2697143554688
336.2823181152344 18.33743667602539 361.90478515625 31.897727966308594
16.199251174926758 286.849853515625 189.54818725585938 318.97833251953125
323.7667236328125 394.54736328125 344.9688720703125 406.7264709472656
183.0862579345703 768.2823486328125 207.10276794433594 794.0104370117188
25.214975357055664 769.8834228515625 52.61433792114258 795.3079833984375
19.905338287353516 391.21844482421875 48.64924240112305 425.68359375
311.6058349609375 64.71321868896484 334.1741943359375 87.48088073730469
61.288856506347656 485.94793701171875 82.74407958984375 507.08514404296875
98.4455795288086 486.3175354003906 118.1744155883789 507.48974609375
306.7294006347656 59.23200607299805 339.7032775878906 93.66535949707031
65.69962310791016 295.10113525390625 138.54318237304688 311.25665283203125
336.53851318359375 18.89012336730957 361.5489196777344 31.564720153808594
104.33623504638672 768.2122802734375 128.64630126953125 792.8956909179688
15.824063301086426 208.08847045898438 182.323486328125 222.8770751953125
311.94561767578125 19.010231018066406 328.8160400390625 32.432193756103516
227.82638549804688 294.58258056640625 346.2351989746094 310.8348693847656
12.193561553955078 148.1780242919922 80.38007354736328 172.69400024414062
