373.7617492675781 759.546875 403.2770080566406 792.1603393554688
373.9547119140625 459.04443359375 403.2603759765625 631.6123657226562
373.9397277832031 459.04443359375 403.2792663574219 491.967529296875
374.079345703125 459.04443359375 403.2715148925781 551.630859375
373.9561462402344 299.4057922363281 403.185791015625 411.7176513671875
373.9613952636719 299.4057922363281 403.14556884765625 331.874755859375
373.7617492675781 679.0707397460938 403.2770080566406 792.1603393554688
373.9886169433594 679.0707397460938 403.3026123046875 711.6636352539062
373.9886169433594 599.2459716796875 403.3026123046875 711.6636352539062
373.9547119140625 599.2459716796875 403.2603759765625 631.6123657226562
15.722820281982422 291.3526611328125 47.78984451293945 323.46185302734375
330.627685546875 827.634765625 353.4173583984375 850.9823608398438
374.7552490234375 827.6087646484375 397.1507263183594 851.0997314453125
17.803085327148438 828.5960083007812 123.79208374023438 844.6271362304688
17.202119827270508 372.20257568359375 46.10770034790039 404.0105285644531
333.3643798828125 618.0330200195312 354.24029541015625 632.3029174804688
16.143686294555664 591.114501953125 47.56540298461914 623.6447143554688
16.163829803466797 670.6912841796875 47.58058547973633 703.5570068359375
132.33494567871094 57.86020278930664 200.83847045898438 75.13062286376953
59.3436279296875 752.352783203125 107.28068542480469 766.4378662109375
15.711276054382324 751.7576293945312 47.28786849975586 783.962158203125
373.7617492675781 778.2857666015625 403.2770080566406 792.1603393554688
373.9886169433594 698.1500854492188 403.3026123046875 711.6636352539062
373.9547119140625 618.0003051757812 403.2603759765625 631.6123657226562
162.8026885986328 254.51205444335938 250.62571716308594 268.29742431640625
373.9561462402344 398.1809387207031 403.185791015625 411.7176513671875
373.9397277832031 478.21990966796875 403.2792663574219 491.967529296875
374.079345703125 538.09228515625 403.2715148925781 551.630859375
59.97047424316406 372.3214111328125 137.9086456298828 386.89654541015625
59.639564514160156 722.2820434570312 130.44383239746094 736.739501953125
373.9613952636719 318.1893005371094 403.14556884765625 331.874755859375
59.70836639404297 642.3226318359375 130.53628540039062 656.48388671875
349.00811767578125 14.764541625976562 365.2249450683594 27.844837188720703
176.69419860839844 776.640625 241.18418884277344 792.626708984375
59.777626037597656 342.0149230957031 130.62350463867188 356.54583740234375
60.05891418457031 593.0481567382812 120.99411010742188 606.4884033203125
59.76047897338867 615.82421875 104.73470306396484 633.6051025390625
59.598602294921875 532.611328125 340.02764892578125 550.0888061523438
134.4820098876953 396.38970947265625 299.9462890625 413.7040710449219
115.9578628540039 616.8939208984375 288.2307434082031 632.4963989257812
59.773216247558594 451.7062072753906 111.45268249511719 466.21142578125
59.40459442138672 472.47613525390625 337.8473815917969 490.47601318359375
15.402938842773438 512.0079345703125 47.60874938964844 544.508544921875
311.1579284667969 616.0015258789062 327.6838073730469 633.8444213867188
292.1371765136719 616.3423461914062 308.44915771484375 633.709228515625
16.96900749206543 452.75103759765625 45.95585250854492 483.8725891113281
59.91283416748047 672.6700439453125 113.40354919433594 685.85205078125
59.5015983581543 776.1299438476562 165.29649353027344 793.5465698242188
59.7493782043457 562.1730346679688 130.5589141845703 577.2021484375
59.685585021972656 312.6012268066406 338.5852966308594 330.7259216308594
375.2597961425781 16.719554901123047 397.0487060546875 27.78689193725586
17.302230834960938 517.870849609375 46.34453582763672 543.561279296875
60.16202163696289 512.1433715820312 101.66657257080078 526.0971069335938
60.154014587402344 292.48553466796875 133.00669860839844 306.1424255371094
323.5472412109375 15.299422264099121 343.7852783203125 29.422582626342773
382.0234680175781 759.546875 398.2894592285156 774.7261962890625
59.67264175415039 396.03521728515625 123.97441101074219 412.4147033691406
9.30323600769043 286.2945556640625 54.04191207885742 330.0516052246094
382.2165222167969 459.04443359375 398.0201416015625 474.29498291015625
382.0487976074219 299.4057922363281 398.1706848144531 315.04217529296875
382.186279296875 679.0707397460938 398.0723876953125 694.3948974609375
382.0661315917969 599.2459716796875 398.0081787109375 614.5698852539062
222.86129760742188 56.78193283081055 285.599609375 73.51663970947266
59.4556999206543 693.7551879882812 171.7810821533203 709.6793212890625
59.66472244262695 422.00396728515625 130.87533569335938 436.93707275390625
