80.96671295166016 2010.25927734375 518.6174926757812 2314.4921875
419.4988708496094 1884.383544921875 571.498779296875 1976.6573486328125
79.20333099365234 1884.6256103515625 230.4484100341797 1975.481201171875
249.21920776367188 1884.8548583984375 401.2187194824219 1976.0450439453125
624.4682006835938 652.6719970703125 781.9219360351562 737.3348388671875
588.9752197265625 1883.4195556640625 742.306396484375 1976.788818359375
272.0755310058594 653.2022705078125 430.1396179199219 737.2152709960938
96.7058334350586 652.9606323242188 253.73167419433594 737.2369384765625
449.1334533691406 653.02099609375 606.4095458984375 737.2786254882812
800.0946655273438 652.542236328125 917.3681640625 737.452392578125
517.89404296875 2273.05615234375 652.7627563476562 2313.84033203125
267.1895751953125 2273.4482421875 435.4329528808594 2314.4921875
933.724609375 653.046875 1059.525390625 737.4169311523438
929.8291015625 1883.6434326171875 1080.832275390625 1976.4998779296875
778.9121704101562 1382.5087890625 1134.5712890625 1584.05859375
34.116947174072266 1385.156005859375 394.6434020996094 1584.7935791015625
751.5318603515625 2273.098388671875 884.725341796875 2314.6533203125
407.31988525390625 1389.7373046875 765.904052734375 1585.107177734375
49.174461364746094 2274.592529296875 182.73715209960938 2313.484130859375
759.9371948242188 1883.943359375 910.6069946289062 1976.487548828125
80.99764251708984 2010.03466796875 518.4825439453125 2179.56640625
61.52153778076172 1481.607666015625 248.5585479736328 1525.67236328125
260.3738708496094 1819.535888671875 432.9148254394531 1859.21923828125
985.813720703125 2272.52978515625 1118.06298828125 2313.953369140625
453.2508239746094 440.1466064453125 618.3143920898438 476.39154052734375
84.36698150634766 1819.759765625 233.7842559814453 1860.514892578125
543.2901611328125 2010.670166015625 978.9894409179688 2178.949462890625
96.0775146484375 965.4765014648438 357.0092468261719 1020.336669921875
387.05328369140625 970.392333984375 788.7105102539062 1015.2280883789062
896.7052001953125 1758.29248046875 1085.3812255859375 1832.4852294921875
453.48211669921875 1906.7518310546875 531.5061645507812 1953.001220703125
496.322021484375 1262.268310546875 936.7842407226562 1307.7813720703125
98.57726287841797 817.7391967773438 369.61273193359375 869.59326171875
96.21574401855469 548.8821411132812 314.2664489746094 611.1580200195312
973.2124633789062 374.2413024902344 1093.0428466796875 465.47552490234375
784.3829345703125 373.8983154296875 904.341796875 465.4898376464844
116.07180786132812 1906.0511474609375 192.6654815673828 1953.212158203125
382.20709228515625 330.66143798828125 695.123291015625 492.1370544433594
690.7517700195312 338.3291320800781 1135.672607421875 503.7745056152344
993.075927734375 2009.267333984375 1131.900146484375 2178.147705078125
783.91943359375 428.26336669921875 903.2269287109375 464.672607421875
128.25753784179688 149.67018127441406 742.1182861328125 239.49765014648438
97.57951354980469 1066.8255615234375 1074.88134765625 1201.1402587890625
805.1660766601562 1480.5738525390625 984.9835205078125 1526.190185546875
608.3827514648438 817.2874755859375 882.6749877929688 869.7344360351562
83.84188079833984 1733.00732421875 433.7949523925781 1860.5013427734375
291.4181213378906 1261.55859375 447.7438049316406 1308.439208984375
966.0105590820312 1905.0428466796875 1041.709716796875 1953.963134765625
940.1531372070312 338.9931640625 1132.7930908203125 502.5560302734375
437.1441955566406 1407.892578125 625.472900390625 1463.93603515625
626.4064331054688 1905.4249267578125 699.9158325195312 1952.5584716796875
82.51904296875 369.665283203125 345.58685302734375 428.1190490722656
405.15008544921875 369.4576721191406 672.8563842773438 428.2154541015625
973.4740600585938 427.5060729980469 1091.402587890625 464.35723876953125
37.639244079589844 1237.5648193359375 1133.441162109375 1337.4398193359375
786.8614501953125 375.06884765625 900.2140502929688 419.7406005859375
433.3366394042969 1480.181640625 656.5171508789062 1525.5296630859375
657.0504150390625 1629.2681884765625 984.7918090820312 1881.12939453125
634.7950439453125 1408.45849609375 682.2097778320312 1457.2138671875
85.76679229736328 1734.8250732421875 431.09124755859375 1803.574951171875
80.96671295166016 2010.25927734375 518.6174926757812 2179.8017578125
94.64506530761719 965.8548583984375 1051.600341796875 1020.3284912109375
77.14794921875 365.0347595214844 350.68524169921875 462.4969177246094
978.5909423828125 375.3386535644531 1091.46240234375 420.99371337890625
46.36970901489258 333.98101806640625 367.60711669921875 475.8341979980469
807.7611083984375 1405.0556640625 1110.2987060546875 1465.6473388671875
