4.227661609649658 762.7311401367188 100.086669921875 809.8700561523438
24.233747482299805 141.89877319335938 130.19387817382812 183.8204803466797
313.0284423828125 762.593505859375 410.186767578125 809.75390625
143.58563232421875 141.94468688964844 259.8715515136719 183.744873046875
363.9434814453125 705.7023315429688 409.620849609375 752.6690673828125
24.466876983642578 225.20925903320312 172.0098114013672 245.9712371826172
65.93465423583984 273.10009765625 145.68231201171875 292.7403564453125
44.5975227355957 591.9569091796875 80.0078353881836 638.3198852539062
64.92189025878906 318.6064453125 166.4565887451172 337.9685974121094
4.146322250366211 591.6610717773438 39.2338752746582 638.2102661132812
270.2001037597656 141.72622680664062 384.9634094238281 183.7488555908203
69.73683166503906 74.37435150146484 144.02394104003906 94.71524810791016
340.61114501953125 227.91671752929688 391.5682373046875 243.3462371826172
24.332399368286133 648.3904418945312 59.688533782958984 694.81201171875
65.26060485839844 705.790771484375 100.18067169189453 752.2295532226562
375.11651611328125 591.4116821289062 409.9715270996094 638.1693725585938
210.05673217773438 591.5455932617188 245.2152099609375 638.3754272460938
313.8271484375 705.4926147460938 348.95562744140625 752.353271484375
3.75197172164917 705.4515991210938 49.99091720581055 752.7037353515625
252.02276611328125 591.5177001953125 287.107177734375 638.34375
271.87115478515625 705.5899658203125 307.11029052734375 752.2311401367188
106.96714782714844 705.5653686523438 142.3671112060547 752.3062744140625
169.4057159423828 591.8058471679688 204.1968994140625 638.3742065429688
86.51387786865234 591.651611328125 121.60773468017578 638.310546875
292.24554443359375 591.6627197265625 327.5488586425781 638.3921508789062
127.03712463378906 591.7019653320312 162.7912139892578 638.351806640625
354.6344299316406 648.150634765625 389.8318176269531 694.6498413085938
312.7342834472656 648.2736206054688 348.0658874511719 694.7177734375
185.21339416503906 778.1546630859375 227.64675903320312 795.1489868164062
189.3441162109375 705.7477416992188 224.662353515625 752.2071533203125
106.32820129394531 763.0574951171875 306.60101318359375 809.4739990234375
271.7635803222656 648.4370727539062 307.6624450683594 694.867919921875
229.99258422851562 705.531982421875 265.48443603515625 752.3638916015625
332.77093505859375 15.703227996826172 351.6667175292969 29.835201263427734
106.87255859375 648.1585693359375 142.35198974609375 694.8511352539062
230.04739379882812 648.2996215820312 265.4202575683594 694.7667236328125
334.1517028808594 591.5589599609375 369.3368835449219 638.3328857421875
65.04517364501953 648.487548828125 100.22257995605469 694.782470703125
188.22994995117188 152.48220825195312 245.1538848876953 171.51565551757812
147.66270446777344 648.3433837890625 183.11573791503906 694.753173828125
147.54251098632812 705.6488037109375 182.85696411132812 752.22119140625
65.99039459228516 364.1225280761719 155.87762451171875 383.5246887207031
189.4818115234375 648.4630126953125 224.5571746826172 694.7415771484375
376.2606201171875 16.72987937927246 397.33099365234375 28.438987731933594
27.26701545715332 835.6433715820312 53.654075622558594 862.0645751953125
139.8823699951172 881.6018676757812 273.92694091796875 889.3091430664062
69.2508544921875 152.44822692871094 115.92424774169922 171.67120361328125
355.2902526855469 15.279010772705078 370.673828125 28.83033561706543
396.36834716796875 141.3281707763672 413.97711181640625 183.49717712402344
25.447853088378906 364.96337890625 44.464111328125 384.681396484375
362.96533203125 835.1180419921875 380.67779541015625 863.1171264648438
