970.5255737304688 1207.3851318359375 1117.7330322265625 1352.424072265625
56.32106018066406 724.8585815429688 209.89451599121094 774.0948486328125
246.0308074951172 799.6961059570312 675.876953125 847.2193603515625
347.3142395019531 170.50506591796875 490.0004577636719 279.2374267578125
1022.76806640625 176.67678833007812 1144.2586669921875 269.7738952636719
55.45120620727539 2001.86962890625 289.0928649902344 2091.92431640625
969.9220581054688 632.8524780273438 1117.5322265625 778.240478515625
520.3109130859375 173.66778564453125 645.2197265625 272.0068054199219
1067.8736572265625 64.5657958984375 1133.717529296875 133.4839630126953
970.5350341796875 1206.980712890625 1117.92041015625 1352.688232421875
970.2670288085938 2327.409912109375 1116.615478515625 2421.146484375
57.17355728149414 633.4480590820312 347.9703369140625 691.3050537109375
843.662841796875 2194.606201171875 1010.6134033203125 2241.6611328125
524.8621215820312 1920.176025390625 889.4927978515625 1968.3543701171875
970.0642700195312 2327.639404296875 1116.5108642578125 2421.067626953125
54.90361022949219 2183.529296875 126.3979263305664 2252.251708984375
250.16220092773438 1921.7457275390625 495.3046875 1968.6597900390625
681.6776733398438 165.48472595214844 825.91552734375 277.8731994628906
60.53974533081055 2329.265869140625 347.4291076660156 2385.6845703125
55.79842758178711 880.0255737304688 289.79345703125 971.1710815429688
970.5040283203125 1752.6741943359375 1116.6259765625 1898.88818359375
19.938804626464844 310.8641357421875 1152.89990234375 433.8299255371094
142.3385772705078 22.17760467529297 320.3135986328125 167.89637756347656
824.3822631835938 1033.355224609375 1036.2452392578125 1145.8477783203125
55.95299530029297 1059.75244140625 126.18953704833984 1130.6392822265625
858.8140869140625 174.1014404296875 981.0090942382812 274.01507568359375
146.88760375976562 1068.8619384765625 382.7651672363281 1118.741943359375
56.93467712402344 1921.081787109375 212.9190216064453 1968.626953125
57.677337646484375 1206.253662109375 444.7707824707031 1265.447509765625
55.63478088378906 1428.2236328125 289.0935363769531 1517.65673828125
821.348876953125 1581.0509033203125 1032.6590576171875 1690.731201171875
21.489171981811523 453.7450256347656 1146.6815185546875 595.7786254882812
250.53001403808594 1348.8223876953125 405.0148010253906 1391.3492431640625
56.65876388549805 1298.223876953125 213.91696166992188 1347.56494140625
249.086669921875 725.7240600585938 404.3948669433594 772.958984375
30.36704444885254 181.12973022460938 140.37548828125 272.4212646484375
246.52627563476562 1847.5516357421875 404.1907653808594 1894.3394775390625
246.22862243652344 1295.630859375 940.0917358398438 1390.470703125
55.38969802856445 1607.856689453125 125.45980072021484 1677.121826171875
57.004241943359375 1848.132568359375 209.2726593017578 1895.386474609375
145.2455291748047 1617.24853515625 222.9068145751953 1664.7503662109375
56.643184661865234 800.0887451171875 211.40785217285156 847.206787109375
60.188541412353516 1754.618896484375 347.41363525390625 1810.3814697265625
