139.6629180908203 515.9370727539062 255.99111938476562 720.2474975585938
139.6629180908203 515.9370727539062 255.99111938476562 660.5964965820312
139.6629180908203 515.9370727539062 255.99111938476562 720.6430053710938
139.6629180908203 515.9370727539062 255.99111938476562 705.3925170898438
139.6629180908203 515.9370727539062 255.99111938476562 660.415771484375
139.6629180908203 515.9370727539062 255.99111938476562 649.3162231445312
139.85479736328125 515.6306762695312 256.0102233886719 631.4202880859375
285.20635986328125 305.2257995605469 355.1893005371094 325.9073486328125
156.1033172607422 707.4967651367188 219.1812286376953 720.2474975585938
265.24609375 515.8037719726562 374.7555236816406 631.87060546875
19.62574005126953 364.0497131347656 114.94801330566406 382.69317626953125
19.71527862548828 10.612305641174316 64.79676055908203 24.43890380859375
20.189579010009766 478.8434143066406 135.46051025390625 502.8061218261719
14.87584400177002 515.7376708984375 130.32394409179688 631.5375366210938
290.92022705078125 608.1071166992188 355.0073547363281 622.9769897460938
19.61016082763672 305.6385192871094 131.83267211914062 324.465087890625
32.41561508178711 636.0982666015625 114.3837890625 660.68212890625
39.15973663330078 65.61414337158203 234.54563903808594 142.77687072753906
287.48748779296875 635.8914794921875 359.8196105957031 660.7254028320312
19.6219482421875 422.3692932128906 52.8306770324707 440.20635986328125
158.61099243164062 636.6231079101562 235.4535675048828 660.5964965820312
31.93489646911621 650.3026123046875 114.68679809570312 660.3721313476562
133.75746154785156 747.27392578125 155.95401000976562 769.54345703125
332.0014953613281 10.749475479125977 358.2227478027344 23.060773849487305
20.497535705566406 221.80130004882812 169.86373901367188 244.44142150878906
287.4483642578125 650.09130859375 359.5978088378906 660.2836303710938
46.638179779052734 746.0684204101562 67.25983428955078 768.9694213867188
310.07293701171875 746.9367065429688 329.7113952636719 769.3043823242188
222.21128845214844 746.9172973632812 242.97686767578125 767.8475341796875
155.8960723876953 692.9024658203125 219.36280822753906 720.6430053710938
19.919607162475586 247.82252502441406 87.51673889160156 263.6822509765625
168.3683624267578 520.4911499023438 227.4530029296875 535.3264770507812
139.6629180908203 515.9370727539062 255.99111938476562 631.1422729492188
20.08611297607422 47.39739227294922 354.8300476074219 196.5520782470703
19.840417861938477 221.47679138183594 170.18051147460938 263.84979248046875
295.5328063964844 636.099365234375 351.673583984375 648.6434936523438
165.8378143310547 693.0792236328125 209.32508850097656 705.3925170898438
158.83840942382812 650.2020263671875 235.45753479003906 660.415771484375
338.4577941894531 695.0977783203125 361.1062316894531 718.4384765625
305.6005554199219 215.7213592529297 355.3961486816406 266.7786865234375
171.8359375 636.638671875 222.817626953125 649.3162231445312
34.18436813354492 636.1432495117188 112.72915649414062 648.7195434570312
43.45273208618164 558.4449462890625 100.02047729492188 588.0515747070312
12.334540367126465 0.4573778510093689 73.27365112304688 33.701194763183594
