280.22015380859375 1044.7484130859375 444.119140625 1271.494140625
35.680110931396484 507.6251525878906 298.6655578613281 771.1050415039062
590.9069213867188 509.7041015625 855.2965698242188 772.4932861328125
254.23448181152344 230.19273376464844 536.1732177734375 309.0494384765625
313.5113220214844 510.7124328613281 577.3306274414062 772.9389038085938
503.0984191894531 1044.938232421875 663.6936645507812 1201.9217529296875
1046.9686279296875 64.24678039550781 1110.9100341796875 129.1176300048828
48.584815979003906 231.6255645751953 192.09817504882812 309.2381591796875
728.7601928710938 1313.5960693359375 883.0554809570312 1541.972900390625
57.26678466796875 1316.5062255859375 228.39779663085938 1542.492919921875
60.2786865234375 1316.0999755859375 224.38462829589844 1472.90087890625
508.1318054199219 1314.0684814453125 662.5499877929688 1541.67529296875
588.6768188476562 1607.2879638671875 1160.37060546875 2145.73681640625
919.4842529296875 53.909664154052734 1000.0916748046875 133.06285095214844
10.738920211791992 1608.1875 398.73040771484375 2247.694091796875
285.6539001464844 1314.703857421875 441.5794372558594 1541.6136474609375
48.758644104003906 393.67529296875 281.72833251953125 448.8553466796875
870.337890625 505.0789489746094 1133.87890625 773.2203979492188
284.55523681640625 1314.53857421875 442.83612060546875 1471.03759765625
726.6193237304688 1044.0523681640625 885.1690063476562 1273.026611328125
11.313468933105469 1605.637939453125 580.4761962890625 2145.843017578125
65.20819854736328 1041.813720703125 222.18798828125 1272.166748046875
95.39363098144531 873.9104614257812 240.6852569580078 923.9711303710938
938.0977783203125 811.7444458007812 1061.7906494140625 855.897216796875
649.5357055664062 873.5603637695312 798.1449584960938 924.3350830078125
725.6121215820312 1043.599365234375 886.4923706054688 1202.3758544921875
948.7340698242188 1044.0994873046875 1103.97998046875 1272.3319091796875
759.9967651367188 2149.49951171875 939.8657836914062 2280.454833984375
589.2050170898438 1608.367431640625 1159.04931640625 2247.549560546875
270.1163330078125 1606.115478515625 582.1036376953125 2143.433349609375
921.03955078125 873.3727416992188 1082.3197021484375 924.2266845703125
655.9083862304688 811.6764526367188 790.4497680664062 857.0643920898438
504.7657165527344 1046.0938720703125 661.6859130859375 1272.1529541015625
952.0980224609375 1497.865234375 1097.288818359375 1541.7440185546875
345.9408874511719 546.0599975585938 541.08447265625 918.0050659179688
947.462890625 1043.6826171875 1105.0152587890625 1202.3399658203125
727.018310546875 1313.0665283203125 885.2130737304688 1472.251708984375
454.2893371582031 2165.56591796875 715.6280517578125 2270.8779296875
65.08557891845703 1041.8095703125 222.26112365722656 1199.6766357421875
1033.3092041015625 1399.269775390625 1102.4542236328125 1468.15625
50.722686767578125 34.719886779785156 870.0477294921875 154.02711486816406
373.6851806640625 874.1182861328125 518.173828125 924.681396484375
79.47614288330078 811.2069091796875 257.0864562988281 857.3119506835938
