585.7142333984375 1674.9710693359375 668.6160278320312 1724.158447265625
481.7611999511719 1770.2801513671875 513.4392700195312 1814.1209716796875
578.3809814453125 923.63232421875 679.6942749023438 990.3257446289062
481.5142822265625 1028.9410400390625 513.0470581054688 1072.5609130859375
49.938934326171875 44.9980354309082 1129.2938232421875 230.5811004638672
44.97635269165039 1508.2945556640625 441.5174865722656 2123.654052734375
722.3594360351562 2271.34130859375 845.004638671875 2322.577392578125
477.798828125 764.60888671875 903.1347045898438 815.2052612304688
475.272216796875 915.7139892578125 561.8963623046875 1000.183837890625
576.4425659179688 1311.99658203125 1127.1558837890625 1354.5211181640625
477.7823181152344 1512.090576171875 859.8165283203125 1562.9200439453125
714.926025390625 933.1685791015625 898.8037719726562 982.3240356445312
790.185546875 2051.913818359375 1128.1339111328125 2102.310302734375
490.7765808105469 271.4906005859375 555.3949584960938 337.1697082519531
49.96205520629883 413.3883972167969 1130.7691650390625 627.956787109375
477.3138732910156 2200.285888671875 903.19677734375 2249.374267578125
731.974365234375 1095.87451171875 973.680419921875 1145.097412109375
537.689208984375 1832.2244873046875 793.031005859375 1880.017578125
47.78047180175781 2197.3916015625 441.2495422363281 2407.441162109375
714.720947265625 1674.0350341796875 901.0692749023438 1725.4482421875
48.648372650146484 669.5868530273438 228.65817260742188 719.3096313476562
578.541748046875 275.7344665527344 672.216552734375 333.203125
958.3547973632812 1365.335205078125 1128.691650390625 1414.9266357421875
978.9152221679688 1978.3538818359375 1127.678466796875 2031.381591796875
45.39973449707031 1507.2369384765625 441.4759216308594 2124.316162109375
473.5299377441406 2369.333251953125 941.2484130859375 2408.072509765625
216.8863525390625 277.1827697753906 310.2425231933594 332.8327941894531
989.0758666992188 1171.4512939453125 1127.1282958984375 1223.4300537109375
1013.8544311523438 1095.0848388671875 1129.0509033203125 1144.4361572265625
789.7526245117188 1244.716064453125 1126.071533203125 1294.723876953125
1023.3297729492188 1903.3194580078125 1129.7303466796875 1952.17822265625
475.21795654296875 1657.3214111328125 561.5227661132812 1742.0294189453125
