73.6181640625 1742.286865234375 366.9150695800781 1908.7227783203125
639.9006958007812 1739.5745849609375 933.2328491210938 1908.646240234375
259.76141357421875 351.1029968261719 1134.2747802734375 983.2339477539062
259.76141357421875 351.1029968261719 1134.2747802734375 981.52392578125
885.4580688476562 185.17787170410156 999.0407104492188 282.84954833984375
823.3113403320312 924.3734130859375 949.2316284179688 1004.083984375
690.255615234375 920.827880859375 823.4541015625 1007.6875
94.78853607177734 2397.595947265625 570.9549560546875 2456.862060546875
963.4146118164062 1854.0926513671875 1108.898193359375 1916.1517333984375
1002.40625 185.7577667236328 1107.502685546875 282.9403076171875
605.015869140625 1699.6483154296875 1133.08251953125 1947.7958984375
179.94436645507812 1522.2183837890625 834.0914916992188 1578.142333984375
411.3148498535156 1864.1414794921875 514.3825073242188 1904.7244873046875
948.860595703125 921.8128662109375 1082.63720703125 1006.80224609375
397.8519592285156 1855.769775390625 542.80712890625 1913.97216796875
180.65731811523438 1302.51123046875 693.8253173828125 1359.9422607421875
756.934814453125 1773.9093017578125 950.0988159179688 1831.3623046875
1011.72900390625 1423.7574462890625 1070.6531982421875 1459.113525390625
1009.6939086914062 1532.1466064453125 1071.069091796875 1567.7967529296875
179.929931640625 1192.8323974609375 880.66552734375 1251.60546875
60.44621276855469 193.40786743164062 300.89276123046875 274.3672180175781
639.9006958007812 1863.6331787109375 933.2328491210938 1908.646240234375
996.981201171875 1205.05029296875 1071.03125 1240.56689453125
178.2134552001953 1083.603759765625 882.2075805664062 1142.3372802734375
192.26162719726562 1773.8544921875 383.59613037109375 1831.005126953125
73.6181640625 1862.8634033203125 366.9150695800781 1908.7227783203125
726.0814208984375 939.1473388671875 795.1007080078125 983.2339477539062
104.19178771972656 922.8993530273438 307.66851806640625 1003.2777099609375
74.71066284179688 724.9359741210938 228.78114318847656 763.7417602539062
977.69287109375 1863.7408447265625 1075.5694580078125 1903.3017578125
326.2962951660156 437.8082580566406 459.07720947265625 511.05352783203125
734.0576171875 171.94497680664062 848.9053955078125 291.1002502441406
343.50714111328125 564.9536743164062 1032.692138671875 767.779052734375
36.5826530456543 1700.2410888671875 564.09521484375 1948.5679931640625
93.00804901123047 2046.627685546875 188.04534912109375 2115.968994140625
179.32415771484375 1411.302978515625 413.5230407714844 1467.77587890625
608.58837890625 2348.26953125 898.8223876953125 2445.228759765625
361.4162902832031 718.3311767578125 978.1807250976562 766.3267211914062
914.4281616210938 208.8695831298828 966.7893676757812 260.76806640625
761.0224609375 201.4221954345703 819.7885131835938 263.4761047363281
108.13662719726562 1310.9991455078125 149.39686584472656 1359.305908203125
77.35260772705078 1742.286865234375 174.08982849121094 1829.887451171875
38.38885498046875 349.8356628417969 1136.755126953125 833.8069458007812
976.0093994140625 941.5865478515625 1045.8939208984375 981.52392578125
1009.4215087890625 54.63507080078125 1062.06005859375 98.26829528808594
969.0555419921875 1185.222412109375 1089.937255859375 1270.2745361328125
35.889915466308594 150.09793090820312 338.0848388671875 322.2335510253906
97.93768310546875 1298.56982421875 158.14309692382812 1373.146484375
656.9608764648438 1739.5745849609375 728.6499633789062 1829.5413818359375
88.76480865478516 1075.8607177734375 166.06874084472656 1160.290283203125
95.73665618896484 1407.5089111328125 162.99310302734375 1488.070556640625
259.76141357421875 351.1029968261719 1134.2747802734375 831.464599609375
990.9254150390625 1294.63134765625 1089.03466796875 1376.411865234375
