58.488914489746094 416.204345703125 349.2649841308594 472.3114013671875
61.30833053588867 485.8448486328125 82.76414489746094 507.0474548339844
306.73443603515625 58.99783706665039 339.76055908203125 93.93201446533203
16.271102905273438 286.44097900390625 374.42083740234375 319.36187744140625
25.92970848083496 770.1937255859375 51.427825927734375 794.1160278320312
83.13648986816406 146.2687225341797 156.85174560546875 171.7317657470703
264.69293212890625 348.2486572265625 320.1288146972656 362.5596618652344
74.42549896240234 251.89222717285156 174.03460693359375 268.1238708496094
104.41397857666016 768.3054809570312 128.6163330078125 792.6725463867188
16.135208129882812 118.7967529296875 190.4572296142578 139.6290740966797
311.935546875 18.945417404174805 328.81103515625 32.406795501708984
336.2810363769531 18.319650650024414 361.8787841796875 31.860183715820312
33.4433479309082 7.545017242431641 72.92082977294922 43.636802673339844
65.11796569824219 485.11822509765625 177.36746215820312 538.59619140625
76.53421020507812 347.5410461425781 118.1947021484375 363.2635803222656
29.243608474731445 526.7791137695312 42.61779022216797 540.8161010742188
59.60136032104492 392.5738830566406 128.99049377441406 408.4818420410156
33.2122802734375 502.9864196777344 54.40742492675781 524.1871337890625
249.36692810058594 761.254150390625 298.5730285644531 800.5066528320312
170.71014404296875 487.438720703125 189.3184051513672 505.8963928222656
16.092527389526367 390.0784912109375 52.244239807128906 427.0132141113281
340.08990478515625 769.5565185546875 361.8963623046875 794.834716796875
14.981146812438965 187.32644653320312 230.4723663330078 223.13458251953125
13.030625343322754 148.13356018066406 79.51376342773438 172.5701141357422
323.8266906738281 394.5738220214844 344.9421081542969 406.69122314453125
16.504098892211914 247.88182067871094 65.81242370605469 271.01593017578125
13.91162395477295 512.13134765625 29.874465942382812 529.0459594726562
309.31121826171875 110.71037292480469 374.1888427734375 176.6155242919922
39.015689849853516 63.469120025634766 83.3819351196289 91.30914306640625
