141.8118896484375 96.2723388671875 232.31796264648438 210.15545654296875
31.70720863342285 96.2723388671875 342.33990478515625 443.9024963378906
114.0788345336914 96.2723388671875 253.92449951171875 343.2648620605469
166.55331420898438 727.3873901367188 207.47840881347656 767.8308715820312
162.12603759765625 664.8326416015625 212.78480529785156 682.92041015625
32.23944854736328 373.4424133300781 342.0956115722656 443.5445861816406
98.3910903930664 727.0950927734375 139.6033477783203 768.1616821289062
141.8118896484375 179.36227416992188 232.31796264648438 210.15545654296875
234.70985412597656 727.1585083007812 275.31317138671875 767.4237060546875
31.70720863342285 314.88555908203125 342.33990478515625 443.9024963378906
114.0788345336914 315.10040283203125 253.92449951171875 343.2648620605469
15.967681884765625 651.247314453125 359.5877685546875 696.7899780273438
233.80606079101562 206.5265655517578 334.45880126953125 340.6932678222656
152.85069274902344 96.2723388671875 210.5564727783203 164.88504028320312
234.76438903808594 727.377197265625 275.1299743652344 767.1957397460938
98.40154266357422 727.294921875 139.4571075439453 767.831298828125
166.52719116210938 727.4793090820312 207.35838317871094 767.54052734375
