287.9012756347656 2179.917724609375 416.85467529296875 2306.139404296875
48.979217529296875 2179.96435546875 187.44253540039062 2305.60888671875
486.0702209472656 2178.78466796875 692.4703979492188 2307.311279296875
790.010986328125 2178.93115234375 857.23681640625 2306.42724609375
139.46475219726562 1109.1151123046875 410.2227478027344 1395.95556640625
500.03839111328125 1109.7418212890625 677.5984497070312 1350.5076904296875
500.03839111328125 1109.7418212890625 677.5984497070312 1396.004150390625
749.0341796875 1108.7386474609375 1052.5091552734375 1393.009033203125
750.145751953125 1108.7386474609375 1051.635986328125 1349.8172607421875
139.46475219726562 1306.9359130859375 410.2227478027344 1395.95556640625
287.9012756347656 2266.430908203125 416.85467529296875 2306.139404296875
48.979217529296875 2267.7744140625 187.44253540039062 2305.60888671875
500.1227722167969 1109.3887939453125 677.6927490234375 1285.599853515625
95.41949462890625 1541.3531494140625 348.01495361328125 1589.74951171875
790.010986328125 2266.969970703125 857.23681640625 2306.42724609375
96.59606170654297 2008.6971435546875 490.8791198730469 2064.158203125
1020.14990234375 2268.053955078125 1099.937744140625 2304.69140625
95.44257354736328 1864.092529296875 441.91766357421875 1913.681396484375
96.6293716430664 1685.76806640625 547.419921875 1741.2242431640625
556.4227294921875 746.1095581054688 669.7423095703125 787.5703125
486.0702209472656 2266.359375 692.4703979492188 2307.311279296875
452.8341064453125 152.5910186767578 725.6163330078125 198.7147979736328
749.0341796875 1306.1602783203125 1052.5091552734375 1393.009033203125
383.4402770996094 918.6378173828125 796.4457397460938 967.7326049804688
319.8952941894531 2179.917724609375 384.366455078125 2243.366943359375
86.4556655883789 2179.96435546875 147.15452575683594 2243.776123046875
48.490135192871094 1626.8580322265625 1132.05859375 1793.684814453125
331.8107604980469 472.80078125 450.0539245605469 508.1765441894531
504.0487976074219 1310.2269287109375 673.7703857421875 1350.5076904296875
365.49920654296875 309.374755859375 600.4452514648438 359.8409423828125
503.38232421875 1309.0892333984375 675.0554809570312 1396.004150390625
49.265079498291016 1950.5191650390625 1131.7667236328125 2117.864501953125
556.9859008789062 2178.78466796875 619.9884643554688 2241.291259765625
254.38018798828125 273.59600830078125 924.611083984375 685.189453125
942.6353759765625 2014.7816162109375 1034.7060546875 2060.224365234375
329.2309875488281 52.80763244628906 848.3377075195312 110.13523864746094
729.3282470703125 473.6100158691406 841.3291625976562 527.4874877929688
793.1868896484375 2178.93115234375 854.8642578125 2241.682373046875
187.02407836914062 1109.1151123046875 364.5915832519531 1285.7152099609375
500.03839111328125 1109.7418212890625 677.5984497070312 1285.48583984375
813.73193359375 1108.7386474609375 990.7014770507812 1285.9776611328125
1.7769452333450317 2160.740478515625 1177.8466796875 2410.41064453125
47.28539276123047 1037.4610595703125 1132.560302734375 1464.6865234375
750.145751953125 1307.60888671875 1051.635986328125 1349.8172607421875
596.668212890625 472.46942138671875 715.1321411132812 508.3438720703125
