316.70013427734375 16.104450225830078 355.7284240722656 68.04887390136719
197.71751403808594 192.8579864501953 300.90545654296875 301.28363037109375
197.44113159179688 356.2998962402344 302.785888671875 465.32464599609375
50.584041595458984 771.3411865234375 72.36727142333984 792.515625
197.59071350097656 710.5391235351562 306.0082092285156 741.0128173828125
174.6190948486328 765.376708984375 204.04234313964844 796.0504760742188
19.40719985961914 49.667083740234375 36.45344543457031 67.96143341064453
19.752424240112305 163.4545135498047 177.30308532714844 263.8332824707031
198.04600524902344 327.71319580078125 355.6571044921875 427.23760986328125
19.970783233642578 553.8113403320312 177.69554138183594 748.9259033203125
106.15553283691406 416.7440490722656 160.11447143554688 470.7173156738281
197.78111267089844 163.66046142578125 355.8045654296875 263.79034423828125
334.42681884765625 16.104450225830078 354.4144592285156 27.81988525390625
243.3863525390625 769.7581787109375 266.04327392578125 792.6541137695312
197.44113159179688 434.419189453125 302.785888671875 465.32464599609375
316.70013427734375 52.52585983276367 355.7284240722656 68.04887390136719
197.71751403808594 271.0138854980469 300.90545654296875 301.28363037109375
303.6831970214844 770.5556030273438 326.84136962890625 791.67626953125
19.28896713256836 270.6502990722656 121.33627319335938 301.5454406738281
252.49758911132812 192.8579864501953 300.6416931152344 233.69566345214844
19.033714294433594 500.2958679199219 63.44413375854492 530.6673583984375
314.9397277832031 98.54303741455078 354.2451477050781 137.8567657470703
37.2452507019043 349.881103515625 90.8991928100586 403.7046203613281
19.060745239257812 15.344987869262695 44.97991180419922 29.539525985717773
36.95886993408203 417.1800537109375 91.65414428710938 470.6357727050781
105.85458374023438 349.7345886230469 159.89207458496094 403.7830810546875
283.3198547363281 16.43842887878418 299.8249206542969 29.20832633972168
198.27191162109375 491.5675354003906 356.2496032714844 703.6463012695312
240.88299560546875 52.0242919921875 297.621826171875 68.5350570678711
253.32322692871094 356.2998962402344 300.1097412109375 399.6390075683594
198.5488739013672 289.1259765625 241.1136474609375 301.0228576660156
20.381067276000977 106.33983612060547 84.78244018554688 128.16380310058594
20.07145118713379 327.82904052734375 177.74200439453125 492.510986328125
112.32524871826172 769.613525390625 135.23121643066406 792.0208740234375
19.507570266723633 500.4585266113281 61.756526947021484 514.0867309570312
201.55555725097656 44.359764099121094 229.86395263671875 75.35216522216797
16.565412521362305 11.723470687866211 47.191131591796875 33.614593505859375
234.54713439941406 764.3234252929688 275.8965148925781 796.8115234375
310.36773681640625 45.679893493652344 359.94696044921875 80.14856719970703
10.86426830291748 0.3813370168209076 52.22274398803711 39.5071907043457
198.1331329345703 710.6224365234375 305.6161804199219 725.1992797851562
19.716163635253906 517.7991333007812 63.044105529785156 530.2467651367188
198.1730194091797 271.15582275390625 300.6041259765625 285.2003173828125
37.021202087402344 418.43133544921875 91.41900634765625 469.9825134277344
37.24381637573242 349.9798278808594 90.76884460449219 403.4178161621094
174.89356994628906 766.1239013671875 203.7207489013672 795.6749267578125
235.58494567871094 44.503173828125 304.4803466796875 80.26963806152344
19.83564567565918 554.4627075195312 177.66302490234375 748.455078125
19.85288429260254 270.70574951171875 121.1230697631836 285.4378356933594
