331.3471374511719 362.2192687988281 497.1872253417969 576.0634155273438
31.837858200073242 931.0022583007812 233.5086669921875 1022.5151977539062
334.6941223144531 221.5747528076172 429.9688415527344 278.1828918457031
932.9016723632812 2175.373291015625 1104.12109375 2388.802978515625
36.154869079589844 189.9237518310547 250.45692443847656 302.5862121582031
934.3515014648438 362.1628723144531 1103.44189453125 575.2420654296875
340.8092041015625 2176.0166015625 487.1660461425781 2387.137451171875
340.23583984375 1268.079345703125 486.93585205078125 1480.9908447265625
630.8389892578125 664.5521850585938 800.1564331054688 877.61669921875
351.75604248046875 2175.195068359375 800.8167724609375 2388.4013671875
340.1007385253906 966.0322875976562 486.4432373046875 1180.1759033203125
935.1694946289062 1571.2891845703125 1103.1702880859375 1784.477783203125
34.222293853759766 1214.8809814453125 239.80563354492188 1315.3955078125
934.1514282226562 1268.962890625 1102.0897216796875 1481.2337646484375
23.637929916381836 1645.3134765625 252.25912475585938 1749.115478515625
48.793243408203125 1812.38037109375 214.97377014160156 1860.723876953125
329.8900146484375 664.001708984375 496.70648193359375 877.3074951171875
641.9136352539062 1872.99365234375 788.602294921875 2085.073974609375
33.87725830078125 1072.609375 238.29104614257812 1168.3392333984375
50.40966033935547 1523.63427734375 130.5730743408203 1571.05712890625
935.3568725585938 967.2274780273438 1102.4404296875 1179.46533203125
912.6359252929688 664.5763549804688 1124.0460205078125 878.3755493164062
49.403865814208984 2099.860107421875 214.5913848876953 2149.649658203125
934.6693725585938 1876.7242431640625 1104.0115966796875 2085.275146484375
32.580692291259766 1359.786376953125 242.51095581054688 1454.7818603515625
630.751708984375 1269.4833984375 800.080078125 1481.671142578125
340.86029052734375 1572.4227294921875 486.0100402832031 1784.6920166015625
32.23938751220703 640.3673706054688 240.22328186035156 734.4581298828125
48.739532470703125 803.0201416015625 130.56178283691406 849.2021484375
128.9022216796875 10.363834381103516 1129.4329833984375 120.06111907958984
632.5581665039062 966.3228149414062 798.6017456054688 1179.42578125
29.408573150634766 352.5040588378906 238.27090454101562 447.3970642089844
48.430931091308594 515.234619140625 130.56988525390625 563.5264282226562
632.916259765625 362.2796936035156 799.6959838867188 574.5867919921875
631.787841796875 1571.9222412109375 801.3043212890625 1784.2861328125
49.109031677246094 2243.779541015625 213.94418334960938 2293.771728515625
340.8838195800781 1873.9522705078125 486.6393127441406 2085.945068359375
