372.75506591796875 173.82205200195312 503.7057800292969 345.64208984375
84.28376007080078 2159.180908203125 150.37118530273438 2284.676025390625
1020.3577880859375 2159.36279296875 1086.3380126953125 2283.947509765625
784.4083862304688 2159.281005859375 852.5433959960938 2284.319580078125
997.3753662109375 442.7893371582031 1083.945068359375 595.0767211914062
68.69435119628906 444.50506591796875 190.99566650390625 596.33447265625
502.5908203125 444.70599365234375 668.85791015625 594.5509643554688
315.3937683105469 2151.226318359375 395.7709655761719 2283.789794921875
947.5997924804688 1584.904296875 1082.416748046875 1844.0635986328125
957.2418212890625 664.7694091796875 1122.2432861328125 817.6945190429688
26.1854305267334 887.921142578125 233.8562469482422 1039.25732421875
62.20357894897461 887.921142578125 221.01686096191406 1173.83544921875
748.8893432617188 442.3302001953125 874.1310424804688 594.7318115234375
78.18484497070312 168.6244659423828 209.58689880371094 345.5377197265625
482.6548767089844 662.1203002929688 688.521484375 851.574951171875
523.2642211914062 662.1203002929688 645.1568603515625 815.4574584960938
679.0513916015625 144.7391815185547 843.1361694335938 345.718505859375
276.2173767089844 449.1947326660156 439.5993957519531 594.8794555664062
730.1093139648438 671.2962646484375 894.7052612304688 818.4664306640625
503.04522705078125 895.1994018554688 667.0896606445312 1038.5234375
273.2528381347656 882.3400268554688 441.3251647949219 1038.6607666015625
275.5297546386719 666.3327026367188 440.4988098144531 817.88427734375
26.588321685791016 674.78466796875 234.80862426757812 819.1544189453125
275.5297546386719 666.3199462890625 440.4988098144531 817.88427734375
597.46923828125 1473.947509765625 860.6959838867188 1884.8641357421875
24.619632720947266 1475.536865234375 572.7933959960938 1883.6676025390625
884.701171875 1475.167724609375 1149.672119140625 1883.7525634765625
707.9371948242188 990.9475708007812 914.7911376953125 1038.6278076171875
273.2528381347656 991.33740234375 441.3251647949219 1038.6607666015625
582.0087280273438 1364.4267578125 947.2058715820312 1413.0140380859375
552.8159790039062 2246.45849609375 615.6732177734375 2284.378662109375
482.6548767089844 816.5090942382812 688.521484375 851.574951171875
502.5908203125 548.2265014648438 668.85791015625 594.5509643554688
503.04522705078125 991.8363647460938 667.0896606445312 1038.5234375
319.1483154296875 2247.659912109375 379.393310546875 2283.789794921875
998.2385864257812 547.763916015625 1082.16064453125 595.0767211914062
387.17193603515625 173.82205200195312 488.63134765625 270.0115966796875
552.9328002929688 2160.29443359375 616.4880981445312 2223.741943359375
647.4811401367188 1796.80419921875 808.8402709960938 1843.864013671875
732.072998046875 2016.507080078125 987.5126953125 2091.920166015625
84.28376007080078 2159.180908203125 150.37118530273438 2225.043701171875
1066.306884765625 32.19104766845703 1131.629150390625 97.04736328125
730.1093139648438 770.1119384765625 894.7052612304688 818.4664306640625
787.7587890625 2246.51806640625 848.221435546875 2284.319580078125
672.1111450195312 1499.2821044921875 792.6566162109375 1547.30615234375
1021.2611694335938 2245.266357421875 1083.0460205078125 2283.947509765625
1020.3577880859375 2159.36279296875 1086.3380126953125 2227.55322265625
26.1854305267334 992.3714599609375 233.8562469482422 1039.25732421875
26.588321685791016 769.6857299804688 234.80862426757812 819.1544189453125
976.5538940429688 1369.245849609375 1109.0513916015625 1410.7119140625
275.5297546386719 769.9790649414062 440.4988098144531 817.88427734375
954.312744140625 1798.168701171875 1074.496826171875 1844.0635986328125
958.720947265625 1498.6077880859375 1080.4681396484375 1546.5697021484375
957.2418212890625 769.2697143554688 1122.2432861328125 817.6945190429688
748.8893432617188 548.16162109375 874.1310424804688 594.7318115234375
784.4083862304688 2159.281005859375 852.5433959960938 2226.48486328125
931.6531982421875 1735.3358154296875 1097.9110107421875 1783.28466796875
372.75506591796875 294.2076110839844 503.7057800292969 345.64208984375
276.2173767089844 549.4163818359375 439.5993957519531 594.8794555664062
984.0929565429688 1213.8648681640625 1108.366943359375 1257.731201171875
62.20357894897461 1125.3243408203125 221.01686096191406 1173.83544921875
997.3753662109375 442.7893371582031 1083.945068359375 528.3541259765625
88.79877471923828 444.50506591796875 172.0250244140625 528.5921630859375
131.90147399902344 1934.8692626953125 315.62396240234375 1988.5372314453125
999.950439453125 992.2261352539062 1079.3441162109375 1038.11376953125
87.4580307006836 2246.64208984375 147.4846954345703 2284.676025390625
68.11270141601562 1940.5057373046875 104.71658325195312 1983.37646484375
802.9434814453125 1125.242919921875 1038.8785400390625 1173.30078125
541.5126342773438 444.70599365234375 628.52490234375 530.3950805664062
614.138671875 1498.598388671875 660.159912109375 1547.213623046875
131.168701171875 1302.054931640625 291.6681823730469 1349.88916015625
202.10121154785156 17.905921936035156 1026.270263671875 114.77835845947266
315.3937683105469 2151.226318359375 395.7709655761719 2226.607177734375
902.6433715820312 1498.365234375 947.3665161132812 1544.9117431640625
947.5997924804688 1584.904296875 1082.416748046875 1721.550048828125
1000.6708374023438 664.7694091796875 1080.9197998046875 751.479736328125
130.9772186279297 1210.230712890625 291.9271545410156 1258.5267333984375
766.7001953125 883.6984252929688 858.496826171875 975.2042846679688
86.04086303710938 887.921142578125 174.66188049316406 972.0116577148438
121.8659896850586 1492.9940185546875 471.7551574707031 1622.963134765625
770.1405029296875 442.3302001953125 855.39208984375 529.861083984375
688.0396118164062 295.6138610839844 775.1698608398438 345.718505859375
134.12669372558594 1365.41943359375 527.5603637695312 1412.5986328125
523.2642211914062 769.9097900390625 645.1568603515625 815.4574584960938
90.52869415283203 168.6244659423828 200.42507934570312 274.86016845703125
539.6354370117188 662.1203002929688 629.068603515625 753.7163696289062
631.7111206054688 2115.677001953125 890.1280517578125 2145.435302734375
59.463523864746094 1208.54296875 111.89055633544922 1262.3544921875
679.0513916015625 144.7391815185547 843.1361694335938 274.884033203125
315.56292724609375 449.1947326660156 400.2673645019531 526.6431274414062
122.92877197265625 1563.4547119140625 470.75628662109375 1621.55908203125
633.2470703125 2117.166015625 752.3329467773438 2144.108642578125
768.5421142578125 671.2962646484375 858.2679443359375 748.6455688476562
68.69435119628906 548.1768798828125 190.99566650390625 596.33447265625
36.98524856567383 2001.18212890625 1133.423828125 2111.5576171875
78.18484497070312 295.6705627441406 209.58689880371094 345.5377197265625
59.59436798095703 1300.08203125 110.80857849121094 1353.7596435546875
317.5203552246094 1209.72265625 701.490234375 1257.701416015625
86.52526092529297 2025.73583984375 630.001220703125 2081.751708984375
539.1839599609375 895.1994018554688 630.754638671875 970.1346435546875
82.43504333496094 24.176103591918945 122.20774841308594 72.58856201171875
848.478759765625 2151.0869140625 902.7360229492188 2190.71630859375
316.7939758300781 882.3400268554688 398.9407653808594 976.2476806640625
322.28179931640625 666.3327026367188 394.3520202636719 750.278564453125
87.7358627319336 674.78466796875 172.42999267578125 744.48779296875
322.3473205566406 666.3199462890625 394.2144470214844 750.31396484375
972.6517333984375 166.30191040039062 1080.8414306640625 271.8870544433594
202.428466796875 1494.350830078125 394.68695068359375 1540.2861328125
