881.8961181640625 1204.921630859375 1178.037841796875 1602.45068359375
194.2452392578125 186.67527770996094 395.2479553222656 319.3136291503906
833.803466796875 1777.911865234375 1065.80322265625 1973.908447265625
39.18181610107422 1777.1690673828125 271.57598876953125 2113.83544921875
1096.9296875 1783.1634521484375 1178.256591796875 2047.4305419921875
21.45893669128418 1059.7236328125 429.4750061035156 1606.484375
563.0452270507812 1778.69775390625 803.60986328125 2048.426513671875
162.57012939453125 600.177001953125 511.6224060058594 849.4326782226562
1.5208672285079956 2162.59130859375 1177.7938232421875 2409.82763671875
1097.0828857421875 1782.8349609375 1178.0968017578125 1973.621337890625
303.00091552734375 1777.48095703125 535.4694213867188 2049.318359375
567.9842529296875 1778.1182861328125 802.0038452148438 1973.9296875
827.4347534179688 1778.04296875 1066.3409423828125 2106.7001953125
432.49212646484375 229.39752197265625 547.8958129882812 277.5680236816406
39.03221893310547 1776.8626708984375 271.80255126953125 1974.5892333984375
450.5005798339844 1060.5364990234375 858.5531616210938 1603.5816650390625
36.77785110473633 1210.850830078125 609.0748291015625 1728.08349609375
879.863525390625 1060.4473876953125 1176.5794677734375 1206.6575927734375
38.068870544433594 53.82554626464844 1141.7158203125 183.19598388671875
2.983161211013794 322.77386474609375 1176.23291015625 453.09783935546875
303.2644958496094 1777.1380615234375 535.3317260742188 1974.9949951171875
39.697486877441406 230.2982635498047 158.7140655517578 279.4696960449219
