376.41375732421875 502.3364562988281 693.3281860351562 588.501708984375
48.7559700012207 755.1179809570312 359.4606018066406 841.0944213867188
45.98964309692383 208.64358520507812 306.3401794433594 448.459228515625
168.44976806640625 184.2711639404297 1078.1390380859375 296.0547790527344
48.54767990112305 628.9669189453125 510.08624267578125 715.2150268554688
1008.7994384765625 49.749427795410156 1076.022216796875 86.55618286132812
527.3698120117188 627.87255859375 798.304931640625 716.7301635742188
878.7202758789062 48.69482421875 935.4486083984375 90.7497329711914
947.7427978515625 47.63359069824219 992.3804931640625 88.03194427490234
47.92549133300781 503.39654541015625 356.2300109863281 588.1669311523438
55.638980865478516 2.4649717807769775 200.79576110839844 127.54834747314453
19.339113235473633 181.5626678466797 155.8249969482422 295.6366271972656
