220.29925537109375 741.890625 247.81210327148438 776.4633178710938
314.6396179199219 739.5428466796875 341.61151123046875 776.5618896484375
314.6396179199219 739.6402587890625 341.61151123046875 776.5618896484375
128.9030303955078 741.956787109375 151.7648162841797 776.6001586914062
32.57236099243164 740.8438720703125 60.95240783691406 776.534423828125
128.9030303955078 765.0447387695312 151.7648162841797 776.6001586914062
32.57236099243164 765.2964477539062 60.95240783691406 776.534423828125
314.6396179199219 765.1560668945312 341.61151123046875 776.5618896484375
63.97743606567383 165.193359375 107.51558685302734 178.608642578125
63.94221878051758 369.2474670410156 115.63017272949219 382.578857421875
63.91799545288086 437.39678955078125 103.54373931884766 450.58251953125
222.1333770751953 741.890625 246.76351928710938 759.4119262695312
63.95669174194336 301.1024169921875 117.3659896850586 314.9524230957031
319.7328796386719 739.5428466796875 336.6512145996094 761.556640625
117.8834457397461 455.4804382324219 147.44052124023438 467.6863708496094
63.97121047973633 573.01123046875 134.78005981445312 586.8229370117188
63.82835006713867 523.33251953125 148.83578491210938 536.166748046875
63.941856384277344 455.87994384765625 103.99983978271484 467.5413818359375
63.71835708618164 708.179931640625 142.8972625732422 722.7815551757812
63.90194320678711 505.0082702636719 97.9634017944336 518.3426513671875
18.33152198791504 646.535400390625 45.42238998413086 669.19580078125
72.01750183105469 184.56736755371094 93.95654296875 195.4948272705078
112.4753189086914 387.76123046875 144.97035217285156 399.7750549316406
16.774953842163086 64.22134399414062 199.8533172607422 89.94010162353516
72.02361297607422 388.471923828125 99.1170654296875 399.7462158203125
220.29925537109375 764.8118286132812 247.81210327148438 776.4633178710938
71.82719421386719 320.5503234863281 94.09062194824219 331.58038330078125
319.8674621582031 739.6402587890625 336.54974365234375 761.5548095703125
63.68669509887695 591.3719482421875 143.13729858398438 604.1290283203125
63.704463958740234 387.3896179199219 145.1326141357422 400.306640625
129.73680114746094 741.956787109375 151.54306030273438 759.552490234375
36.89259719848633 740.8438720703125 56.78593444824219 761.6431274414062
64.00537109375 455.12860107421875 147.60487365722656 468.17376708984375
63.58861541748047 659.2308959960938 143.06597900390625 672.0977783203125
18.21698760986328 510.5144348144531 45.4826545715332 533.37646484375
18.584882736206055 442.5688171386719 45.381813049316406 464.9472351074219
64.13714599609375 232.75318908691406 113.3497314453125 246.5699920654297
63.95098876953125 640.7992553710938 125.89602661132812 654.7398681640625
63.87410354614258 524.2119750976562 99.41075897216797 535.6795043945312
63.58735275268555 252.233154296875 99.15950012207031 263.88262939453125
