513.656982421875 739.2504272460938 655.6228637695312 915.5655517578125
386.4271545410156 739.2504272460938 766.83740234375 1022.1376342773438
71.3748550415039 1351.3441162109375 312.5883483886719 1741.4130859375
850.9949340820312 2019.2479248046875 1090.1890869140625 2283.358154296875
552.41748046875 2161.078125 616.6371459960938 2283.42333984375
786.127197265625 2161.16845703125 851.1226806640625 2283.881591796875
732.8865966796875 737.23876953125 873.8467407226562 914.470458984375
953.369873046875 737.1817016601562 1094.603271484375 914.6640014648438
73.86105346679688 2021.32958984375 311.74169921875 2284.322021484375
332.44085693359375 1768.336181640625 493.6252136230469 1843.7415771484375
331.71734619140625 1350.057373046875 572.3302612304688 1671.136474609375
849.75537109375 1350.649169921875 1091.8408203125 1671.537353515625
591.1292114257812 1768.5133056640625 752.360107421875 1844.09716796875
513.656982421875 871.2467651367188 655.6228637695312 915.5655517578125
73.28304290771484 1767.7008056640625 234.60777282714844 1844.040771484375
589.7564697265625 1351.1231689453125 832.0033569335938 1672.230224609375
309.11737060546875 1937.69091796875 532.9189453125 1988.42822265625
850.05517578125 1767.972412109375 1011.4754638671875 1843.76806640625
953.369873046875 871.2838134765625 1094.603271484375 914.6640014648438
961.9411010742188 173.40304565429688 1128.4996337890625 257.9092102050781
732.8865966796875 871.359619140625 873.8467407226562 914.470458984375
311.19781494140625 872.0191650390625 418.38427734375 914.9762573242188
72.17974090576172 1350.62255859375 312.7448425292969 1671.97607421875
72.60236358642578 1695.65625 243.47064208984375 1741.4130859375
331.0695495605469 1696.229248046875 444.1202087402344 1740.78369140625
851.0665893554688 2018.642578125 1090.693359375 2140.627685546875
1020.8702392578125 2244.614501953125 1083.0421142578125 2283.358154296875
73.4363021850586 2019.8072509765625 311.98382568359375 2140.812255859375
591.0324096679688 2018.781494140625 831.9009399414062 2140.21875
73.07994842529297 1938.8314208984375 252.20135498046875 1989.012939453125
37.719688415527344 962.6510620117188 1134.614013671875 1216.4344482421875
318.3595275878906 2247.063232421875 379.81060791015625 2283.4013671875
69.34337615966797 871.1927490234375 223.13238525390625 915.6724243164062
602.3506469726562 1151.504638671875 744.4351196289062 1194.864990234375
332.2205505371094 2017.5111083984375 572.0467529296875 2140.7802734375
335.4172668457031 190.06443786621094 452.828857421875 234.00274658203125
73.09225463867188 1268.938720703125 249.13377380371094 1321.5294189453125
309.3905334472656 1268.808837890625 485.2961120605469 1321.383056640625
848.8358764648438 1695.909423828125 961.880126953125 1741.252197265625
590.3138427734375 1696.0767822265625 664.3001098632812 1741.5799560546875
591.3659057617188 2019.5052490234375 831.8822631835938 2140.010009765625
466.53851318359375 596.7254028320312 647.0750732421875 646.3789672851562
881.3748168945312 20.68219757080078 1118.934814453125 111.35438537597656
607.457275390625 1364.91259765625 703.8392944335938 1395.6163330078125
970.2879028320312 1276.4005126953125 1040.26904296875 1317.568359375
788.18896484375 2246.14501953125 848.8250732421875 2283.881591796875
552.8658447265625 2245.85498046875 613.3208618164062 2283.42333984375
971.19921875 1945.2862548828125 1041.017822265625 1985.4007568359375
87.78893280029297 2246.86767578125 147.2696075439453 2284.322021484375
38.16335678100586 39.23126220703125 305.3326416015625 101.24384307861328
103.54524993896484 486.96728515625 194.7071075439453 519.05029296875
539.6212158203125 739.2504272460938 629.0051879882812 839.8793334960938
850.7705688476562 1353.3082275390625 1090.47412109375 1670.0733642578125
71.3748550415039 1351.3441162109375 312.5883483886719 1670.8148193359375
850.9949340820312 2019.2479248046875 1090.1890869140625 2140.11474609375
552.41748046875 2161.078125 616.6371459960938 2220.154052734375
957.8251953125 330.7685852050781 1129.2064208984375 551.0555419921875
786.127197265625 2161.16845703125 851.1226806640625 2220.09326171875
755.0093994140625 737.23876953125 854.7708740234375 841.4788818359375
80.04828643798828 2076.418212890625 308.4666442871094 2135.0830078125
332.2209777832031 2017.859130859375 571.8007202148438 2140.605712890625
44.930442810058594 1244.99365234375 273.77691650390625 1335.7481689453125
416.6050109863281 577.3051147460938 738.933349609375 666.1539306640625
1021.2932739257812 2159.730224609375 1084.052490234375 2221.671630859375
381.9026184082031 503.7325134277344 768.900634765625 558.283203125
867.7938232421875 1362.998779296875 1004.9874267578125 1398.171142578125
969.120849609375 737.1817016601562 1075.5828857421875 840.902587890625
386.4271545410156 978.5468139648438 766.83740234375 1022.1376342773438
48.151554107666016 1921.043701171875 271.43316650390625 2000.8489990234375
590.6463623046875 1354.7716064453125 830.2774658203125 1670.1634521484375
331.56536865234375 1350.6324462890625 572.5186157226562 1669.903564453125
351.2119140625 1596.3321533203125 522.3097534179688 1655.377685546875
371.3874816894531 319.4703063964844 795.06591796875 366.99688720703125
386.1451110839844 1148.9937744140625 587.7235717773438 1194.557861328125
73.86105346679688 2021.32958984375 311.74169921875 2139.686279296875
