940.749755859375 860.4971313476562 1106.0103759765625 993.9016723632812
1066.8763427734375 55.99121856689453 1128.3818359375 172.8225555419922
905.97412109375 57.80535888671875 1024.9949951171875 169.84828186035156
66.1424331665039 1098.9627685546875 247.30337524414062 1188.2891845703125
314.4195861816406 2189.634033203125 386.21783447265625 2300.77197265625
500.140380859375 1099.336181640625 620.51416015625 1187.3182373046875
437.33087158203125 1099.336181640625 620.8916015625 1187.8924560546875
87.79248809814453 861.800537109375 197.08311462402344 993.25390625
985.0573120117188 2183.73681640625 1117.1104736328125 2303.34765625
528.92041015625 861.493408203125 635.920166015625 993.3814697265625
809.4722290039062 1098.7003173828125 1052.734130859375 1189.1341552734375
308.10498046875 859.2379150390625 416.25274658203125 993.2047119140625
507.25909423828125 1245.0198974609375 668.8665161132812 1472.6375732421875
467.3078308105469 1245.0198974609375 699.0631713867188 1524.9803466796875
748.8092651367188 858.337890625 855.9966430664062 993.7230834960938
768.9495849609375 2185.517578125 866.9352416992188 2303.276123046875
36.70924377441406 44.93470764160156 239.57217407226562 444.7922668457031
64.84627532958984 1221.77587890625 360.31414794921875 1358.228271484375
797.0132446289062 283.1004638671875 1144.7926025390625 709.0972900390625
930.8645629882812 1455.6051025390625 1029.9237060546875 1496.523193359375
59.42417907714844 466.6234436035156 192.5803680419922 506.23980712890625
985.0573120117188 2260.87548828125 1117.1104736328125 2303.34765625
87.79248809814453 947.6698608398438 197.08311462402344 993.25390625
321.11517333984375 177.21658325195312 469.8642272949219 223.10379028320312
930.1070556640625 1238.8602294921875 1064.09375 1281.2431640625
65.68033599853516 1385.3822021484375 360.5608825683594 1521.9530029296875
748.8092651367188 947.5948486328125 855.9966430664062 993.7230834960938
528.92041015625 947.3634643554688 635.920166015625 993.3814697265625
768.9495849609375 2262.713134765625 866.9352416992188 2303.276123046875
517.5518188476562 1431.2542724609375 650.7779541015625 1472.6375732421875
29.10523223876953 286.377197265625 413.1962890625 373.91729736328125
940.749755859375 947.9450073242188 1106.0103759765625 993.9016723632812
317.87652587890625 2263.97314453125 384.6790466308594 2300.77197265625
550.397705078125 2263.408935546875 616.8763427734375 2303.584228515625
905.97412109375 133.78883361816406 1024.9949951171875 169.84828186035156
277.1009216308594 87.03962707519531 703.3532104492188 149.81179809570312
34.60040283203125 544.8857421875 772.15771484375 702.294677734375
467.3078308105469 1483.6190185546875 699.0631713867188 1524.9803466796875
235.3765106201172 400.7579040527344 380.22857666015625 445.2426452636719
64.7358169555664 765.56103515625 234.14254760742188 816.8163452148438
998.5962524414062 860.4971313476562 1060.2969970703125 923.6537475585938
308.10498046875 947.7319946289062 416.25274658203125 993.2047119140625
853.0932006835938 640.4237060546875 1087.8609619140625 680.7987670898438
174.75747680664062 626.8383178710938 357.045654296875 665.87109375
36.47041320800781 44.68507385253906 240.1805877685547 258.7088623046875
173.81239318847656 573.8623046875 466.9723815917969 666.6466064453125
500.140380859375 1151.2232666015625 620.51416015625 1187.3182373046875
1066.8763427734375 55.99121856689453 1128.3818359375 120.39110565185547
66.1424331665039 1150.64599609375 247.30337524414062 1188.2891845703125
84.11160278320312 2264.536376953125 149.70965576171875 2303.3330078125
929.7236328125 1345.96142578125 1062.3179931640625 1388.7117919921875
809.4722290039062 1149.564453125 1052.734130859375 1189.1341552734375
65.24748229980469 1092.4569091796875 148.84022521972656 1140.6104736328125
1067.349365234375 138.3536834716797 1126.5181884765625 172.8225555419922
931.4882202148438 57.80535888671875 997.85693359375 119.52045440673828
437.33087158203125 1151.0994873046875 620.8916015625 1187.8924560546875
162.4102325439453 1098.9627685546875 199.01161193847656 1136.2064208984375
187.64366149902344 1425.4268798828125 312.360595703125 1475.3043212890625
314.4195861816406 2189.634033203125 386.21783447265625 2252.090087890625
534.8693237304688 1099.336181640625 570.4484252929688 1135.6278076171875
109.5206298828125 861.800537109375 175.2183837890625 921.2977294921875
177.0081787109375 575.6712036132812 467.1742858886719 620.9564819335938
1016.1439208984375 2183.73681640625 1086.02587890625 2255.21337890625
875.853759765625 588.3807373046875 1098.3714599609375 630.1886596679688
552.5031127929688 861.493408203125 620.8206787109375 922.5912475585938
187.6688232421875 1262.752685546875 311.90869140625 1313.5791015625
828.4542846679688 1434.560791015625 910.7667846679688 1518.773681640625
905.94775390625 1098.7003173828125 942.1017456054688 1136.142578125
622.0484008789062 400.4212341308594 728.5252075195312 444.82550048828125
811.17431640625 1093.829833984375 892.4410400390625 1139.3758544921875
828.4130859375 1434.560302734375 910.7127075195312 1518.93994140625
329.7592468261719 859.2379150390625 394.98321533203125 922.65283203125
828.3233032226562 1326.831298828125 911.2167358398438 1410.2288818359375
827.5287475585938 1219.9498291015625 910.67529296875 1303.7364501953125
507.25909423828125 1245.0198974609375 668.8665161132812 1382.6890869140625
776.6019897460938 858.337890625 839.8536987304688 919.503173828125
784.4663696289062 2185.517578125 852.3299560546875 2254.93798828125
642.3715209960938 459.938232421875 709.9193115234375 507.3848571777344
101.7031021118164 1420.783447265625 161.0176544189453 1484.4381103515625
920.7149658203125 1331.84765625 1074.7890625 1412.521728515625
505.1184997558594 174.54205322265625 703.8977661132812 227.90113830566406
73.62029266357422 400.7167663574219 180.2524871826172 444.7922668457031
210.63333129882812 377.4079895019531 402.15771484375 540.7913208007812
437.0399475097656 1093.727294921875 521.104248046875 1140.635498046875
32.8883056640625 741.6996459960938 255.7989044189453 847.6243896484375
877.635498046875 2.2313365936279297 1040.75 213.1964569091797
103.82972717285156 1257.6519775390625 158.51119995117188 1318.398681640625
722.9533081054688 838.2582397460938 882.6268310546875 1026.99072265625
275.981201171875 839.8253784179688 439.5433654785156 1027.0439453125
36.70924377441406 44.93470764160156 239.57217407226562 257.253173828125
440.9418029785156 1424.6895751953125 722.57080078125 1551.904541015625
841.2117919921875 587.2785034179688 1097.2490234375 631.1612548828125
414.91021728515625 378.9084777832031 573.9956665039062 541.7798461914062
