946.2007446289062 1968.933837890625 1031.8475341796875 2017.734375
907.31298828125 1293.4573974609375 1169.2965087890625 1732.255126953125
47.8560905456543 1183.8836669921875 145.9882049560547 1240.9190673828125
696.992431640625 2251.35498046875 764.2716674804688 2291.395263671875
45.32392883300781 1293.9202880859375 859.2732543945312 1733.467041015625
945.7755126953125 1842.250732421875 1168.774169921875 1951.5335693359375
142.31887817382812 822.8463745117188 216.25918579101562 859.8994140625
949.9730224609375 2254.71142578125 1085.576171875 2289.99462890625
48.684818267822266 270.9252624511719 1125.14990234375 782.4153442382812
130.0494384765625 2083.385498046875 218.64447021484375 2133.01220703125
107.41464233398438 2162.926025390625 183.71392822265625 2291.486328125
46.82502746582031 177.9325714111328 143.69827270507812 233.84893798828125
773.7884521484375 1766.52587890625 820.5288696289062 1818.1322021484375
85.0535888671875 1841.918701171875 778.3350830078125 1897.4390869140625
7.42608642578125 2.629081964492798 225.0257568359375 144.60202026367188
85.6468276977539 894.2403564453125 580.8636474609375 945.0512084960938
1038.6881103515625 818.1989135742188 1086.10546875 868.6884765625
84.38174438476562 1770.397705078125 211.60879516601562 1809.9759521484375
990.798828125 2083.7734375 1079.2391357421875 2133.18212890625
85.44145202636719 1908.947509765625 169.94979858398438 1958.0357666015625
947.4925537109375 1769.5462646484375 1070.561767578125 1809.7781982421875
84.92359161376953 824.0743408203125 132.81732177734375 859.2196655273438
932.0061645507812 1184.7388916015625 1118.947021484375 1240.3321533203125
