528.049560546875 506.5770263671875 644.4368896484375 552.8618774414062
852.4551391601562 682.8577880859375 991.1412353515625 839.43212890625
2.7429823875427246 1947.917236328125 1166.6834716796875 2114.126220703125
48.48599624633789 994.43603515625 573.1307983398438 1114.5965576171875
497.7753601074219 2144.729248046875 793.17919921875 2267.197265625
46.515811920166016 1612.168701171875 1121.8560791015625 1662.5089111328125
1028.7491455078125 24.242286682128906 1110.1220703125 106.10223388671875
656.7564697265625 506.56951904296875 798.4969482421875 553.3562622070312
816.405029296875 2145.008544921875 1111.172119140625 2267.8330078125
36.28352355957031 345.6607360839844 231.1295623779297 419.2622375488281
497.791748046875 2145.1201171875 793.2865600585938 2266.71728515625
704.2083740234375 24.266910552978516 786.0535278320312 106.20687866210938
778.163818359375 702.5738525390625 1000.073486328125 951.708984375
781.8818969726562 1348.2845458984375 1121.92529296875 1506.109130859375
1028.5479736328125 24.277103424072266 1110.45654296875 106.61923217773438
36.35804748535156 889.9590454101562 308.51275634765625 965.9478759765625
51.646461486816406 598.7274169921875 1114.62548828125 647.00244140625
100.05677795410156 1708.4666748046875 224.44224548339844 1758.2205810546875
821.8079833984375 24.373065948486328 994.0643310546875 107.99996185302734
64.9915771484375 2219.22412109375 130.40103149414062 2256.99365234375
965.993408203125 1930.281982421875 1110.09130859375 2073.392822265625
704.2696533203125 23.66802215576172 786.4920043945312 106.77906036376953
416.3516540527344 1348.6239013671875 753.9241943359375 1502.471435546875
168.19821166992188 2140.7451171875 316.0046081542969 2277.2783203125
310.4966735839844 888.1808471679688 509.5517272949219 983.3394775390625
1001.7581176757812 682.2488403320312 1126.6170654296875 844.6528930664062
49.46103286743164 1150.336181640625 1122.065673828125 1323.4498291015625
531.5383911132812 908.0337524414062 751.3557739257812 951.23876953125
679.1028442382812 1711.353271484375 1116.540771484375 1755.66015625
816.2870483398438 2145.33203125 1111.0416259765625 2267.3251953125
5.794483184814453 1841.5433349609375 1164.081787109375 1939.421630859375
46.38128662109375 707.6072998046875 771.3966064453125 825.6609497070312
48.62617111206055 1348.0579833984375 388.238525390625 1506.8895263671875
50.680843353271484 492.2281494140625 506.2368469238281 563.0628051757812
596.8724975585938 993.29052734375 1121.69287109375 1113.689697265625
