510.6631774902344 1483.093505859375 654.843505859375 1665.607666015625
83.48029327392578 1482.256591796875 206.26382446289062 1604.291015625
841.1443481445312 1163.5584716796875 991.1298828125 1210.12158203125
572.0088500976562 434.436767578125 668.1847534179688 479.02899169921875
318.3511047363281 2164.25537109375 381.1606140136719 2274.261962890625
740.4564819335938 1482.2257080078125 863.744140625 1664.93359375
59.65522003173828 1964.281005859375 149.31610107421875 2055.259033203125
734.3428344726562 1962.8983154296875 896.859375 2060.85986328125
728.2907104492188 1704.3194580078125 875.0662231445312 1848.6134033203125
416.1413879394531 1964.9366455078125 575.6973876953125 2059.501953125
54.284080505371094 1709.000244140625 235.42364501953125 1848.6923828125
25.784963607788086 1267.924072265625 1146.41162109375 1428.5296630859375
83.68950653076172 1482.5914306640625 206.3063201904297 1663.9774169921875
959.8877563476562 1482.280517578125 1081.784423828125 1665.0244140625
999.5977783203125 1988.3616943359375 1106.6904296875 2029.4786376953125
480.0223693847656 434.50518798828125 668.72705078125 480.217041015625
544.8739013671875 1708.5035400390625 617.9060668945312 1848.84521484375
359.013671875 540.4193725585938 509.15155029296875 585.9061889648438
422.8299865722656 427.36004638671875 474.24517822265625 488.08251953125
752.7252197265625 957.4987182617188 974.6753540039062 1002.3599243164062
326.9445495605469 1712.059326171875 398.1230163574219 1847.8162841796875
553.176025390625 2167.7060546875 616.3619995117188 2221.573974609375
302.0981140136719 1483.0233154296875 425.4134826660156 1665.2786865234375
96.31751251220703 1172.5357666015625 248.08230590820312 1213.9788818359375
1019.955810546875 1089.1448974609375 1139.971435546875 1212.9388427734375
1020.7567138671875 2162.10791015625 1082.92138671875 2274.054931640625
136.5991973876953 1214.182861328125 286.3310852050781 1260.4542236328125
15.411127090454102 786.8358764648438 239.24636840820312 834.8978271484375
1.1161476373672485 45.25146484375 172.72401428222656 109.23661041259766
591.2166137695312 618.6033325195312 816.0806274414062 666.3291015625
552.9393920898438 2237.058349609375 613.5313720703125 2273.972412109375
1020.1858520507812 938.5838012695312 1140.1214599609375 1061.20556640625
947.6644287109375 1712.9437255859375 1092.5687255859375 1846.847412109375
1021.3488159179688 29.980894088745117 1138.1116943359375 170.66909790039062
1021.4752807617188 309.3413391113281 1137.023681640625 446.42901611328125
621.0504760742188 1964.04833984375 711.6742553710938 2055.33544921875
177.09475708007812 1971.3638916015625 287.0585632324219 2055.19775390625
1022.802001953125 171.7755584716797 1134.5263671875 304.84442138671875
315.6039733886719 960.7069091796875 575.0328369140625 1007.4776611328125
786.256591796875 2166.304443359375 850.970947265625 2273.441162109375
