46.4459342956543 66.74974822998047 192.3002471923828 365.6377868652344
793.3311767578125 2197.670654296875 855.5999145507812 2314.921142578125
1006.3577880859375 2196.743408203125 1114.28076171875 2317.030517578125
290.4412536621094 2198.369140625 416.90869140625 2317.632080078125
82.01592254638672 2198.552734375 151.93251037597656 2316.160888671875
553.0772705078125 2196.42236328125 621.5673217773438 2316.752685546875
1006.3577880859375 2281.3291015625 1114.28076171875 2317.030517578125
48.40913772583008 404.7498474121094 191.48431396484375 547.5391235351562
290.4412536621094 2282.475830078125 416.90869140625 2317.632080078125
48.66566467285156 981.7357788085938 190.6153564453125 1122.767578125
48.014930725097656 596.749755859375 191.07627868652344 738.7901611328125
48.988548278808594 1365.671875 190.9587860107422 1507.015625
49.27657699584961 1173.65625 190.29318237304688 1315.36865234375
48.40457534790039 789.2694702148438 190.91311645507812 930.714599609375
241.69680786132812 1978.396728515625 406.86614990234375 2028.091552734375
796.7218627929688 2282.766357421875 851.9072265625 2314.921142578125
46.4459342956543 66.74974822998047 192.3002471923828 213.41824340820312
793.3311767578125 2197.670654296875 855.5999145507812 2266.9482421875
1023.4036865234375 2196.743408203125 1092.6197509765625 2265.190185546875
560.7059326171875 2283.048583984375 615.8460083007812 2316.752685546875
317.8231506347656 2198.369140625 387.5876159667969 2266.4755859375
90.1527099609375 2283.67919921875 145.5319366455078 2316.160888671875
48.0796012878418 1824.62060546875 287.5601806640625 1892.0284423828125
48.173011779785156 1557.452880859375 190.62318420410156 1698.5548095703125
241.71728515625 1640.339599609375 598.0466918945312 1681.8404541015625
82.01592254638672 2198.552734375 151.93251037597656 2269.956787109375
81.90775299072266 1599.3155517578125 157.2289276123047 1659.2890625
553.0772705078125 2196.42236328125 621.5673217773438 2265.11376953125
239.91055297851562 1192.293701171875 635.4923095703125 1300.871337890625
1012.7439575195312 81.17347717285156 1132.2357177734375 200.62472534179688
238.8167724609375 88.09373474121094 518.626953125 195.0843963623047
1040.659423828125 114.14265441894531 1097.552001953125 174.02732849121094
242.18601989746094 1447.13916015625 526.4468994140625 1489.87939453125
238.6650390625 1001.6277465820312 527.8800048828125 1108.2750244140625
240.99588012695312 425.5881652832031 407.675048828125 474.4675598144531
243.33421325683594 618.9833984375 365.4600524902344 666.2409057617188
241.89505004882812 679.7659912109375 313.29949951171875 720.7747802734375
874.5864868164062 114.35678100585938 931.1072387695312 166.86924743652344
49.10511779785156 1932.826904296875 190.58309936523438 2074.590576171875
48.26738357543945 299.0319519042969 167.23252868652344 365.6377868652344
932.837646484375 48.519874572753906 994.8049926757812 110.78370666503906
242.40830993652344 1385.2801513671875 407.4843444824219 1434.357177734375
844.0908813476562 79.944091796875 965.46240234375 200.43911743164062
242.5224609375 486.59197998046875 527.3550415039062 530.0432739257812
240.2717742919922 1578.1475830078125 406.46881103515625 1626.40673828125
84.91362762451172 1967.7371826171875 153.45330810546875 2037.9578857421875
239.8802947998047 1384.3323974609375 527.0737915039062 1491.2724609375
242.02850341796875 150.7920684814453 470.2442626953125 193.78927612304688
349.8567810058594 679.5143432617188 434.87030029296875 721.7033081054688
84.98021697998047 1018.8023071289062 154.1674041748047 1085.0787353515625
242.65896606445312 1193.5699462890625 448.5369567871094 1243.4315185546875
84.32089233398438 1207.6239013671875 153.71926879882812 1280.2952880859375
242.11471557617188 1063.3890380859375 526.9385375976562 1106.1910400390625
240.61402893066406 1002.547607421875 406.5537109375 1050.608154296875
242.2363739013672 1254.3212890625 634.2571411132812 1298.339599609375
86.12759399414062 1402.363525390625 150.336669921875 1468.6956787109375
455.1429748535156 678.2561645507812 598.7035522460938 721.6834106445312
242.31182861328125 811.0794067382812 406.55047607421875 859.2730102539062
215.98712158203125 51.577674865722656 538.8743286132812 231.58291625976562
439.60772705078125 646.6022338867188 625.8262939453125 752.0692138671875
241.4351043701172 871.4100341796875 561.86181640625 914.0775146484375
