839.8416137695312 2872.188232421875 956.546142578125 3006.982177734375
124.79032135009766 2871.36962890625 238.16062927246094 3008.02783203125
453.6075439453125 2879.058349609375 626.5369873046875 3008.183349609375
1166.2554931640625 2865.160888671875 1350.852783203125 3012.61767578125
596.1295166015625 26.20599937438965 841.6700439453125 272.0935363769531
453.6075439453125 2962.53857421875 626.5369873046875 3008.183349609375
52.744544982910156 2193.8828125 1353.241943359375 2414.399169921875
1166.2554931640625 2956.625732421875 1350.852783203125 3012.61767578125
866.8929443359375 2872.188232421875 931.6702270507812 2944.04052734375
124.79032135009766 2965.082763671875 238.16062927246094 3008.02783203125
54.390220642089844 1980.64208984375 815.136474609375 2112.152099609375
55.394203186035156 2727.779296875 463.8191833496094 2788.92333984375
839.8416137695312 2961.53466796875 956.546142578125 3006.982177734375
55.29391098022461 1193.2899169921875 439.19622802734375 1244.1751708984375
55.605648040771484 2537.843994140625 246.4790802001953 2589.038330078125
54.195213317871094 1810.0859375 802.4918823242188 1875.7845458984375
56.00141143798828 1439.897216796875 299.4619140625 1485.8536376953125
596.1295166015625 204.5706329345703 841.6700439453125 272.0935363769531
54.857337951660156 1614.814697265625 207.57237243652344 1672.4356689453125
143.15269470214844 2871.36962890625 217.57666015625 2947.09228515625
55.35158920288086 403.5589599609375 255.4684600830078 454.64990234375
55.76801681518555 594.2359619140625 780.318359375 658.0428466796875
499.73974609375 2879.058349609375 580.6992797851562 2934.714599609375
1226.7303466796875 2865.160888671875 1290.2218017578125 2941.724609375
56.11744689941406 1362.82373046875 234.76263427734375 1422.1083984375
299.3739318847656 47.52085494995117 337.3345642089844 96.4896011352539
54.13465881347656 1361.3218994140625 300.0050964355469 1487.58935546875
674.1643676757812 26.20599937438965 764.8766479492188 115.9326400756836
51.88066101074219 1948.6982421875 1384.577392578125 2147.365234375
56.31681823730469 793.1510009765625 762.4300537109375 854.9893188476562
55.53245544433594 1038.5546875 922.4349975585938 1090.2972412109375
3.8462018966674805 2842.26953125 1437.1282958984375 3042.9228515625
52.729740142822266 1807.787109375 1391.9989013671875 1884.0096435546875
1311.5023193359375 47.00502014160156 1343.281494140625 95.88163757324219
55.59965133666992 964.0685424804688 411.9849853515625 1022.9813842773438
217.1855926513672 48.07261276245117 264.10333251953125 95.32486724853516
50.62345504760742 960.918701171875 1391.9483642578125 1094.4383544921875
