700.7276611328125 2193.712646484375 775.858154296875 2311.781494140625
107.63399505615234 2188.449951171875 183.73455810546875 2312.421875
397.14141845703125 2191.305419921875 487.73406982421875 2312.5146484375
968.8460693359375 2190.068603515625 1091.7445068359375 2312.730712890625
765.1793212890625 1826.639892578125 1177.5067138671875 1935.56591796875
968.8460693359375 2274.418212890625 1091.7445068359375 2312.730712890625
397.14141845703125 2275.990478515625 487.73406982421875 2312.5146484375
71.22254180908203 1825.489990234375 681.7601928710938 1935.4031982421875
706.3679809570312 2275.249267578125 767.7052612304688 2311.781494140625
49.31132888793945 988.879638671875 317.5879211425781 1054.3341064453125
229.5980987548828 274.4006652832031 396.971435546875 323.2863464355469
115.47173309326172 2275.537841796875 177.21189880371094 2312.421875
230.42245483398438 616.1268310546875 336.25897216796875 666.3863525390625
48.039398193359375 1774.5101318359375 704.1718139648438 2061.396728515625
562.4802856445312 1951.596435546875 680.1126098632812 2001.012451171875
381.9295959472656 615.4861450195312 539.8991088867188 666.3920288085938
700.7276611328125 2193.712646484375 775.858154296875 2260.48876953125
553.5527954101562 444.8250427246094 811.540283203125 496.2828063964844
743.4270629882812 1773.9730224609375 1177.46923828125 2061.740478515625
583.537109375 616.1027221679688 711.589599609375 665.4908447265625
76.18843841552734 1139.4384765625 702.2955932617188 1190.8426513671875
105.86004638671875 435.53314208984375 181.31324768066406 510.38909912109375
1039.369140625 53.7220573425293 1101.60546875 124.66388702392578
741.9692993164062 1112.457275390625 1178.132080078125 1772.6080322265625
228.4534454345703 444.9144287109375 484.9879455566406 496.0675354003906
105.01912689208984 262.6194763183594 180.22169494628906 338.6623229980469
107.63399505615234 2188.449951171875 183.73455810546875 2262.33837890625
61.023094177246094 385.3304748535156 1122.2445068359375 556.3028564453125
57.31797409057617 725.3204956054688 1124.1343994140625 876.764892578125
46.639156341552734 1114.62353515625 704.7826538085938 1776.756591796875
406.6607360839844 54.28483963012695 772.9717407226562 119.44255828857422
61.22246170043945 556.433837890625 1122.330810546875 726.1470947265625
110.78185272216797 602.8357543945312 177.10890197753906 680.2817993164062
404.3910217285156 2191.305419921875 478.3697204589844 2258.15673828125
58.31041717529297 208.9319610595703 1126.617431640625 384.2400207519531
994.498046875 2190.068603515625 1067.150634765625 2263.866943359375
73.29817962646484 1826.3533935546875 680.267333984375 1875.2730712890625
