641.9136352539062 1872.99365234375 788.602294921875 2085.073974609375
351.75604248046875 2175.195068359375 800.8167724609375 2388.4013671875
632.5001220703125 2175.195068359375 799.6018676757812 2387.66748046875
340.8092041015625 2176.0166015625 487.1660461425781 2387.137451171875
340.86029052734375 1572.4227294921875 486.0100402832031 1784.6920166015625
340.23583984375 1268.079345703125 486.93585205078125 1480.9908447265625
331.3471374511719 362.2192687988281 497.1872253417969 576.0634155273438
935.1694946289062 1571.2891845703125 1103.1702880859375 1784.477783203125
934.3515014648438 362.1628723144531 1103.44189453125 575.2420654296875
912.6359252929688 664.5763549804688 1124.0460205078125 878.3755493164062
340.8838195800781 1873.9522705078125 486.6393127441406 2085.945068359375
632.916259765625 362.2796936035156 799.6959838867188 574.5867919921875
340.1007385253906 966.0322875976562 486.4432373046875 1180.1759033203125
935.3568725585938 967.2274780273438 1102.4404296875 1179.46533203125
934.6693725585938 1876.7242431640625 1104.0115966796875 2085.275146484375
934.1514282226562 1268.962890625 1102.0897216796875 1481.2337646484375
632.5581665039062 966.3228149414062 798.6017456054688 1179.42578125
630.8389892578125 664.5521850585938 800.1564331054688 877.61669921875
630.751708984375 1269.4833984375 800.080078125 1481.671142578125
932.9016723632812 2175.373291015625 1104.12109375 2388.802978515625
631.787841796875 1571.9222412109375 801.3043212890625 1784.2861328125
329.8900146484375 664.001708984375 496.70648193359375 877.3074951171875
934.6693725585938 1903.184814453125 1104.0115966796875 2085.275146484375
49.109031677246094 2243.779541015625 213.94418334960938 2293.771728515625
49.403865814208984 2099.860107421875 214.5913848876953 2149.649658203125
641.9136352539062 1872.99365234375 788.602294921875 2019.0533447265625
48.793243408203125 1812.38037109375 214.97377014160156 1860.723876953125
642.0565185546875 2175.195068359375 789.7369995117188 2322.40087890625
340.8092041015625 2176.0166015625 487.1660461425781 2321.298828125
340.86029052734375 1572.4227294921875 486.0100402832031 1717.1065673828125
351.28057861328125 1431.4324951171875 477.9945983886719 1480.9908447265625
340.23583984375 1268.079345703125 486.93585205078125 1414.7423095703125
934.1514282226562 1431.8031005859375 1102.0897216796875 1481.2337646484375
932.9016723632812 2339.3994140625 1104.12109375 2388.802978515625
339.4324951171875 362.2192687988281 487.68353271484375 508.7550048828125
334.6941223144531 221.5747528076172 429.9688415527344 278.1828918457031
934.6693725585938 2037.50341796875 1104.0115966796875 2085.275146484375
944.2869873046875 1571.2891845703125 1090.1500244140625 1717.150146484375
630.751708984375 1433.2322998046875 800.080078125 1481.671142578125
943.7297973632812 362.1628723144531 1090.4942626953125 508.5080871582031
944.5966186523438 664.5763549804688 1089.7147216796875 810.7105102539062
50.753353118896484 658.6033325195312 214.2671661376953 709.06396484375
48.430931091308594 515.234619140625 130.56988525390625 563.5264282226562
49.498470306396484 1667.215087890625 213.24107360839844 1715.8433837890625
630.8389892578125 828.0653076171875 800.1564331054688 877.61669921875
631.787841796875 1734.3748779296875 801.3043212890625 1784.2861328125
329.8900146484375 829.20166015625 496.70648193359375 877.3074951171875
48.06581115722656 220.85572814941406 238.02369689941406 278.8752746582031
912.6359252929688 827.2005004882812 1124.0460205078125 878.3755493164062
48.56032943725586 1377.91455078125 215.18252563476562 1428.608154296875
351.17767333984375 2037.468505859375 476.999755859375 2085.945068359375
935.3568725585938 1129.1009521484375 1102.4404296875 1179.46533203125
340.8838195800781 1873.9522705078125 486.6393127441406 2018.7640380859375
50.77028274536133 1234.4053955078125 214.47186279296875 1284.4129638671875
642.1376342773438 362.2796936035156 788.7169189453125 508.693603515625
935.1694946289062 1733.4290771484375 1103.1702880859375 1784.477783203125
340.1007385253906 966.0322875976562 486.4432373046875 1113.0626220703125
934.3515014648438 525.3248901367188 1103.44189453125 575.2420654296875
232.18563842773438 38.33494186401367 371.8365173339844 91.28722381591797
351.0278625488281 1130.548583984375 476.2607421875 1180.1759033203125
944.3658447265625 967.2274780273438 1089.4974365234375 1112.36572265625
48.739532470703125 803.0201416015625 130.56178283691406 849.2021484375
49.74184799194336 1090.5760498046875 214.43052673339844 1140.0377197265625
351.75604248046875 2341.579345703125 800.8167724609375 2388.4013671875
632.5001220703125 2342.176513671875 799.6018676757812 2387.66748046875
945.995361328125 1876.7242431640625 1090.1448974609375 2019.7723388671875
632.5581665039062 1130.28857421875 798.6017456054688 1179.42578125
331.3471374511719 526.3078002929688 497.1872253417969 576.0634155273438
943.8998413085938 1268.962890625 1090.1024169921875 1415.9095458984375
641.4019165039062 966.3228149414062 789.1370239257812 1113.052734375
642.2267456054688 664.5521850585938 788.7724609375 811.3095703125
632.916259765625 526.6419067382812 799.6959838867188 574.5867919921875
641.6572265625 1269.4833984375 788.2957763671875 1415.5380859375
944.2933959960938 2175.373291015625 1089.9105224609375 2321.3603515625
50.40966033935547 1523.63427734375 130.5730743408203 1571.05712890625
642.2828979492188 1571.9222412109375 788.0516967773438 1717.916259765625
48.35194396972656 369.9797668457031 212.16798400878906 421.0259704589844
339.4764709472656 664.001708984375 487.9931335449219 811.2439575195312
968.4103393554688 1903.184814453125 1067.9227294921875 2016.5943603515625
48.98212814331055 948.0819091796875 214.1212158203125 995.8125
653.578857421875 2036.900146484375 779.5933227539062 2085.073974609375
373.461669921875 1734.8238525390625 456.15826416015625 1784.6920166015625
352.300048828125 2343.0869140625 477.9879150390625 2387.137451171875
128.9022216796875 10.363834381103516 1129.4329833984375 120.06111907958984
413.1176452636719 37.062442779541016 604.2650756835938 91.51873016357422
36.154869079589844 189.9237518310547 250.45692443847656 302.5862121582031
29.408573150634766 352.5040588378906 238.27090454101562 447.3970642089844
32.23938751220703 640.3673706054688 240.22328186035156 734.4581298828125
31.837858200073242 931.0022583007812 233.5086669921875 1022.5151977539062
215.77536010742188 17.33711051940918 390.97552490234375 119.22280883789062
33.87725830078125 1072.609375 238.29104614257812 1168.3392333984375
34.222293853759766 1214.8809814453125 239.80563354492188 1315.3955078125
32.580692291259766 1359.786376953125 242.51095581054688 1454.7818603515625
23.637929916381836 1645.3134765625 252.25912475585938 1749.115478515625
