1022.19677734375 22.945938110351562 1116.4779052734375 98.57640838623047
1001.7426147460938 331.5199279785156 1067.955810546875 397.8979187011719
745.160888671875 797.41845703125 896.528076171875 1093.560302734375
49.185951232910156 1136.934814453125 1122.79833984375 1435.0858154296875
940.81201171875 151.07901000976562 1120.94970703125 251.71377563476562
696.5902099609375 2235.834716796875 763.9874267578125 2275.9833984375
107.79046630859375 2147.156494140625 183.70944213867188 2275.97265625
49.13587951660156 1770.544921875 1122.357177734375 2070.20263671875
49.623695373535156 1454.357421875 1122.689208984375 1751.006591796875
473.68206787109375 1.5729565620422363 704.3922119140625 128.33694458007812
948.3617553710938 2239.031494140625 1086.9139404296875 2274.64697265625
355.9223327636719 292.7650451660156 814.5260009765625 750.5429077148438
