48.44982147216797 2195.515869140625 187.51364135742188 2319.8994140625
486.29345703125 2194.283447265625 689.4257202148438 2321.512451171875
748.2857055664062 594.7835693359375 1029.175048828125 823.2230224609375
523.7538452148438 594.4865112304688 672.0259399414062 822.4108276367188
150.65960693359375 595.3229370117188 448.2582092285156 825.5009155273438
789.0648193359375 2194.492919921875 857.7399291992188 2320.781982421875
288.18353271484375 2195.902587890625 417.1436767578125 2320.3857421875
48.44982147216797 2282.98974609375 187.51364135742188 2319.8994140625
150.65960693359375 772.37353515625 448.2582092285156 825.5009155273438
288.18353271484375 2281.771240234375 417.1436767578125 2320.3857421875
748.2857055664062 772.2119750976562 1029.175048828125 823.2230224609375
71.5433349609375 1432.0582275390625 305.1383972167969 1486.5362548828125
1020.5906372070312 2282.7861328125 1099.451904296875 2319.331298828125
486.29345703125 2281.934814453125 689.4257202148438 2321.512451171875
527.9570922851562 772.7325439453125 668.4546508789062 822.4108276367188
248.7370147705078 1138.9365234375 852.6771850585938 1306.472412109375
789.0648193359375 2282.45751953125 857.7399291992188 2320.781982421875
815.283447265625 594.6976318359375 963.144287109375 741.33154296875
250.93211364746094 1796.597900390625 658.7855224609375 1845.48095703125
251.7930145263672 1622.60107421875 828.5462646484375 1675.2725830078125
225.570556640625 595.3302001953125 372.96673583984375 741.1466674804688
251.267333984375 2145.994384765625 515.7197875976562 2181.689453125
75.24707794189453 89.98026275634766 268.609375 181.78565979003906
72.8006820678711 1087.1689453125 1107.438720703125 1354.11474609375
149.15347290039062 1788.506591796875 210.41339111328125 1850.3663330078125
86.8182601928711 2195.20361328125 146.5314178466797 2258.1875
86.9297866821289 2195.515869140625 146.3599395751953 2257.887451171875
148.93075561523438 1614.8118896484375 210.08346557617188 1676.18408203125
152.2433319091797 2137.060302734375 205.3607177734375 2177.822998046875
556.8554077148438 2194.283447265625 619.9849243164062 2256.57666015625
73.38311004638672 1907.6417236328125 1104.5875244140625 2082.743408203125
815.3240356445312 594.7835693359375 963.0113525390625 741.1738891601562
575.1517333984375 2282.739013671875 688.3707275390625 2318.499755859375
523.7538452148438 594.4865112304688 672.0259399414062 740.7518310546875
71.93355560302734 956.5670166015625 341.2096862792969 1014.193115234375
225.6158447265625 595.3229370117188 372.8359069824219 740.6508178710938
152.9056396484375 263.4252014160156 657.670166015625 317.5623474121094
154.9202423095703 1962.1639404296875 205.2229766845703 2025.372802734375
251.9519500732422 1971.7138671875 639.7941284179688 2018.63330078125
793.7925415039062 2194.492919921875 855.5012817382812 2255.3046875
72.95082092285156 1733.55859375 1105.767578125 1909.1761474609375
72.6754150390625 1562.5238037109375 1107.0572509765625 1734.015869140625
72.65204620361328 234.02838134765625 1109.132568359375 341.4917907714844
985.478515625 1149.3245849609375 1011.0648193359375 1191.6973876953125
148.59483337402344 1138.9603271484375 210.96630859375 1201.7413330078125
320.2156982421875 2195.902587890625 385.4264221191406 2257.60546875
73.00383758544922 466.73028564453125 330.213134765625 518.6270751953125
252.8214111328125 1207.0838623046875 849.501953125 1304.8924560546875
