150.98707580566406 2200.999755859375 238.11729431152344 2319.095458984375
44.154239654541016 280.48577880859375 517.0816040039062 485.2707824707031
925.6337280273438 2198.896484375 1022.0958251953125 2319.127685546875
481.5753173828125 2200.36083984375 685.4061889648438 2320.266357421875
150.98707580566406 2286.04052734375 238.11729431152344 2319.095458984375
0.7813208103179932 1094.613525390625 149.9440155029297 1217.7818603515625
925.6337280273438 2283.32275390625 1022.0958251953125 2319.127685546875
131.2943115234375 579.8164672851562 342.499755859375 623.7120971679688
3.3776628971099854 532.74560546875 584.099609375 676.1342163085938
715.8086547851562 438.36383056640625 1012.1002807617188 483.8692321777344
633.9658813476562 283.074951171875 697.6500854492188 347.9684753417969
49.30107879638672 1361.470703125 299.0492858886719 1417.0677490234375
83.4585189819336 1937.3753662109375 1046.609619140625 2113.61572265625
2.5145750045776367 245.71322631835938 584.2772216796875 387.33380126953125
790.579833984375 1095.56591796875 1168.8887939453125 1217.457275390625
587.0352783203125 531.9442138671875 1167.8795166015625 676.1410522460938
0.7259231209754944 1139.640380859375 89.00868225097656 1180.30322265625
715.3546752929688 293.234375 982.146240234375 338.2914123535156
159.17587280273438 2200.999755859375 225.11065673828125 2268.00341796875
851.5827026367188 1137.1767578125 1126.560791015625 1180.5694580078125
131.30023193359375 293.66290283203125 443.49249267578125 340.2889099121094
790.0057983398438 814.22412109375 1112.6019287109375 879.378662109375
481.5753173828125 2284.262451171875 685.4061889648438 2320.266357421875
2.346682071685791 828.8076171875 216.98886108398438 889.9402465820312
1.9182415008544922 921.7769775390625 194.78208923339844 1031.4559326171875
48.30242919921875 570.0556030273438 110.65613555908203 636.4346923828125
632.661376953125 425.93804931640625 697.1677856445312 492.65582275390625
46.622962951660156 280.48577880859375 114.92671966552734 348.7161865234375
35.16377639770508 108.76892852783203 114.06041717529297 170.2564239501953
130.1809539794922 437.2079162597656 515.8216552734375 482.6935119628906
44.154239654541016 432.3210144042969 517.0816040039062 485.2707824707031
941.8865356445312 2198.896484375 1006.087646484375 2270.5751953125
586.8477783203125 244.7015380859375 1168.0123291015625 387.9771728515625
1.335489273071289 826.9014892578125 217.25022888183594 1032.5650634765625
158.79331970214844 68.02413940429688 1122.5386962890625 213.00437927246094
716.792724609375 580.7160034179688 1000.4157104492188 625.946533203125
2.4644861221313477 389.8770446777344 583.08447265625 532.0908813476562
45.02273178100586 432.04754638671875 116.2076187133789 484.43975830078125
632.3765869140625 572.0125122070312 699.234619140625 630.9970703125
314.8938903808594 773.9532470703125 657.9959716796875 1105.253662109375
545.7296752929688 2200.36083984375 623.80859375 2265.259521484375
1.6994315385818481 735.0665893554688 1169.080322265625 1293.76025390625
864.8142700195312 909.9472045898438 1168.6934814453125 959.9945068359375
788.4379272460938 812.1388549804688 1168.24072265625 1028.08935546875
586.9418334960938 389.15283203125 1168.18701171875 532.0021362304688
47.16659927368164 1898.5966796875 1121.243408203125 2172.024658203125
862.2935180664062 909.1123046875 1167.8544921875 1026.7509765625
271.0785827636719 113.72391510009766 1025.5433349609375 174.6265869140625
