99.65355682373047 3618.8173828125 423.7577209472656 3763.84619140625
320.83843994140625 3983.8203125 736.3773193359375 4051.023681640625
85.33493041992188 7.7551493644714355 215.58824157714844 125.59947204589844
98.47342681884766 1927.3880615234375 555.8342895507812 1996.0999755859375
98.03746795654297 1373.6199951171875 468.38336181640625 1749.873046875
1083.27978515625 551.3534545898438 1240.365966796875 1000.0999145507812
778.6341552734375 4375.64306640625 885.0540771484375 4424.78125
98.8248062133789 2932.181640625 464.1791687011719 3307.359130859375
503.454345703125 2934.588134765625 874.6985473632812 3308.68505859375
914.3106079101562 3324.78564453125 1141.301513671875 3374.0390625
97.27992248535156 3958.357177734375 277.0368957519531 4141.7998046875
549.2135009765625 4277.36376953125 661.940673828125 4424.17431640625
734.4320678710938 2575.1865234375 995.1422729492188 2692.333984375
739.4427490234375 2059.648193359375 1239.7366943359375 2554.98876953125
1079.86474609375 1019.6604614257812 1213.4093017578125 1076.239990234375
459.78033447265625 3618.642333984375 719.070556640625 3763.392578125
97.18902587890625 548.9108276367188 543.6035766601562 1000.6936645507812
1113.094970703125 50.692413330078125 1183.6104736328125 86.7509765625
98.42562103271484 415.1263427734375 794.2568359375 493.83453369140625
1045.037841796875 46.69635009765625 1093.5682373046875 92.44567108154297
98.61793518066406 2056.8671875 691.2618408203125 2690.263916015625
97.5221939086914 1374.727783203125 468.9232482910156 1748.7581787109375
1083.4271240234375 550.6795043945312 1240.5528564453125 1002.5477905273438
584.3934936523438 550.999267578125 1038.2335205078125 1134.735595703125
502.8904724121094 2935.0478515625 875.126953125 3306.600830078125
1036.669921875 3997.6865234375 1143.783447265625 4104.9150390625
86.73036193847656 1754.9052734375 443.9622497558594 1837.745849609375
917.7592163085938 2930.99365234375 1240.915771484375 3309.626953125
1004.7095947265625 4375.4716796875 1137.6552734375 4424.103515625
501.3576354980469 3324.07958984375 851.1561889648438 3374.563232421875
319.9613342285156 4374.81494140625 454.6637268066406 4426.77197265625
584.5285034179688 550.8765258789062 1038.4320068359375 1000.9948120117188
972.0253295898438 47.42677688598633 1030.8114013671875 95.72869873046875
97.31526184082031 3325.07470703125 358.2566833496094 3375.56201171875
93.93408966064453 1020.2677612304688 351.00323486328125 1134.388427734375
98.19644927978516 1240.619140625 561.1622924804688 1315.53466796875
758.2717895507812 3619.722412109375 1149.3984375 3762.7216796875
868.8928833007812 1717.001953125 1077.7313232421875 1881.3436279296875
96.98311614990234 549.8750610351562 543.6221923828125 999.5050659179688
98.96660614013672 3483.09716796875 629.9307861328125 3557.131103515625
898.4696044921875 4010.37158203125 972.3251953125 4080.88427734375
1185.4744873046875 3619.013671875 1241.4466552734375 3764.33837890625
502.0456237792969 1767.5328369140625 816.0455932617188 1820.713134765625
918.1004638671875 2931.595458984375 1241.313720703125 3308.364013671875
108.11331939697266 4378.12890625 206.15835571289062 4425.12939453125
1082.728515625 1090.0343017578125 1223.29541015625 1132.8939208984375
98.40961456298828 2932.78515625 463.9804992675781 3307.328857421875
95.2260513305664 2574.309326171875 352.101318359375 2691.6162109375
739.7496948242188 2059.749755859375 1239.9755859375 2555.727783203125
97.32027435302734 2795.97705078125 539.563720703125 2871.088134765625
321.97052001953125 4066.910888671875 615.6475219726562 4117.33935546875
