1.1351232528686523 2.414534568786621 1240.49365234375 609.9728393554688
0.8214902281761169 846.3074951171875 107.55766296386719 1389.06396484375
444.0591735839844 2411.926025390625 500.9819030761719 2469.8076171875
530.6788940429688 1994.2310791015625 737.9176635742188 2200.73291015625
1140.1514892578125 848.773681640625 1241.287109375 1388.3726806640625
254.02532958984375 728.0143432617188 990.8115844726562 1693.40869140625
1070.638427734375 1773.7099609375 1144.9451904296875 1813.4505615234375
254.21707153320312 726.791259765625 990.9490966796875 1511.0380859375
749.5013427734375 2410.619384765625 803.4139404296875 2471.96240234375
1048.7691650390625 2417.378662109375 1109.0216064453125 2467.7724609375
76.1810531616211 1753.34375 188.81564331054688 1834.7784423828125
