239.79747009277344 741.7717895507812 273.2810363769531 780.1668090820312
149.3061065673828 610.3607788085938 276.3785705566406 780.1668090820312
282.3186950683594 610.7420043945312 374.9297790527344 779.704345703125
33.126285552978516 741.533447265625 61.531463623046875 779.644775390625
14.80919075012207 117.55038452148438 360.5816955566406 311.4142150878906
14.80919075012207 117.55038452148438 360.5816955566406 312.52227783203125
14.80919075012207 117.55038452148438 360.5816955566406 371.1872863769531
14.80919075012207 117.55038452148438 360.5816955566406 310.74786376953125
15.53573989868164 388.8125915527344 145.88148498535156 593.2413330078125
316.1607666015625 125.52241516113281 342.3553161621094 159.65090942382812
33.126285552978516 768.0479125976562 61.531463623046875 779.644775390625
98.83550262451172 768.26904296875 138.36309814453125 779.59814453125
322.9878845214844 287.8576354980469 374.94366455078125 320.3240966796875
239.79747009277344 768.0176391601562 273.2810363769531 780.1668090820312
15.788666725158691 287.47308349609375 68.86251831054688 320.2182922363281
313.2088317871094 767.708740234375 343.9420166015625 779.704345703125
77.34957122802734 287.6029968261719 179.07102966308594 320.0824890136719
163.6030731201172 736.2468872070312 211.3966522216797 773.5841064453125
66.10953521728516 71.19338989257812 117.27616882324219 88.676513671875
205.2998504638672 295.4202575683594 299.9967956542969 311.4142150878906
310.7613525390625 537.921630859375 348.6355285644531 550.5774536132812
149.17080688476562 388.1805114746094 280.6054382324219 559.642578125
41.90633010864258 537.8416748046875 80.46282958984375 550.9381713867188
186.90602111816406 287.7741394042969 315.07525634765625 320.0504455566406
282.6013488769531 388.75738525390625 374.9902038574219 557.8578491210938
94.82283020019531 294.6932678222656 161.98272705078125 312.52227783203125
16.118064880371094 576.0294799804688 82.6075210571289 593.2413330078125
15.607850074768066 354.27099609375 43.92650604248047 371.1872863769531
159.07131958007812 213.57513427734375 220.7068634033203 229.4497528076172
15.293291091918945 388.7724609375 146.03900146484375 558.6173706054688
341.21832275390625 295.9045715332031 374.84649658203125 311.36029052734375
16.560405731201172 61.94423294067383 359.5435791015625 98.44863891601562
29.325407028198242 14.848801612854004 56.39470672607422 30.590194702148438
316.1607666015625 148.83108520507812 342.3553161621094 159.65090942382812
115.05834197998047 154.02198791503906 257.2510070800781 186.7172088623047
149.4140625 610.1456298828125 276.0491638183594 729.4207763671875
174.23379516601562 537.78466796875 214.58311462402344 550.560302734375
14.950677871704102 117.52044677734375 360.69940185546875 268.6341857910156
282.34808349609375 610.5736083984375 374.99658203125 729.6696166992188
12.607057571411133 349.3990783691406 48.163673400878906 375.71368408203125
244.27862548828125 741.7717895507812 266.357421875 763.0443725585938
315.9129943847656 15.376147270202637 330.87957763671875 29.48017692565918
19.404279708862305 0.6471078395843506 66.78271484375 42.72030258178711
57.38080978393555 62.5313606262207 125.07779693603516 97.86996459960938
16.389019012451172 62.40833282470703 57.852176666259766 97.92317199707031
149.3061065673828 610.3607788085938 276.3785705566406 729.2608032226562
293.06524658203125 16.052352905273438 311.56561279296875 30.221519470214844
282.3186950683594 610.7420043945312 374.9297790527344 729.4417114257812
35.56520462036133 741.533447265625 58.093849182128906 763.2268676757812
264.9771423339844 491.4266052246094 279.9241943359375 502.1618957519531
282.83880615234375 389.3453674316406 374.9464416503906 556.0924682617188
31.394107818603516 69.26569366455078 51.910099029541016 90.28779602050781
33.6423454284668 294.8658447265625 51.74918746948242 310.74786376953125
14.80919075012207 117.55038452148438 360.5816955566406 268.0714111328125
163.6512908935547 736.4915771484375 211.39517211914062 773.0743408203125
14.508057594299316 609.7640991210938 140.3798065185547 729.8922119140625
15.53573989868164 388.8125915527344 145.88148498535156 555.7266235351562
10.854289054870605 342.2082824707031 52.1706657409668 384.8476257324219
141.02297973632812 205.37791442871094 235.3236083984375 238.46737670898438
318.7551574707031 125.52241516113281 337.38543701171875 145.91786193847656
148.96975708007812 388.40252685546875 280.7084045410156 558.925048828125
11.522253036499023 567.1551513671875 91.24898529052734 603.9515380859375
