55.99512481689453 1286.2364501953125 1386.30224609375 1432.203125
345.18035888671875 832.203857421875 1042.4976806640625 925.3572387695312
58.31864929199219 1473.253662109375 1384.507568359375 1615.247314453125
297.83148193359375 47.55828857421875 338.345458984375 98.12364959716797
471.51416015625 175.11212158203125 966.5716552734375 670.641845703125
37.37986755371094 1912.9412841796875 1405.5572509765625 2216.990234375
117.32046508789062 974.848876953125 1330.8094482421875 1093.4029541015625
139.19017028808594 2726.85009765625 1299.8155517578125 2896.1357421875
598.311279296875 2937.129638671875 841.5994262695312 2997.39794921875
57.84456253051758 1647.624755859375 1386.542724609375 1789.936767578125
76.4955062866211 1.3672082424163818 276.4754638671875 142.15060424804688
