670.3098754882812 2180.49658203125 790.175537109375 2298.810791015625
866.9921875 759.892578125 1014.0126342773438 884.6162109375
393.1732482910156 2188.0595703125 482.91827392578125 2297.6875
377.88970947265625 1414.406982421875 521.4065551757812 1532.2904052734375
151.78805541992188 763.677490234375 298.5757141113281 883.8345336914062
108.26956176757812 1409.643798828125 251.70387268066406 1532.6524658203125
644.287353515625 1410.142578125 791.2486572265625 1533.2608642578125
509.99737548828125 759.7839965820312 655.2841796875 884.3929443359375
950.9264526367188 1412.385009765625 1021.47314453125 1532.4794921875
991.315185546875 2184.6953125 1053.5618896484375 2298.846435546875
107.2547378540039 1623.7430419921875 253.75172424316406 1743.2735595703125
409.46453857421875 431.83673095703125 481.4961242675781 539.4110717773438
670.0602416992188 432.0716247558594 775.4647216796875 538.3418579101562
132.48223876953125 431.4554138183594 204.5260009765625 538.7784423828125
946.5413208007812 431.8787536621094 1052.1868896484375 539.0725708007812
393.1732482910156 2262.818603515625 482.91827392578125 2297.6875
670.3098754882812 2262.27685546875 790.175537109375 2298.810791015625
700.1493530273438 2180.49658203125 761.844482421875 2246.103271484375
151.78805541992188 840.4929809570312 298.5757141113281 883.8345336914062
115.7589111328125 2184.703857421875 178.15438842773438 2247.79345703125
108.26956176757812 1490.5594482421875 251.70387268066406 1532.6524658203125
107.8629150390625 660.7528076171875 276.7966613769531 711.4432373046875
509.99737548828125 840.3488159179688 655.2841796875 884.3929443359375
914.6414184570312 759.892578125 970.4761352539062 826.576171875
473.427490234375 2045.664306640625 729.769775390625 2087.45166015625
405.2585754394531 2188.0595703125 471.7160339355469 2248.181396484375
866.9921875 841.1107177734375 1014.0126342773438 884.6162109375
422.7117004394531 1414.406982421875 478.3277282714844 1466.3289794921875
197.13209533691406 763.677490234375 257.10675048828125 823.2103881835938
991.315185546875 2261.969970703125 1053.5618896484375 2298.846435546875
48.898868560791016 137.3097686767578 226.91323852539062 318.6228332519531
377.88970947265625 1490.119873046875 521.4065551757812 1532.2904052734375
644.287353515625 1490.10205078125 791.2486572265625 1533.2608642578125
154.74305725097656 1409.643798828125 207.71595764160156 1473.0452880859375
693.4306030273438 1410.142578125 744.9208374023438 1472.986572265625
950.9264526367188 1491.02197265625 1021.47314453125 1532.4794921875
558.179443359375 759.7839965820312 612.6480102539062 826.3306274414062
107.2547378540039 1700.2681884765625 253.75172424316406 1743.2735595703125
670.0602416992188 497.30059814453125 775.4647216796875 538.3418579101562
946.5413208007812 496.9334411621094 1052.1868896484375 539.0725708007812
960.3529052734375 1412.385009765625 1014.7865600585938 1471.6922607421875
994.8449096679688 2184.6953125 1051.1025390625 2250.83349609375
264.5168151855469 165.5366668701172 681.9425048828125 238.73825073242188
49.040653228759766 974.4998168945312 1120.369384765625 1221.4251708984375
132.48223876953125 497.45135498046875 204.5260009765625 538.7784423828125
111.35406494140625 1030.29638671875 448.0240478515625 1093.938720703125
1052.382080078125 169.4318084716797 1117.8177490234375 222.62393188476562
49.07890319824219 615.134765625 1122.4320068359375 937.7738037109375
447.87725830078125 1953.27783203125 516.5278930664062 2023.06396484375
526.302734375 1963.121826171875 730.4612426757812 2017.66552734375
152.8624725341797 1623.7430419921875 208.89764404296875 1681.8424072265625
559.2122192382812 1031.6280517578125 670.0206909179688 1092.883056640625
429.4386291503906 431.83673095703125 462.85498046875 478.7510986328125
108.36906433105469 1307.492919921875 277.9643859863281 1357.84716796875
409.46453857421875 496.2510681152344 481.4961242675781 539.4110717773438
705.94189453125 432.0716247558594 739.411376953125 478.6127014160156
151.7998809814453 431.4554138183594 185.26980590820312 479.0395202636719
655.2968139648438 1110.5421142578125 792.6566772460938 1169.01708984375
983.0663452148438 431.8787536621094 1017.0021362304688 478.6504211425781
328.3197326660156 1115.8861083984375 641.377685546875 1162.8914794921875
76.99488067626953 151.0260467529297 199.0771942138672 315.4280090332031
