559.6328125 2180.72998046875 623.2239379882812 2296.5927734375
1026.3665771484375 2180.14599609375 1095.18212890625 2297.264892578125
790.2817993164062 2181.590576171875 859.9182739257812 2297.004638671875
119.81771087646484 260.4002685546875 262.4830017089844 391.00714111328125
309.3945617675781 2260.868896484375 398.3424987792969 2296.441650390625
719.9624633789062 2008.9466552734375 837.3518676757812 2060.478515625
993.3167724609375 71.53807830810547 1108.36328125 185.66783142089844
113.09676361083984 837.7494506835938 348.80413818359375 925.7401123046875
794.7767333984375 2260.324462890625 854.0499267578125 2297.004638671875
119.81771087646484 347.777587890625 262.4830017089844 391.00714111328125
560.7991943359375 2261.155517578125 619.6661987304688 2296.5927734375
119.5914306640625 625.3275756835938 293.4418029785156 675.9222412109375
1030.6591796875 2260.223388671875 1090.4219970703125 2297.264892578125
334.1297912597656 624.430908203125 579.460205078125 675.0802001953125
71.31477355957031 507.50482177734375 1108.8446044921875 725.8790893554688
149.3729248046875 854.2111206054688 315.133056640625 906.5706176757812
360.86663818359375 346.96209716796875 503.9580993652344 390.3207702636719
87.13001251220703 2260.3173828125 148.44549560546875 2297.478271484375
489.5390625 106.85850524902344 631.8173828125 151.920166015625
243.97955322265625 105.79166412353516 383.1977844238281 152.20176696777344
636.2433471679688 347.64068603515625 706.775146484375 389.2379150390625
841.0768432617188 346.9394226074219 982.9802856445312 390.0433044433594
450.0585021972656 1949.4354248046875 728.8828735351562 2077.65380859375
121.8492431640625 556.6492309570312 299.0927429199219 608.577392578125
993.236328125 71.83824920654297 1108.32666015625 184.9241485595703
449.17340087890625 1949.26904296875 729.16748046875 2076.613525390625
1056.2008056640625 346.668701171875 1177.8150634765625 388.89910888671875
70.76909637451172 1819.187255859375 480.9948425292969 2142.458984375
80.3050308227539 2092.900390625 304.0679016113281 2140.380859375
559.6328125 2180.72998046875 623.2239379882812 2249.706787109375
877.2633666992188 260.5893859863281 948.4495239257812 333.5338134765625
1026.3665771484375 2180.14599609375 1095.18212890625 2248.73193359375
70.8857192993164 796.7078247070312 1111.2056884765625 1784.09521484375
734.7908325195312 105.92395782470703 877.6705322265625 152.1453094482422
73.2190170288086 46.74814224243164 965.296142578125 213.18658447265625
790.2817993164062 2181.590576171875 859.9182739257812 2247.4306640625
234.1080322265625 2009.3306884765625 461.50946044921875 2060.02685546875
157.5548095703125 260.4002685546875 227.2122344970703 331.0869140625
234.6554718017578 87.15482330322266 396.2264404296875 170.23435974121094
72.87596130371094 1886.537841796875 388.69915771484375 1932.92431640625
