47.810516357421875 1454.587158203125 179.72872924804688 1551.5589599609375
283.22784423828125 1455.3497314453125 428.3445739746094 1549.22900390625
522.7757568359375 1455.3548583984375 684.2154541015625 1548.1268310546875
602.0701293945312 448.8858337402344 702.8687133789062 547.4496459960938
47.810516357421875 1521.77978515625 179.72872924804688 1551.5589599609375
78.4068832397461 1127.15283203125 193.28199768066406 1152.891357421875
47.784828186035156 922.2155151367188 229.1001739501953 959.3856811523438
79.04192352294922 1278.048828125 200.54226684570312 1310.682861328125
283.22784423828125 1521.46044921875 428.3445739746094 1549.22900390625
639.589599609375 168.81341552734375 701.4764404296875 232.5487823486328
522.7757568359375 1521.6004638671875 684.2154541015625 1548.1268310546875
543.9093017578125 1031.4114990234375 640.2689208984375 1064.3663330078125
47.476531982421875 177.8152313232422 359.0453796386719 231.4979705810547
79.1047134399414 1027.0250244140625 360.270263671875 1056.09716796875
48.04551696777344 402.2683410644531 500.0859375 431.8295593261719
85.43660736083984 485.0722961425781 289.862548828125 513.1310424804688
90.71251678466797 1454.587158203125 136.6644287109375 1498.5318603515625
47.740482330322266 449.535888671875 586.9991455078125 547.7702026367188
78.33439636230469 1407.63671875 352.33062744140625 1426.96240234375
79.71576690673828 1167.682373046875 327.6991271972656 1193.262451171875
67.92813873291016 30.777637481689453 120.1546401977539 60.51902389526367
340.8671569824219 1455.3497314453125 381.64337158203125 1498.5985107421875
94.81543731689453 1280.52783203125 161.1397247314453 1303.67626953125
601.0685424804688 1455.3548583984375 642.8314208984375 1500.4783935546875
47.754966735839844 626.7283325195312 703.05322265625 724.6060791015625
274.6053771972656 659.2323608398438 477.8418884277344 695.5476684570312
632.1355590820312 30.682357788085938 662.6337890625 58.180198669433594
586.900634765625 32.32878112792969 623.8226928710938 60.081199645996094
674.5134887695312 34.017555236816406 717.471435546875 56.87274932861328
48.843048095703125 993.5084228515625 703.9889526367188 1343.9378662109375
