944.8429565429688 2269.446044921875 1005.0682983398438 2305.37841796875
815.8707885742188 1541.5255126953125 1117.5589599609375 1599.4764404296875
53.48125457763672 1310.141845703125 476.290283203125 1375.0318603515625
666.4452514648438 554.27490234375 1167.76220703125 744.6475219726562
917.2885131835938 1632.916259765625 1117.6824951171875 1688.683349609375
854.3978881835938 658.370849609375 1169.0391845703125 701.662353515625
48.184635162353516 1151.4462890625 233.4345245361328 1188.982421875
47.865447998046875 197.55238342285156 235.07687377929688 269.8189697265625
48.55343246459961 445.11492919921875 218.33914184570312 495.01519775390625
237.1412353515625 196.88726806640625 885.4299926757812 269.6889953613281
262.44622802734375 446.6715087890625 382.89276123046875 494.21142578125
1045.599609375 47.28409957885742 1115.4920654296875 117.8426742553711
50.041282653808594 1631.3431396484375 874.9660034179688 1689.7491455078125
523.793212890625 2201.42919921875 645.300537109375 2306.78662109375
670.0556030273438 864.6032104492188 758.7152099609375 917.6795043945312
55.68443298339844 334.72735595703125 333.653076171875 411.17303466796875
51.15131378173828 1066.86328125 177.86056518554688 1138.041259765625
48.39899826049805 1869.735595703125 1118.278076171875 2119.665283203125
52.577354431152344 1451.8543701171875 669.5291748046875 1511.261962890625
48.352378845214844 1729.609130859375 554.5376586914062 1798.2666015625
48.426109313964844 1541.7298583984375 219.10504150390625 1600.26513671875
260.7638854980469 865.4900512695312 351.9259948730469 918.216552734375
50.3133430480957 554.5858764648438 629.9361572265625 745.6651611328125
