839.7890625 1003.46826171875 1136.1558837890625 1089.037109375
55.16469192504883 668.500244140625 223.97637939453125 718.356689453125
864.0816040039062 1405.7630615234375 1110.0323486328125 1515.4957275390625
484.2414245605469 38.40433883666992 594.1094970703125 101.02403259277344
22.674604415893555 421.0267639160156 802.1539916992188 608.5735473632812
166.3321990966797 36.377716064453125 424.19732666015625 102.4985122680664
264.7615661621094 1752.622802734375 1109.36474609375 1858.4388427734375
263.06622314453125 2034.1822509765625 909.1953735351562 2078.733642578125
643.38134765625 1345.2852783203125 834.0820922851562 1383.348876953125
620.4911499023438 1183.2747802734375 798.1161499023438 1231.6375732421875
864.3265380859375 1405.4686279296875 1109.719970703125 1515.0552978515625
606.3872680664062 1003.7462768554688 820.7907104492188 1089.10546875
983.9762573242188 1854.5870361328125 1102.0230712890625 1997.628173828125
265.17645263671875 1690.445556640625 1112.520263671875 1735.4891357421875
60.00773620605469 1003.0919189453125 274.4524841308594 1088.6971435546875
955.0317993164062 279.4471130371094 1061.26708984375 320.95074462890625
803.8591918945312 427.8465270996094 1154.373779296875 608.4347534179688
54.88278579711914 743.7425537109375 230.9543914794922 804.6171264648438
58.602352142333984 1172.2449951171875 240.78697204589844 1353.9193115234375
464.26373291015625 1342.648681640625 636.0090942382812 1387.212158203125
127.8392333984375 896.2750854492188 272.6800842285156 941.5478515625
864.6362915039062 897.0694580078125 1008.6519165039062 941.3595581054688
76.45773315429688 194.4962158203125 221.84100341796875 322.5681457519531
256.2928771972656 670.0180053710938 341.27679443359375 717.565185546875
265.7051696777344 1255.8961181640625 386.7470397949219 1295.84130859375
58.93846130371094 1172.7476806640625 240.36224365234375 1437.7198486328125
265.14215087890625 1178.5921630859375 604.5944213867188 1235.6348876953125
262.99468994140625 1321.1531982421875 449.4845886230469 1384.0914306640625
684.4678955078125 158.61862182617188 896.9241333007812 355.4912414550781
59.02556228637695 2296.23681640625 240.83631896972656 2389.71826171875
919.5650024414062 2124.525634765625 1089.950439453125 2172.889404296875
59.45077133178711 1951.815185546875 240.41506958007812 2134.003662109375
263.9292297363281 1615.109619140625 995.6045532226562 1672.0556640625
485.900390625 669.5391235351562 591.1593627929688 713.284912109375
293.1968078613281 278.57000732421875 437.3586730957031 321.62005615234375
266.64044189453125 1959.2257080078125 892.8680419921875 2015.6806640625
294.92474365234375 1003.8817138671875 585.6058959960938 1088.9122314453125
536.7059326171875 900.0452880859375 602.8968505859375 938.3881225585938
266.758056640625 1402.221435546875 652.0201416015625 1436.5147705078125
508.1582946777344 277.33099365234375 651.7548217773438 320.79254150390625
265.9193420410156 1252.924560546875 1042.1820068359375 1298.667236328125
58.8421630859375 1609.0244140625 240.55274963378906 1787.3436279296875
231.87002563476562 743.9911499023438 437.2479553222656 804.7041625976562
362.1666564941406 669.7586059570312 468.9912109375 712.6227416992188
58.63507080078125 1608.5078125 240.4625244140625 1789.1630859375
59.20318603515625 2295.982666015625 240.98094177246094 2389.86279296875
264.908935546875 2302.56787109375 794.8652954101562 2365.489501953125
