47.37889862060547 640.7799072265625 250.99725341796875 994.599365234375
47.745849609375 63.053924560546875 250.90887451171875 265.7341003417969
47.37889862060547 669.9974975585938 250.99725341796875 994.599365234375
283.6701354980469 1052.484130859375 477.60101318359375 1147.3516845703125
49.61628341674805 1182.1025390625 195.52734375 1274.37744140625
820.7008666992188 1052.703857421875 1005.2566528320312 1148.6822509765625
517.960205078125 1052.798828125 779.7672119140625 1149.07470703125
553.5054321289062 1073.53076171875 744.90625 1123.658203125
49.509517669677734 605.9694213867188 571.265625 842.7741088867188
49.282711029052734 339.2264709472656 571.4879150390625 575.0322265625
856.703857421875 1075.03271484375 970.9855346679688 1122.8843994140625
271.85809326171875 1201.674072265625 425.0236511230469 1252.3319091796875
47.745849609375 205.92953491210938 250.90887451171875 265.7341003417969
236.26014709472656 1181.6859130859375 459.71435546875 1274.7603759765625
633.8719482421875 635.6683349609375 781.9821166992188 809.564208984375
249.66067504882812 648.1488037109375 484.6104736328125 801.508056640625
47.37889862060547 935.2492065429688 250.99725341796875 994.599365234375
82.3454818725586 640.7799072265625 230.76483154296875 814.1696166992188
84.27381896972656 369.0656433105469 231.5074005126953 542.5516357421875
252.08314514160156 381.28277587890625 518.080322265625 488.0589599609375
49.90302658081055 1053.3189697265625 243.3325653076172 1147.9141845703125
600.5968017578125 604.7926635742188 1122.7000732421875 843.0374755859375
168.8643798828125 67.31663513183594 255.90298461914062 117.92681884765625
801.5349731445312 647.1244506835938 1028.8199462890625 800.519287109375
636.001708984375 368.12322998046875 783.4037475585938 542.5549926757812
600.5858154296875 337.56427001953125 1122.9573974609375 575.465576171875
84.14859771728516 1204.934814453125 160.1953582763672 1249.9857177734375
88.15301513671875 63.053924560546875 143.97402954101562 121.11804962158203
1022.3788452148438 68.8080825805664 1110.3253173828125 118.55602264404297
806.912841796875 497.3914794921875 937.0764770507812 536.381103515625
365.57159423828125 1074.68896484375 442.080322265625 1120.7410888671875
803.5032958984375 371.53643798828125 1034.9803466796875 479.5767822265625
50.51570510864258 37.27867126464844 974.0942993164062 146.9447479248047
109.56536102294922 669.9974975585938 205.34591674804688 788.1854248046875
131.3031005859375 1075.327880859375 208.84259033203125 1121.2325439453125
801.87158203125 370.4375915527344 1035.237548828125 536.1883544921875
253.3442840576172 445.64190673828125 517.4718017578125 486.6773376464844
805.0818481445312 762.1029663085938 902.028076171875 800.125732421875
804.6644287109375 714.86865234375 968.1055297851562 753.0377807617188
115.11186981201172 392.7540588378906 201.1813201904297 517.466552734375
251.682373046875 760.640869140625 382.8670654296875 800.3973388671875
252.87313842773438 714.6825561523438 483.9459533691406 753.5639038085938
254.45974731445312 649.3731079101562 432.9329833984375 700.2288208007812
804.2923583984375 649.0888671875 1028.082275390625 701.4677124023438
254.06112670898438 381.7442626953125 434.18792724609375 433.2408752441406
