208.68020629882812 2172.644287109375 300.5508728027344 2296.93896484375
524.286376953125 2254.460205078125 645.3811645507812 2296.513916015625
71.78544616699219 1924.178955078125 638.1685180664062 1994.0799560546875
72.4283218383789 197.5882110595703 503.7294006347656 275.7734680175781
180.41229248046875 1410.854248046875 552.4912109375 1542.6746826171875
179.86679077148438 391.14569091796875 464.91876220703125 526.3010864257812
660.9876098632812 1452.618896484375 1088.9898681640625 1738.5972900390625
823.3707275390625 1669.7227783203125 994.7236938476562 1709.97998046875
661.8887329101562 943.2678833007812 1088.0125732421875 1229.6793212890625
242.86520385742188 1058.38525390625 485.76300048828125 1100.49658203125
661.0230102539062 1452.8212890625 1088.7442626953125 1736.3939208984375
661.9344482421875 429.7230224609375 1087.4508056640625 712.5847778320312
208.68020629882812 2254.734619140625 300.5508728027344 2296.93896484375
179.04150390625 1631.527587890625 323.3117980957031 1671.6436767578125
181.22837829589844 899.7741088867188 585.5099487304688 1033.1697998046875
661.7350463867188 943.6561279296875 1087.484130859375 1228.8883056640625
220.0016632080078 2172.644287109375 289.3907470703125 2239.9423828125
242.1692657470703 547.4129638671875 334.3493347167969 588.1591186523438
179.84584045410156 1171.969482421875 275.5141906738281 1269.4385986328125
177.42332458496094 1121.6903076171875 265.0920104980469 1161.6883544921875
177.54505920410156 611.3497314453125 265.3694152832031 651.0809326171875
141.6065673828125 349.10504150390625 1124.4566650390625 799.0631103515625
179.7904510498047 661.4603271484375 275.84844970703125 758.841796875
141.92160034179688 1376.947021484375 1125.6864013671875 1816.8974609375
661.5919799804688 430.5923156738281 1087.3765869140625 711.7932739257812
180.24639892578125 1562.945068359375 541.5322875976562 1612.224609375
72.52302551269531 53.935264587402344 373.4105224609375 108.587890625
142.15773010253906 868.2460327148438 1125.0780029296875 1305.621337890625
1028.7158203125 44.97868728637695 1093.9578857421875 104.49015808105469
753.954833984375 1666.15869140625 995.6303100585938 1712.125
176.21920776367188 1408.6312255859375 554.4357299804688 1672.031982421875
69.51866912841797 1919.4119873046875 1137.28662109375 2001.13037109375
