25.675994873046875 432.95166015625 403.4887390136719 523.2597045898438
389.8863830566406 17.26658821105957 411.0370788574219 28.870704650878906
25.3043155670166 200.7788543701172 403.7815856933594 290.9773864746094
23.43614959716797 73.57048797607422 124.54202270507812 176.06578063964844
25.202592849731445 549.775390625 403.3660583496094 640.1354370117188
124.81881713867188 139.2543182373047 212.01425170898438 175.71624755859375
346.15277099609375 16.492582321166992 364.8824768066406 30.402997970581055
25.813831329345703 316.90545654296875 403.63287353515625 406.837890625
123.34532165527344 86.29340362548828 317.0200500488281 112.20787811279297
224.0653839111328 139.08750915527344 312.3263244628906 175.8356170654297
223.8949737548828 139.38072204589844 312.493896484375 175.581298828125
23.309768676757812 811.266845703125 405.00860595703125 903.2108154296875
27.534896850585938 3.561265707015991 67.58641052246094 41.10129928588867
23.480337142944336 73.57176208496094 124.40901184082031 176.16038513183594
25.42564582824707 665.4520263671875 403.23382568359375 756.4841918945312
368.8660583496094 15.617057800292969 384.4377136230469 29.163604736328125
389.79364013671875 17.464540481567383 411.1827392578125 28.731639862060547
