47.98369216918945 1042.404296875 230.08848571777344 1116.0643310546875
779.1781616210938 33.428794860839844 827.0643310546875 59.30192184448242
254.21339416503906 1042.60986328125 430.3492431640625 1115.8302001953125
692.2789306640625 33.0965461730957 729.3868408203125 60.46860885620117
47.358585357666016 526.0653076171875 809.54541015625 887.9937133789062
193.149169921875 1537.5225830078125 289.519287109375 1729.6796875
103.05416870117188 308.5679016113281 190.59829711914062 339.4085998535156
453.86590576171875 1042.6383056640625 636.510498046875 1115.5372314453125
248.6944122314453 1304.006591796875 595.8092651367188 1491.31884765625
715.0724487304688 947.2401733398438 810.3807373046875 981.805908203125
160.95433044433594 172.3682861328125 474.0858459472656 224.85926818847656
47.3475456237793 147.0378875732422 249.25559997558594 314.1148986816406
48.65121078491211 430.5955505371094 233.879150390625 469.7091979980469
720.246337890625 138.6456298828125 809.5891723632812 227.8478546142578
55.50598907470703 1413.379638671875 809.6636352539062 1602.060302734375
720.219970703125 279.6628112792969 809.3475952148438 368.1259460449219
715.1876831054688 279.7630310058594 810.3583374023438 465.78033447265625
47.77185821533203 946.1112060546875 381.08514404296875 984.8897705078125
61.407222747802734 1199.935791015625 808.809814453125 1366.1893310546875
49.92453384399414 1622.540771484375 808.34765625 1803.5784912109375
454.2064208984375 1042.31005859375 636.5211791992188 1116.1392822265625
599.0103759765625 138.57606506347656 689.5955200195312 228.24375915527344
738.3717041015625 31.222021102905273 768.486572265625 58.20777130126953
67.56574249267578 30.5300235748291 120.37577819824219 60.3603401184082
