60.054378509521484 637.369384765625 349.7357482910156 751.2076416015625
127.0086898803711 444.370361328125 161.75843811035156 482.87884521484375
336.2730407714844 18.28839111328125 361.5909118652344 31.977731704711914
33.509300231933594 474.2160339355469 54.24751663208008 495.03985595703125
13.907608985900879 664.442626953125 29.93944549560547 681.169189453125
253.03944396972656 764.5610961914062 294.5121154785156 799.6312255859375
57.78025436401367 456.0163269042969 349.7226867675781 625.9321899414062
15.920369148254395 542.0423583984375 52.41771697998047 579.175537109375
13.961844444274902 483.2948913574219 30.3033390045166 500.2700500488281
29.2329044342041 678.9775390625 42.48242950439453 692.5753784179688
104.42562103271484 768.2376098632812 128.82101440429688 792.8690795898438
59.01578140258789 18.461814880371094 349.6899108886719 200.4129638671875
28.15620994567871 0.5134263038635254 78.67790222167969 49.06086349487305
59.29713439941406 213.41822814941406 374.48431396484375 444.41180419921875
25.939565658569336 770.3618774414062 51.506202697753906 794.088134765625
15.627153396606445 707.5184936523438 51.731204986572266 744.6756591796875
59.56428909301758 638.1614990234375 89.66878509521484 725.1868896484375
29.293537139892578 497.721923828125 42.7195930480957 511.464111328125
15.986135482788086 119.30160522460938 52.42524337768555 156.6043243408203
183.08750915527344 768.6388549804688 207.2014923095703 794.1163330078125
161.65188598632812 444.50091552734375 200.3848419189453 483.6980895996094
33.33570098876953 655.2174682617188 54.354156494140625 676.2196655273438
340.0216064453125 769.7109375 362.29351806640625 795.2200927734375
