220.34243774414062 741.7161254882812 247.9474639892578 776.5881958007812
337.3528137207031 65.90420532226562 356.962158203125 86.24457550048828
128.9052734375 742.2166137695312 151.74610900878906 776.6253051757812
15.790761947631836 305.2033996582031 48.306556701660156 328.13214111328125
315.3178405761719 739.5358276367188 342.55517578125 776.8074340820312
63.7445068359375 165.0177459716797 117.91055297851562 179.17959594726562
32.538333892822266 740.697509765625 61.07146453857422 776.6347045898438
33.032447814941406 14.71969985961914 63.40205001831055 30.217849731445312
63.384613037109375 299.6820983886719 178.55215454101562 332.4509582519531
63.15427780151367 367.13592529296875 164.45484924316406 400.6173095703125
15.638297080993652 373.0518798828125 48.33198165893555 396.41302490234375
316.998046875 16.045202255249023 331.6128845214844 28.964950561523438
63.215877532958984 232.19317626953125 213.80084228515625 264.1258850097656
18.4700984954834 236.6052703857422 45.8766975402832 262.6466369628906
63.97929763793945 184.111328125 99.12000274658203 195.8705596923828
9.579567909240723 162.33953857421875 54.729434967041016 198.6630401611328
16.581857681274414 64.02925109863281 180.15049743652344 90.1363296508789
337.7000732421875 118.40186309814453 356.6422424316406 137.3423614501953
