15.575030326843262 237.41278076171875 56.26765441894531 396.01129150390625
15.76012897491455 419.3517150878906 126.77349090576172 562.01904296875
16.307870864868164 419.3517150878906 55.92694854736328 515.4696044921875
16.307870864868164 419.3517150878906 55.92694854736328 620.4640502929688
15.956132888793945 297.5051574707031 56.28098678588867 396.01129150390625
120.8543472290039 738.0950317382812 255.6256561279297 804.6429443359375
15.76012897491455 357.3910827636719 126.77349090576172 562.01904296875
15.841383934020996 357.3910827636719 55.992584228515625 515.4696044921875
15.891011238098145 582.4365234375 55.625980377197266 620.4640502929688
15.76012897491455 477.2302551269531 126.77349090576172 562.01904296875
15.912144660949707 477.2302551269531 56.211421966552734 620.4640502929688
16.388811111450195 357.7501220703125 54.69127655029297 515.4696044921875
15.76012897491455 477.4619140625 126.77349090576172 562.01904296875
16.11124610900879 477.4619140625 56.02082443237305 620.4640502929688
15.567607879638672 55.28016662597656 56.572994232177734 96.12753295898438
15.575030326843262 237.41278076171875 56.26765441894531 277.9830627441406
15.784396171569824 171.77349853515625 55.63750457763672 211.72654724121094
327.2997741699219 241.60476684570312 358.9352111816406 273.2642822265625
319.60748291015625 55.9096565246582 359.0990295410156 95.79733276367188
67.9718246459961 487.3871154785156 173.30245971679688 504.75714111328125
16.307870864868164 419.3517150878906 55.92694854736328 457.6656188964844
327.07745361328125 481.94970703125 358.9324035644531 513.5027465820312
327.0754089355469 586.53466796875 359.0757751464844 618.6072387695312
67.47423553466797 593.0 165.87730407714844 610.5027465820312
68.33113098144531 247.5305633544922 164.06690979003906 267.09637451171875
67.31008911132812 174.7163848876953 165.38143920898438 210.3689422607422
327.35284423828125 421.7472229003906 358.88568115234375 453.029052734375
15.76012897491455 547.9006958007812 126.77349090576172 562.01904296875
94.14659881591797 739.2686157226562 120.38412475585938 764.9942626953125
68.58509826660156 307.8800048828125 172.73744201660156 325.4796447753906
267.0677185058594 55.6771240234375 307.5242614746094 95.89825439453125
327.337646484375 301.9588623046875 358.80096435546875 333.5254821777344
33.75213623046875 14.832869529724121 60.10366439819336 30.251895904541016
68.63826751708984 61.457496643066406 161.93174743652344 92.83757781982422
336.39141845703125 17.066591262817383 359.1931457519531 28.67397689819336
327.350830078125 361.7023620605469 358.9172058105469 393.2000732421875
16.469043731689453 609.7206420898438 54.63862609863281 622.8013916015625
254.98541259765625 739.3082275390625 280.001708984375 764.5099487304688
315.8273010253906 15.171381950378418 331.0926818847656 29.24597930908203
333.9640808105469 247.13504028320312 351.027587890625 266.0472412109375
334.28900146484375 592.2974243164062 351.2101745605469 611.216552734375
15.956132888793945 297.5051574707031 56.28098678588867 338.11834716796875
171.86471557617188 738.0950317382812 202.99192810058594 763.5743408203125
67.69500732421875 427.7642517089844 169.05711364746094 445.44622802734375
333.9888610839844 307.80950927734375 350.7425231933594 325.92010498046875
20.881601333618164 505.3087463378906 51.17008972167969 515.4696044921875
45.515296936035156 120.28491973876953 96.12075805664062 137.49513244628906
120.8543472290039 796.4336547851562 255.6256561279297 804.6429443359375
15.841383934020996 357.3910827636719 55.992584228515625 397.8466491699219
67.5826644897461 367.2246398925781 145.1337432861328 385.46026611328125
20.200477600097656 610.9693603515625 48.850059509277344 620.4640502929688
327.7265930175781 64.30030822753906 350.0277404785156 86.08233642578125
17.921762466430664 504.2751159667969 53.61167526245117 517.37451171875
15.891011238098145 582.4365234375 55.625980377197266 610.3452758789062
334.06744384765625 427.1109924316406 350.7839050292969 445.9471130371094
333.941162109375 487.7058410644531 351.0202331542969 506.4861755371094
16.284406661987305 111.63520812988281 359.3659973144531 148.38079833984375
15.912144660949707 477.2302551269531 56.211421966552734 517.6719360351562
16.388811111450195 357.7501220703125 54.69127655029297 385.7028503417969
334.2048034667969 367.3824462890625 350.8084716796875 386.0868835449219
16.11124610900879 477.4619140625 56.02082443237305 505.45953369140625
293.17791748046875 16.235923767089844 311.55767822265625 30.121728897094727
276.746826171875 64.97592163085938 297.15380859375 86.25236511230469
19.58901596069336 385.68426513671875 50.535560607910156 396.01129150390625
327.42999267578125 587.409912109375 358.8328552246094 618.1932983398438
