952.3699951171875 1150.8890380859375 1077.3414306640625 1295.17919921875
80.33470153808594 1153.344970703125 228.88909912109375 1295.8563232421875
506.6717529296875 1158.7232666015625 657.9337768554688 1294.6014404296875
291.826904296875 1152.0703125 441.197509765625 1294.9285888671875
131.98257446289062 1691.2298583984375 260.3014831542969 1744.1319580078125
131.03321838378906 1770.7877197265625 439.06622314453125 1816.8824462890625
643.576416015625 1899.068359375 1073.1328125 2203.170654296875
492.3787536621094 881.7900390625 730.4904174804688 978.8876953125
291.826904296875 1249.1331787109375 441.197509765625 1294.9285888671875
723.2763061523438 1249.58447265625 873.45947265625 1294.631103515625
286.24957275390625 1692.422607421875 449.3895568847656 1744.1453857421875
679.4571533203125 2105.61865234375 989.0472412109375 2152.25537109375
506.6717529296875 1249.6630859375 657.9337768554688 1294.6014404296875
644.0451049804688 1562.0631103515625 1074.5596923828125 1867.9605712890625
868.3221435546875 534.9337768554688 1028.214111328125 594.9688720703125
891.5367431640625 542.4814453125 1003.8702392578125 585.6500244140625
102.24858856201172 2352.898681640625 613.8585205078125 2411.232177734375
679.0142822265625 1939.6722412109375 805.5475463867188 1996.0609130859375
94.02851104736328 1442.6181640625 316.9508972167969 1506.1009521484375
131.25534057617188 1909.5589599609375 279.6472473144531 1953.0662841796875
142.82015991210938 538.326416015625 403.4803771972656 589.9838256835938
174.91940307617188 2096.353759765625 322.3605651855469 2140.84228515625
681.7136840820312 1603.2662353515625 976.7776489257812 1660.59521484375
48.02088165283203 2285.423828125 1121.7022705078125 2411.5302734375
680.8182373046875 1678.3817138671875 834.0291748046875 1722.0921630859375
108.57225799560547 198.33853149414062 192.19332885742188 248.07118225097656
557.9390258789062 340.77325439453125 673.8246459960938 386.1060485839844
132.11936950683594 2072.687744140625 368.2247009277344 2166.869140625
976.7203979492188 1150.8890380859375 1052.6224365234375 1219.7767333984375
142.02183532714844 767.150146484375 316.123779296875 818.359130859375
448.8287048339844 55.041744232177734 716.534423828125 118.64399719238281
679.73388671875 1776.40771484375 925.9866943359375 1821.6751708984375
47.585025787353516 1075.8311767578125 1125.2889404296875 1342.9049072265625
302.7579650878906 1698.9814453125 438.890380859375 1737.8955078125
116.97181701660156 1153.344970703125 195.72288513183594 1217.343017578125
141.84588623046875 765.7494506835938 497.5025939941406 821.6127319335938
80.33470153808594 1250.113037109375 228.88909912109375 1295.8563232421875
130.07984924316406 1604.15478515625 328.16668701171875 1659.83642578125
341.6180725097656 770.4967041015625 466.75018310546875 820.32666015625
536.3294677734375 906.0390625 686.1409912109375 954.4622802734375
681.0054931640625 2014.6456298828125 904.2313842773438 2059.109375
662.7427978515625 407.1044921875 1028.388671875 452.5066223144531
791.3473510742188 882.6396484375 1029.104248046875 978.6544189453125
547.1398315429688 1158.7232666015625 621.4954833984375 1219.7027587890625
241.07798767089844 335.5111999511719 540.1312255859375 394.46453857421875
791.7220458984375 883.0631103515625 1029.0753173828125 979.0457153320312
131.97763061523438 2072.865234375 368.2679138183594 2166.363525390625
333.15338134765625 1152.0703125 408.7062072753906 1224.0118408203125
140.4820098876953 624.8793334960938 348.6564025878906 699.8334350585938
421.811767578125 546.2659301757812 467.3017578125 583.91748046875
273.488037109375 1237.85595703125 460.11474609375 1311.6827392578125
130.49073791503906 1972.837646484375 271.8769226074219 2033.7606201171875
93.35604095458984 1562.3011474609375 612.1797485351562 2205.983642578125
952.3699951171875 1249.6456298828125 1077.3414306640625 1295.17919921875
826.1980590820312 338.0845947265625 1027.1534423828125 393.3399658203125
