136.1599884033203 500.6339111328125 177.5756378173828 529.5015869140625
46.13063049316406 158.89349365234375 200.44044494628906 331.0383605957031
62.73168182373047 158.89349365234375 207.80270385742188 273.65887451171875
208.41432189941406 501.298828125 226.55516052246094 529.5513916015625
81.81327056884766 500.2477722167969 104.8408432006836 529.5015258789062
27.211166381835938 501.0347900390625 50.60169219970703 529.2944946289062
46.13063049316406 201.92721557617188 200.44044494628906 331.0383605957031
62.73168182373047 201.92721557617188 207.80270385742188 273.65887451171875
70.53335571289062 201.92721557617188 162.01258850097656 380.2344970703125
46.18797302246094 47.69822692871094 194.3299102783203 131.5214080810547
136.1599884033203 519.8580932617188 177.5756378173828 529.5015869140625
27.211166381835938 519.8233032226562 50.60169219970703 529.2944946289062
205.22898864746094 441.5730895996094 219.78907775878906 456.28857421875
38.11859893798828 189.89871215820312 169.16653442382812 224.73008728027344
81.81327056884766 519.7549438476562 104.8408432006836 529.5015258789062
38.01255798339844 146.96629333496094 186.3152313232422 181.93328857421875
46.14799499511719 444.1467590332031 111.56350708007812 455.5887145996094
15.91940689086914 287.7984619140625 33.7142448425293 304.9137878417969
150.6698760986328 500.6339111328125 164.10008239746094 515.1644897460938
177.00425720214844 368.5431823730469 188.68312072753906 379.9452209472656
26.524520874023438 441.2344970703125 41.50761413574219 457.0237731933594
38.05949401855469 356.914306640625 196.32015991210938 391.5062561035156
46.13063049316406 294.1601257324219 200.44044494628906 331.0383605957031
166.6621551513672 158.89349365234375 178.3547821044922 170.32313537597656
211.10093688964844 501.298828125 225.1992950439453 515.6466064453125
16.668380737304688 432.8175964355469 171.36758422851562 466.0635070800781
68.39315795898438 202.01458740234375 137.1402587890625 213.48373413085938
87.6934585571289 500.2477722167969 100.49691009521484 515.167724609375
60.497589111328125 399.239990234375 217.31808471679688 425.0281066894531
32.564002990722656 501.0347900390625 46.57710266113281 515.6679077148438
149.61378479003906 201.92721557617188 161.4766387939453 213.44143676757812
16.604476928710938 39.6141357421875 64.3778305053711 49.82339859008789
55.710426330566406 232.47698974609375 217.38229370117188 280.4737854003906
45.8083610534668 197.22799682617188 61.02177810668945 216.3861541748047
222.0096435546875 232.01312255859375 239.37081909179688 248.75213623046875
38.19017028808594 101.44974517822266 213.95867919921875 138.81716918945312
45.907371520996094 154.3189697265625 63.882896423339844 171.54888916015625
38.13798522949219 288.3524475097656 209.5773162841797 347.87811279296875
183.50221252441406 441.4384765625 197.9784393310547 456.31011962890625
189.4918670654297 49.15807342529297 207.8106231689453 62.35480880737305
8.067054748535156 486.69384765625 247.45550537109375 542.3870239257812
16.827613830566406 54.08011245727539 83.61856842041016 73.08453369140625
226.90316772460938 441.3719787597656 239.6568603515625 456.33056640625
16.026395797729492 102.06484985351562 34.436370849609375 117.78511810302734
208.41432189941406 519.8508911132812 226.55516052246094 529.5513916015625
71.26258850097656 159.00677490234375 154.37405395507812 169.87545776367188
183.46157836914062 441.2160949707031 198.13613891601562 456.4763488769531
46.18797302246094 106.49493408203125 194.3299102783203 131.5214080810547
159.3518524169922 47.69822692871094 174.50038146972656 63.30369567871094
223.8553466796875 47.73517990112305 239.40908813476562 63.40433883666992
227.0561981201172 441.6230163574219 239.4252166748047 456.04736328125
222.24871826171875 399.2440185546875 239.24111938476562 415.32080078125
62.73168182373047 237.69174194335938 207.80270385742188 273.65887451171875
70.53335571289062 368.69610595703125 162.01258850097656 380.2344970703125
68.76742553710938 405.8670654296875 175.8235321044922 416.8088684082031
205.6939239501953 442.4319763183594 219.22132873535156 455.874755859375
