24.87518310546875 43.7778434753418 75.04591369628906 93.77381134033203
299.9952087402344 43.8244514465332 350.1852111816406 93.73188781738281
82.96087646484375 449.3915100097656 133.3452911376953 465.786376953125
37.985477447509766 126.61036682128906 91.93858337402344 180.68331909179688
176.84197998046875 744.8180541992188 226.1118927001953 761.6560668945312
40.13277053833008 248.4447479248047 69.96852111816406 278.6033935546875
82.97201538085938 319.603759765625 156.0897674560547 335.2320556640625
40.06481170654297 378.7853698730469 69.91899871826172 408.3294982910156
40.18101501464844 313.62261962890625 69.86085510253906 343.6063232421875
40.05630111694336 638.5663452148438 69.72967529296875 668.599853515625
39.98016357421875 573.7728271484375 69.84838104248047 603.359619140625
40.0150032043457 443.5466613769531 69.80587768554688 473.4375915527344
135.80088806152344 56.82094192504883 239.51275634765625 76.57292938232422
40.14028549194336 508.8052673339844 69.96275329589844 538.5899047851562
25.28071403503418 628.919677734375 350.3875732421875 679.3673706054688
82.93292999267578 384.0748291015625 189.5980682373047 400.7102355957031
24.921131134033203 727.1911010742188 350.2669372558594 778.5779418945312
83.06206512451172 643.9398193359375 169.89248657226562 661.0044555664062
304.8795471191406 138.23104858398438 335.46258544921875 169.08799743652344
24.47038459777832 114.5910415649414 350.8152770996094 194.645263671875
25.36036491394043 434.1432800292969 350.43914794921875 484.2978820800781
25.199722290039062 369.003173828125 350.8736267089844 419.2713317871094
304.8636169433594 138.32460021972656 335.3749084472656 168.92242431640625
25.340024948120117 499.1661682128906 350.2955627441406 549.3904418945312
104.8009262084961 134.38803100585938 245.4315643310547 151.68238830566406
105.3797378540039 159.1847686767578 216.55149841308594 173.8943634033203
42.867862701416016 62.40160369873047 56.79859924316406 75.5003662109375
149.43023681640625 744.0753784179688 166.24896240234375 761.3775024414062
25.166072845458984 238.6009521484375 350.5442810058594 289.0712585449219
25.0405330657959 304.097900390625 350.304443359375 354.1783447265625
312.82763671875 321.5633850097656 335.23492431640625 335.989501953125
83.25410461425781 254.14013671875 196.13461303710938 270.8716735839844
24.859556198120117 43.96880340576172 75.08366394042969 93.61527252197266
40.454322814941406 509.4985046386719 69.49952697753906 537.9478149414062
40.425132751464844 314.2139892578125 69.55755615234375 343.22772216796875
83.01411437988281 515.229248046875 116.83353424072266 529.2802124023438
300.0462646484375 43.970191955566406 350.0892639160156 93.42306518554688
82.9085464477539 514.6828002929688 159.14732360839844 529.8990478515625
38.291954040527344 126.92817687988281 91.74874877929688 180.45704650878906
47.45735168457031 385.7206115722656 63.133522033691406 401.0489501953125
77.96540069580078 44.75385284423828 297.20928955078125 92.99520111083984
82.75743865966797 578.6661376953125 198.70535278320312 595.1630249023438
40.26744079589844 248.88392639160156 69.8267593383789 278.34027099609375
40.373939514160156 574.3912963867188 69.4179916381836 602.9464111328125
40.42343521118164 379.457275390625 69.54969024658203 407.87249755859375
40.3171501159668 639.20068359375 69.39883422851562 668.2261352539062
40.42127990722656 379.4786682128906 69.56952667236328 407.86138916015625
82.88742065429688 579.2362060546875 329.3507995605469 596.2413330078125
316.789306640625 59.33719253540039 333.85284423828125 77.96699523925781
