108.27303314208984 525.0896606445312 194.62977600097656 602.302001953125
110.2718734741211 263.03509521484375 127.44631958007812 277.2031555175781
362.90557861328125 496.3524475097656 389.8173828125 511.042236328125
108.31580352783203 493.13604736328125 220.1735076904297 513.1773071289062
30.995346069335938 17.055788040161133 56.95020294189453 32.74697494506836
332.8223876953125 15.729028701782227 351.68231201171875 29.841941833496094
140.32901000976562 261.1310729980469 235.12657165527344 279.1282958984375
23.810815811157227 661.7259521484375 87.6396255493164 725.6851196289062
129.49656677246094 845.7701416015625 186.1370391845703 860.5414428710938
108.42566680908203 525.0896606445312 207.72410583496094 690.2354736328125
107.8807144165039 348.8298645019531 200.0240020751953 368.61865234375
109.94950103759766 525.0896606445312 128.21420288085938 717.6669311523438
108.03418731689453 316.7935791015625 279.7353820800781 338.199951171875
323.1435546875 707.9757690429688 390.81500244140625 860.560791015625
23.85091209411621 573.67919921875 87.68952178955078 637.6033325195312
137.05633544921875 436.8524169921875 301.0238037109375 456.3533020019531
327.7268981933594 584.1395874023438 390.0340576171875 600.0988159179688
24.41282844543457 845.86865234375 89.21405029296875 861.42724609375
362.709228515625 320.510986328125 389.8771057128906 334.7664794921875
23.781606674194336 485.998291015625 87.67740631103516 549.6075439453125
23.535655975341797 133.6148223876953 87.9910659790039 197.94178771972656
362.8294982910156 344.69775390625 390.32080078125 423.234130859375
24.82962417602539 74.11477661132812 131.50526428222656 98.6056900024414
355.3033752441406 15.275921821594238 370.76959228515625 28.896638870239258
107.45946502685547 141.358642578125 266.5882263183594 161.8932342529297
23.899246215820312 221.75634765625 87.93000793457031 285.6373291015625
363.86376953125 608.6688842773438 390.1709289550781 635.3539428710938
107.54942321777344 438.1254577636719 130.1844940185547 454.16888427734375
107.9840316772461 757.5614013671875 223.42507934570312 779.6049194335938
108.24536895751953 404.30438232421875 207.2946319580078 425.4999694824219
156.7359619140625 178.0806884765625 250.03977966308594 195.302490234375
23.87741470336914 309.84368896484375 87.90911865234375 374.14996337890625
134.8406524658203 524.9901733398438 182.31907653808594 543.2476806640625
108.21170806884766 525.0896606445312 180.3726806640625 631.0728149414062
363.9638977050781 520.5297241210938 390.1648254394531 547.462158203125
139.87181091308594 881.8809204101562 273.86541748046875 889.2469482421875
23.875959396362305 750.1160888671875 87.55513763427734 798.4853515625
23.85181999206543 398.1689758300781 87.83548736572266 461.90557861328125
108.23809814453125 789.6397705078125 149.1812286376953 799.400390625
327.8235778808594 672.3171997070312 389.6205139160156 688.0269165039062
376.3568115234375 16.810853958129883 397.65948486328125 28.446378707885742
108.19993591308594 229.33534240722656 212.40658569335938 249.26231384277344
323.1093444824219 707.8242797851562 390.83111572265625 776.164306640625
23.805850982666016 573.7005004882812 87.66303253173828 637.2285766601562
23.560697555541992 133.60235595703125 88.09380340576172 198.2068328857422
107.9195556640625 176.190185546875 143.46932983398438 194.8560333251953
242.1055450439453 845.2213745117188 273.1219482421875 860.1837158203125
365.9701232910156 74.00772094726562 388.2756042480469 96.39486694335938
