124.20067596435547 487.64794921875 246.3596649169922 582.3707275390625
123.41153717041016 487.64794921875 177.18190002441406 599.888427734375
123.3156509399414 487.64794921875 246.57577514648438 599.7369995117188
123.81097412109375 370.84271240234375 177.06930541992188 482.93609619140625
124.0038833618164 370.84271240234375 278.1970520019531 465.5799255371094
320.6266174316406 560.996337890625 375.952392578125 614.9740600585938
338.3050537109375 804.6806030273438 424.743896484375 848.6263427734375
3.4629809856414795 804.6103515625 90.07138061523438 848.7744140625
23.917465209960938 72.09432220458984 60.67787551879883 108.90247344970703
43.206356048583984 206.90115356445312 104.61656188964844 268.7757263183594
3.3884081840515137 748.5173950195312 44.834659576416016 792.4494018554688
383.10198974609375 748.5823974609375 424.7601318359375 791.5127563476562
43.64060974121094 441.27227783203125 104.22787475585938 502.3121337890625
124.20067596435547 562.9661865234375 246.3596649169922 582.3707275390625
4.711791515350342 640.0391845703125 42.060691833496094 684.2244262695312
123.41153717041016 587.6181640625 177.18190002441406 599.888427734375
24.2564697265625 143.06922912597656 90.21807098388672 162.85482788085938
57.909088134765625 748.577392578125 97.92208099365234 791.9989624023438
47.39529800415039 640.2279663085938 82.89308166503906 684.1359252929688
217.0922393798828 640.0423583984375 253.4713897705078 684.4725341796875
372.72833251953125 693.9521484375 411.12115478515625 738.0499877929688
21.481700897216797 694.35498046875 59.51773452758789 737.958984375
360.0887145996094 68.93950653076172 404.3982238769531 112.75527954101562
103.96737670898438 748.63330078125 143.15774536132812 792.031494140625
43.974449157714844 324.9587707519531 103.88179016113281 385.3453674316406
384.9404296875 639.8095703125 422.43292236328125 683.9142456054688
33.77836608886719 15.24925708770752 60.40676498413086 30.386573791503906
95.63922882080078 804.8500366210938 331.5547790527344 848.4966430664062
195.07008361816406 748.612060546875 234.78575134277344 791.9547119140625
124.16664123535156 328.3785705566406 298.1701965332031 347.42431640625
300.677490234375 640.207275390625 338.2643737792969 684.2000122070312
331.1624755859375 748.6254272460938 371.1368103027344 791.769775390625
123.33755493164062 353.5224304199219 177.2123565673828 365.8193664550781
258.5879821777344 640.1973876953125 295.38519287109375 684.3731079101562
44.08243942260742 325.3359680175781 103.69110107421875 384.9181823730469
330.02294921875 694.0398559570312 367.0069274902344 737.8598022460938
43.6588134765625 441.3359375 104.16547393798828 502.2021179199219
88.9559555053711 640.1564331054688 126.0295181274414 684.3015747070312
43.682437896728516 559.0482177734375 103.9405288696289 619.5111083984375
143.7590789794922 604.5819702148438 160.02064514160156 616.8545532226562
131.53720092773438 640.0955200195312 168.4231719970703 684.1857299804688
143.59849548339844 370.91778564453125 159.99842834472656 382.9978942871094
123.81097412109375 470.684814453125 177.06930541992188 482.93609619140625
285.7852783203125 748.3584594726562 325.1198425292969 792.000244140625
65.47461700439453 694.3208618164062 102.85240936279297 738.1588134765625
361.76171875 818.3632202148438 401.64569091796875 834.2255249023438
108.6578598022461 693.9971313476562 147.50491333007812 738.1800537109375
192.86459350585938 819.0307006835938 234.76785278320312 835.82421875
368.9795837402344 15.574856758117676 384.2080993652344 29.297122955322266
123.73649597167969 236.55728149414062 177.19674682617188 248.93936157226562
148.661376953125 748.6240844726562 189.52667236328125 792.0971069335938
39.0070915222168 545.572998046875 404.3810119628906 627.5798950195312
320.6266174316406 594.4526977539062 375.952392578125 614.9740600585938
320.8497009277344 360.6236267089844 375.75848388671875 380.48199462890625
25.72890281677246 873.34765625 52.40167999267578 900.2329711914062
143.52188110351562 253.9054718017578 159.92845153808594 265.6979675292969
284.7989807128906 694.0983276367188 324.0415954589844 738.084228515625
320.7343444824219 477.5923156738281 375.7219543457031 497.8537902832031
43.65928268432617 559.3162841796875 103.86152648925781 619.2262573242188
320.8719482421875 243.59930419921875 375.6424865722656 263.5035400390625
239.8652801513672 748.4249877929688 280.5818176269531 791.9542236328125
125.53460693359375 487.64794921875 138.57901000976562 500.4968566894531
173.65550231933594 640.2764892578125 210.99972534179688 684.17138671875
197.47113037109375 694.3925170898438 235.2677001953125 738.0062255859375
124.0038833618164 445.24725341796875 278.1970520019531 465.5799255371094
43.23472595214844 207.1297607421875 104.52690887451172 268.75970458984375
123.48597717285156 210.3498077392578 254.90562438964844 248.60047912597656
143.39620971679688 487.6195068359375 159.5713348388672 500.02490234375
80.52851104736328 68.21893310546875 404.9894104003906 114.01998901367188
153.8390350341797 694.1083984375 191.85935974121094 738.13525390625
380.88958740234375 873.1552734375 397.6796569824219 899.71630859375
360.1283264160156 69.0384521484375 404.2424011230469 112.4944839477539
240.80873107910156 694.1453247070312 279.07537841796875 738.0341796875
1.6139782667160034 635.349365234375 426.2398681640625 795.46044921875
124.21993255615234 211.0997314453125 254.66552734375 231.26515197753906
125.45536041259766 370.84271240234375 138.65097045898438 383.47796630859375
343.7611083984375 640.1769409179688 379.4496765136719 684.0587768554688
346.1623229980469 16.510560989379883 364.74761962890625 30.523324966430664
23.970548629760742 72.37867736816406 60.647926330566406 108.68789672851562
30.594310760498047 202.0271453857422 404.26666259765625 284.2071533203125
123.3156509399414 562.3295288085938 246.57577514648438 599.7369995117188
29.058279037475586 309.6870422363281 405.09136962890625 401.79058837890625
353.3940734863281 560.996337890625 374.4484558105469 580.4432373046875
31.620174407958984 427.0744934082031 404.48150634765625 518.7481079101562
80.4310531616211 67.84789276123047 426.6982727050781 114.99378204345703
