52.744544982910156 2193.8828125 1353.241943359375 2414.399169921875
217.1855926513672 48.07261276245117 264.10333251953125 95.32486724853516
1311.5023193359375 47.00502014160156 1343.281494140625 95.88163757324219
52.729740142822266 1807.787109375 1391.9989013671875 1884.0096435546875
3.8462018966674805 2842.26953125 1437.1282958984375 3042.9228515625
54.13465881347656 1361.3218994140625 300.0050964355469 1487.58935546875
55.76801681518555 594.2359619140625 780.318359375 658.0428466796875
55.29391098022461 1193.2899169921875 439.19622802734375 1244.1751708984375
51.88066101074219 1948.6982421875 1384.577392578125 2147.365234375
55.605648040771484 2537.843994140625 246.4790802001953 2589.038330078125
54.857337951660156 1614.814697265625 207.57237243652344 1672.4356689453125
596.1295166015625 26.20599937438965 841.6700439453125 272.0935363769531
50.62345504760742 960.918701171875 1391.9483642578125 1094.4383544921875
299.3739318847656 47.52085494995117 337.3345642089844 96.4896011352539
55.394203186035156 2727.779296875 463.8191833496094 2788.92333984375
56.31681823730469 793.1510009765625 762.4300537109375 854.9893188476562
55.35158920288086 403.5589599609375 255.4684600830078 454.64990234375
