184.60040283203125 74.54962921142578 241.50064086914062 94.51686096191406
20.083330154418945 633.54150390625 355.38763427734375 686.2603759765625
20.25296974182129 565.291748046875 355.593994140625 618.6228637695312
104.96736907958984 580.743896484375 123.03937530517578 602.5567626953125
25.97011947631836 471.4955139160156 350.27508544921875 487.2361145019531
78.8622055053711 396.89349365234375 297.0528564453125 451.8834228515625
19.664169311523438 701.5877685546875 355.2451477050781 754.9140625
32.68533706665039 11.176572799682617 58.65284729003906 25.419687271118164
122.63694763183594 719.542236328125 243.94619750976562 735.3771362304688
292.95135498046875 12.506997108459473 311.78179931640625 26.25495147705078
132.21533203125 583.4647216796875 256.7784118652344 600.6318359375
94.39759826660156 648.7869262695312 106.42247772216797 669.1651611328125
25.542207717895508 470.95965576171875 350.6226806640625 531.4080200195312
118.01786804199219 651.5244750976562 268.7536315917969 667.3220825195312
24.782381057739258 396.74322509765625 351.54388427734375 532.3994750976562
