443.2638244628906 42.230506896972656 732.321044921875 496.5306396484375
211.05577087402344 2165.54248046875 300.0053405761719 2290.990478515625
879.4783325195312 2167.906494140625 950.396240234375 2289.34130859375
70.36538696289062 1229.2198486328125 1099.4449462890625 2028.1080322265625
72.49771118164062 1964.6502685546875 377.8758544921875 2028.1080322265625
141.2545623779297 782.5225219726562 613.6066284179688 955.1786499023438
524.6992797851562 2247.61376953125 644.6912841796875 2288.364013671875
70.71078491210938 558.3375854492188 333.0576477050781 619.5968627929688
71.50709533691406 696.607666015625 1099.8187255859375 1028.8321533203125
443.2638244628906 348.3782653808594 732.321044921875 496.5306396484375
44.292816162109375 32.28586959838867 217.75115966796875 205.99794006347656
449.22674560546875 42.230506896972656 720.570556640625 313.6644592285156
219.00277709960938 2165.54248046875 289.7184143066406 2234.63134765625
883.533447265625 2167.906494140625 947.1663818359375 2232.154541015625
754.908447265625 760.4992065429688 1097.614501953125 1025.86279296875
211.05577087402344 2248.50732421875 300.0053405761719 2290.990478515625
879.4783325195312 2244.939208984375 950.396240234375 2289.34130859375
72.79841613769531 1092.371337890625 848.955810546875 1156.018310546875
70.37776184082031 1226.1331787109375 1099.9443359375 1884.926513671875
130.0967559814453 1281.8553466796875 874.6883544921875 1391.494384765625
70.6168212890625 1091.1683349609375 1072.07763671875 1159.2982177734375
70.36538696289062 1229.2198486328125 1099.4449462890625 1882.3367919921875
48.01249694824219 530.254638671875 363.91259765625 651.6177978515625
