98.34446716308594 304.5762634277344 149.72589111328125 377.2944641113281
168.6946563720703 773.4347534179688 209.49673461914062 800.0946044921875
293.32977294921875 44.09290313720703 350.2354736328125 234.65118408203125
24.886110305786133 44.07084655761719 135.98245239257812 235.25230407714844
98.51631927490234 618.866943359375 149.94061279296875 691.2952880859375
261.04925537109375 618.5655517578125 332.2385559082031 692.0687255859375
25.007049560546875 43.911075592041016 74.97795867919922 93.82169342041016
98.51631927490234 679.7279052734375 149.94061279296875 691.2952880859375
98.60929870605469 522.5350341796875 149.8571014404297 534.1137084960938
98.34446716308594 365.4726257324219 149.72589111328125 377.2944641113281
183.23133850097656 166.57034301757812 231.61135864257812 178.8408966064453
300.101318359375 44.023170471191406 350.15948486328125 93.75760650634766
286.5184020996094 628.41845703125 312.2455749511719 640.5492553710938
44.97585678100586 785.7178344726562 69.18819427490234 797.796875
286.4844970703125 785.71435546875 312.3336181640625 798.0888671875
24.886110305786133 216.86126708984375 135.98245239257812 235.25230407714844
261.04925537109375 676.5146484375 332.2385559082031 692.0687255859375
45.01493835449219 628.2197875976562 68.83369445800781 640.4415893554688
40.016273498535156 135.51516723632812 89.40840148925781 151.48890686035156
45.175323486328125 314.4021301269531 68.9808578491211 326.4884033203125
286.4483642578125 471.5199279785156 312.0471496582031 483.6797790527344
45.21406555175781 471.5553283691406 68.82156372070312 483.450927734375
168.6946563720703 788.4468994140625 209.49673461914062 800.0946044921875
286.4716491699219 314.5684509277344 312.2801513671875 326.7086486816406
261.1517028808594 519.7062377929688 332.2544250488281 535.171142578125
261.0424499511719 362.5841979980469 332.0398254394531 378.13189697265625
44.9249382019043 673.1875 85.41294860839844 692.5205688476562
156.39422607421875 57.1440544128418 218.0743865966797 76.75030517578125
199.84530639648438 134.52874755859375 282.85003662109375 151.69442749023438
45.74787902832031 604.8407592773438 89.40547180175781 621.3268432617188
45.047386169433594 515.83251953125 85.39443969726562 535.6463623046875
168.7452392578125 316.98480224609375 209.63128662109375 328.4446716308594
45.500614166259766 427.0211181640625 96.00861358642578 441.3699645996094
45.115806579589844 359.2048645019531 85.33499145507812 378.8097229003906
293.32977294921875 221.70001220703125 350.2354736328125 234.65118408203125
25.26883316040039 504.188720703125 349.8406677246094 555.6668701171875
45.743064880371094 447.5273742675781 89.430908203125 464.2823181152344
24.853885650634766 726.7283935546875 350.7017822265625 811.46484375
44.540000915527344 585.2081909179688 56.7153205871582 597.72607421875
57.427364349365234 584.5071411132812 119.75638580322266 598.9617919921875
286.7747802734375 603.59765625 330.3183898925781 621.76904296875
286.7171630859375 760.9002075195312 330.5791015625 778.8560180664062
168.70989990234375 474.0823059082031 209.57781982421875 486.15203857421875
25.883562088012695 570.27783203125 350.8242492675781 648.766845703125
168.80471801757812 630.968505859375 209.61251831054688 642.9483642578125
25.45731544494629 349.48114013671875 349.8089904785156 398.5092468261719
287.0059509277344 446.7809143066406 330.29376220703125 465.0986633300781
25.888715744018555 413.0351257324219 351.1938171386719 496.95709228515625
106.509033203125 304.5762634277344 115.82693481445312 314.78485107421875
180.7927703857422 773.4347534179688 196.4525146484375 787.68310546875
300.14520263671875 44.09290313720703 350.1078796386719 93.50679016113281
25.313404083251953 657.7611694335938 349.9725341796875 712.3282470703125
45.52070236206055 290.6573181152344 89.71477508544922 307.3885498046875
25.029699325561523 44.07084655761719 74.94178771972656 93.64125061035156
45.237972259521484 268.6134948730469 102.31768035888672 280.9181213378906
24.8903751373291 119.13407135009766 349.94189453125 195.54660034179688
129.09906005859375 165.92112731933594 164.06048583984375 179.10968017578125
40.14552307128906 165.7624053955078 110.40629577636719 179.5589599609375
45.70034408569336 761.5316162109375 89.41450500488281 778.1326904296875
25.576013565063477 257.0284729003906 350.9547424316406 343.2472839355469
106.544189453125 618.866943359375 115.71128845214844 629.2503051757812
263.1333923339844 618.5655517578125 272.85693359375 629.3024291992188
