2.5279042720794678 2304.9912109375 1240.81005859375 2686.6640625
74.79425048828125 203.32374572753906 292.0133056640625 268.732421875
970.2825317382812 47.8934211730957 1032.2869873046875 90.65093994140625
1117.62109375 52.19884490966797 1183.2327880859375 84.10548400878906
71.30903625488281 397.1152038574219 585.990478515625 908.4451293945312
1051.5203857421875 180.08978271484375 1167.7113037109375 304.8320617675781
68.8758316040039 1565.8509521484375 587.8260498046875 2078.6884765625
658.1559448242188 396.7847595214844 1171.6463623046875 908.4702758789062
658.075439453125 1565.817138671875 1171.9033203125 2079.53955078125
657.8670654296875 980.856689453125 1171.50927734375 1492.4661865234375
77.52739715576172 1.0930774211883545 223.9941864013672 127.37918853759766
69.73917388916016 398.7914733886719 587.1744995117188 907.008544921875
72.18309020996094 1564.98388671875 584.9222412109375 2080.750244140625
72.02039337158203 980.0117797851562 585.4435424804688 1492.87890625
