74.4721450805664 1920.5751953125 1171.2578125 2160.87255859375
74.67257690429688 2209.40380859375 1172.5626220703125 2391.587890625
73.98273468017578 1342.9415283203125 1172.7642822265625 1582.8341064453125
1046.4869384765625 45.58924102783203 1095.2498779296875 86.71794891357422
74.30216979980469 1631.69189453125 1171.9222412109375 1872.6279296875
100.5301513671875 2486.515625 163.3392791748047 2552.355224609375
1050.58251953125 178.98046875 1170.2794189453125 303.0940246582031
333.79248046875 2487.564453125 397.7879333496094 2550.250244140625
1116.9459228515625 51.55886459350586 1183.218994140625 84.22410583496094
970.228759765625 47.89918899536133 1032.67333984375 91.1167984008789
550.6577758789062 2445.45703125 697.4059448242188 2592.4013671875
1087.1763916015625 2491.818115234375 1144.0164794921875 2548.176025390625
853.0450439453125 2491.194091796875 911.0113525390625 2549.662353515625
86.90196228027344 0.7899713516235352 215.80960083007812 123.3095932006836
267.1982421875 409.8232727050781 976.3753051757812 1076.5784912109375
74.88150787353516 201.14276123046875 484.78668212890625 269.2890930175781
