23.246912002563477 513.3213500976562 140.14097595214844 668.0238647460938
35.88798904418945 513.3213500976562 79.51792907714844 615.5513916015625
23.027400970458984 513.3213500976562 313.6520690917969 668.2150268554688
23.68974494934082 513.3213500976562 183.9910430908203 581.3710327148438
23.988475799560547 513.3213500976562 139.9436798095703 667.4763793945312
136.6834716796875 560.9647216796875 252.62896728515625 735.6495361328125
147.03759765625 560.9647216796875 312.8211364746094 649.680908203125
23.027400970458984 560.9647216796875 313.6520690917969 668.2150268554688
193.76785278320312 560.9647216796875 229.19241333007812 615.1746826171875
181.89797973632812 592.3958740234375 243.49017333984375 624.1927490234375
23.660511016845703 592.4892578125 94.95756530761719 624.369384765625
100.79412078857422 592.5814819335938 176.05914306640625 624.1806030273438
298.72772216796875 701.63134765625 351.7501525878906 754.6100463867188
23.460670471191406 701.6644287109375 76.07615661621094 754.42431640625
136.6834716796875 719.5511474609375 252.62896728515625 735.6495361328125
147.03759765625 635.3794555664062 312.8211364746094 649.680908203125
87.90849304199219 701.6333618164062 287.29083251953125 754.7888793945312
23.246912002563477 634.728271484375 140.14097595214844 668.0238647460938
24.105253219604492 502.1993408203125 156.5089569091797 538.7744750976562
35.88798904418945 601.767578125 79.51792907714844 615.5513916015625
23.027400970458984 634.4017944335938 313.6520690917969 668.2150268554688
54.11759948730469 514.327880859375 141.9407501220703 527.6618041992188
37.59358596801758 513.3213500976562 49.49610900878906 529.3831787109375
336.3053894042969 12.5183744430542 357.4911804199219 24.768383026123047
23.68974494934082 557.2131958007812 183.9910430908203 581.3710327148438
208.58070373535156 560.9647216796875 225.51327514648438 577.56494140625
128.34439086914062 635.2197875976562 143.24334716796875 649.8574829101562
293.15631103515625 12.447100639343262 311.41156005859375 25.827911376953125
108.9397964477539 718.129638671875 129.26451110839844 737.0900268554688
113.14566040039062 600.8729858398438 156.5911407470703 615.5007934570312
193.76785278320312 601.7288818359375 229.19241333007812 615.1746826171875
315.424560546875 717.9199829101562 334.9593200683594 736.9292602539062
298.7929992675781 701.8614501953125 351.61944580078125 754.2588500976562
315.7444763183594 11.626263618469238 331.232177734375 25.74087142944336
23.570791244506836 701.8580322265625 75.98017883300781 754.1268920898438
23.988475799560547 653.896484375 139.9436798095703 667.4763793945312
