1273.284912109375 29.49146270751953 1363.0125732421875 192.1206817626953
85.75186157226562 657.9351806640625 219.2013702392578 804.587890625
85.84042358398438 2178.3359375 218.9681854248047 2324.267333984375
1121.0325927734375 2274.87841796875 1375.837158203125 2530.513671875
85.76941680908203 1874.29052734375 218.86087036132812 2019.772705078125
85.99791717529297 961.250732421875 218.67977905273438 1108.1280517578125
85.7071533203125 1265.607177734375 218.86813354492188 1410.873046875
85.75817108154297 1570.2215576171875 218.9467010498047 1715.4217529296875
1273.284912109375 126.67547607421875 1363.0125732421875 192.1206817626953
57.38725662231445 905.8419189453125 1393.1015625 1165.6038818359375
257.49169921875 658.724853515625 919.98779296875 724.8355102539062
257.9337463378906 2263.52880859375 518.4588012695312 2314.17138671875
85.95626068115234 1874.1259765625 218.6926727294922 2019.0020751953125
85.99726104736328 2178.2939453125 218.76419067382812 2323.716064453125
85.87724304199219 1570.366455078125 218.659423828125 1714.723876953125
85.80193328857422 25.676342010498047 182.36111450195312 74.34870910644531
1120.5992431640625 2274.857666015625 1375.76220703125 2530.653564453125
257.2728576660156 743.2583618164062 518.4469604492188 793.2147216796875
257.3800964355469 1654.59619140625 518.676025390625 1706.7218017578125
1085.7484130859375 27.23192596435547 1146.7872314453125 72.32266998291016
84.89520263671875 354.45111083984375 218.63954162597656 474.31964111328125
590.023193359375 1960.1634521484375 705.1299438476562 2009.7791748046875
64.53583526611328 449.95574951171875 1383.6690673828125 631.561767578125
84.10269927978516 127.78036499023438 762.8880615234375 201.4791717529297
589.6749877929688 1655.519287109375 705.7153930664062 1705.4530029296875
257.5914611816406 1570.2119140625 919.8396606445312 1638.70166015625
257.71051025390625 1959.23388671875 517.7951049804688 2010.8753662109375
589.0953979492188 2264.060302734375 706.1883544921875 2312.83447265625
256.4909362792969 1267.01611328125 919.7708129882812 1334.8231201171875
590.5270385742188 1351.743408203125 705.2520141601562 1400.73974609375
257.4759826660156 1875.09912109375 918.9304809570312 1942.166748046875
108.4295883178711 415.1532287597656 199.96449279785156 455.2758483886719
57.02989959716797 2123.443359375 1393.6744384765625 2383.536865234375
86.09847259521484 961.8673706054688 218.72052001953125 1107.5408935546875
85.75505828857422 1265.749267578125 218.69088745117188 1409.912353515625
256.302490234375 354.4837951660156 920.446044921875 422.8834533691406
85.36369323730469 354.3323059082031 218.6560821533203 474.1391296386719
1278.2874755859375 29.49146270751953 1350.247802734375 66.82605743408203
1117.43115234375 118.96492004394531 1199.068115234375 201.0413818359375
255.72085571289062 1872.5843505859375 920.6198120117188 2012.9051513671875
589.818603515625 744.1824951171875 705.849365234375 792.8048095703125
257.5845642089844 962.856201171875 919.8342895507812 1030.05224609375
257.73199462890625 1349.677001953125 518.2007446289062 1402.0167236328125
57.04041290283203 1815.4705810546875 1392.2840576171875 2080.014892578125
1182.8443603515625 24.720449447631836 1238.651123046875 71.48333740234375
243.68858337402344 506.7440490722656 659.3472290039062 569.0520629882812
589.5602416992188 1048.839111328125 705.6090087890625 1097.1083984375
53.426815032958984 1207.654052734375 1394.181396484375 1471.3751220703125
1244.461669921875 108.71697998046875 1392.7540283203125 225.27261352539062
55.04124450683594 617.7633666992188 1393.1011962890625 860.5718994140625
256.3426818847656 1265.14794921875 921.3775024414062 1403.960205078125
69.02706146240234 1.3551902770996094 203.18011474609375 103.66438293457031
1078.366455078125 108.00454711914062 1232.2633056640625 224.37692260742188
257.4358825683594 2178.752197265625 919.0113525390625 2246.498046875
256.47918701171875 961.089599609375 921.573974609375 1099.853759765625
86.45262145996094 958.339111328125 1338.927978515625 1106.495849609375
255.71365356445312 1567.117919921875 921.9424438476562 1708.011474609375
54.597801208496094 1513.179931640625 1393.7041015625 1775.462890625
255.6773223876953 657.0476684570312 921.537353515625 795.0298461914062
86.03739166259766 658.2207641601562 218.9343719482422 803.5289916992188
256.0641784667969 2177.04345703125 920.6377563476562 2315.616455078125
254.15097045898438 1263.6329345703125 1331.977294921875 1405.2235107421875
