450.74908447265625 2123.669189453125 619.6708374023438 2231.11181640625
1038.773681640625 2123.87109375 1207.6075439453125 2231.6396484375
59.42464065551758 2124.55029296875 228.0440673828125 2231.42041015625
647.1927490234375 2124.2001953125 815.3197631835938 2231.84716796875
255.7780303955078 2124.116943359375 424.5039367675781 2231.954833984375
843.3405151367188 2123.904052734375 1011.4876098632812 2231.5537109375
1234.76708984375 2125.325927734375 1403.0418701171875 2230.064453125
449.2678527832031 1937.4775390625 701.30712890625 1979.5172119140625
110.43486785888672 630.1796264648438 517.2982177734375 692.7889404296875
1111.6436767578125 1851.4383544921875 1386.4686279296875 1909.5386962890625
351.81884765625 2053.626220703125 1090.5863037109375 2110.634765625
886.708251953125 2535.455322265625 967.08544921875 2588.036865234375
324.7472229003906 918.751953125 1020.0429077148438 1046.801025390625
495.82342529296875 2468.72607421875 575.0487670898438 2519.9423828125
552.3580932617188 1205.291748046875 760.2811889648438 1261.1434326171875
1279.181640625 2635.18505859375 1358.1295166015625 2684.795166015625
800.9616088867188 1205.4830322265625 1006.04150390625 1261.448974609375
1071.5577392578125 2635.03271484375 1163.1099853515625 2685.577880859375
63.46609878540039 1205.86572265625 271.91058349609375 1261.9781494140625
342.7740783691406 2366.13037109375 398.68634033203125 2412.386474609375
1046.35546875 1207.7275390625 1249.6126708984375 1260.39501953125
537.0730590820312 2365.88232421875 595.813720703125 2412.452880859375
733.9143676757812 2367.1162109375 790.6233520507812 2411.959228515625
307.3020935058594 1204.8563232421875 516.2146606445312 1261.4578857421875
145.2366485595703 2366.185791015625 205.73193359375 2413.290771484375
1095.400390625 798.9765625 1383.9580078125 846.4651489257812
244.15908813476562 207.8885040283203 1161.1243896484375 281.0981750488281
1293.0252685546875 1207.318603515625 1395.5345458984375 1258.9796142578125
104.27346801757812 2569.9521484375 184.64569091796875 2618.162353515625
298.9862976074219 2569.970703125 380.1647644042969 2620.226806640625
26.532411575317383 500.8506164550781 1416.3504638671875 1069.466552734375
20.365734100341797 1087.1146240234375 1420.1165771484375 1723.1201171875
53.278690338134766 1928.51513671875 703.7763671875 1985.9605712890625
1084.451171875 1131.8994140625 1279.862548828125 1185.0550537109375
155.19973754882812 384.7992248535156 381.0893249511719 436.3641357421875
2.244858741760254 148.5315399169922 1438.3233642578125 498.9272766113281
