984.5328979492188 713.4915771484375 1168.95068359375 774.2667236328125
754.8405151367188 2164.009033203125 933.564453125 2288.552001953125
55.46244430541992 1474.01708984375 111.93077850341797 1533.2698974609375
49.24135971069336 563.3167724609375 919.3707885742188 891.5862426757812
56.89641189575195 73.25015258789062 126.35948181152344 141.85850524902344
156.28012084960938 1944.9903564453125 334.51617431640625 2000.3465576171875
943.7005615234375 415.9002685546875 1168.2816162109375 486.33502197265625
344.862548828125 258.7322082519531 727.0398559570312 321.21429443359375
934.590576171875 1334.319580078125 1059.970703125 1385.3170166015625
270.8287048339844 2202.26708984375 375.2210388183594 2261.6181640625
156.02578735351562 1333.87744140625 334.3466796875 1385.8182373046875
47.972625732421875 938.9225463867188 1125.2161865234375 1242.641357421875
935.1272583007812 563.058837890625 1168.4873046875 891.1771850585938
930.3362426757812 73.13481903076172 988.9230346679688 138.47666931152344
52.121524810791016 249.04257202148438 300.75189208984375 670.1444702148438
618.87158203125 415.4912109375 923.385986328125 487.35577392578125
88.06422424316406 2201.8798828125 190.82118225097656 2262.04248046875
453.4580078125 2179.3115234375 716.4784545898438 2284.48486328125
472.2493591308594 343.40826416015625 538.7086181640625 382.5848693847656
1048.1474609375 76.24347686767578 1111.9522705078125 135.7460479736328
589.2119140625 341.34112548828125 701.5900268554688 387.52777099609375
57.04637908935547 1942.7322998046875 109.21102905273438 1998.492431640625
784.749755859375 37.68876266479492 900.9107055664062 173.89732360839844
155.88221740722656 2125.49365234375 377.38525390625 2162.473388671875
155.73733520507812 1801.744873046875 335.29779052734375 1856.0989990234375
54.84811019897461 1800.953125 111.93572998046875 1857.794921875
346.1173400878906 415.11846923828125 598.9894409179688 487.5598449707031
978.4794311523438 2201.240966796875 1085.0714111328125 2262.447021484375
157.76974487304688 1478.18798828125 379.66485595703125 1531.2882080078125
