173.90159606933594 1602.225341796875 274.79193115234375 1660.02783203125
476.5146789550781 193.6233367919922 520.9139404296875 239.35549926757812
174.18333435058594 1745.706787109375 379.07635498046875 1806.5614013671875
173.19522094726562 1892.1087646484375 276.0136413574219 1951.76123046875
343.8427429199219 801.4555053710938 826.46240234375 1285.6920166015625
172.08477783203125 1392.531982421875 601.4138793945312 1507.8154296875
387.483642578125 682.8546142578125 781.3020629882812 729.5454711914062
77.82757568359375 1603.93115234375 132.024658203125 1658.913818359375
75.65013122558594 1892.7711181640625 133.57078552246094 1953.17431640625
73.03375244140625 1751.375244140625 137.292724609375 1802.2774658203125
151.6425323486328 239.811279296875 454.55279541015625 366.821044921875
81.41300964355469 277.5801086425781 132.03097534179688 328.83203125
71.01608276367188 1416.543701171875 138.64540100097656 1484.7215576171875
