139.78245544433594 254.46322631835938 308.1354064941406 464.2330017089844
140.07423400878906 598.2857666015625 314.9345703125 719.8670043945312
34.80653762817383 656.7391357421875 100.72269439697266 673.4381713867188
32.458030700683594 769.7813110351562 102.91679382324219 787.6023559570312
32.823204040527344 484.72772216796875 101.21730041503906 501.9819641113281
160.1173858642578 598.0291748046875 227.8203582763672 613.4432373046875
32.66549301147461 712.9304809570312 102.56352233886719 730.2495727539062
281.727294921875 365.4497985839844 360.4867858886719 382.46673583984375
37.85991287231445 351.343017578125 136.54788208007812 396.1730041503906
176.91302490234375 365.8294982910156 237.62181091308594 383.8880615234375
31.78196907043457 427.8919372558594 104.36970520019531 445.44500732421875
35.73557662963867 541.8900146484375 98.0069580078125 559.2828369140625
331.40313720703125 505.94268798828125 363.9647216796875 521.2174072265625
160.74447631835938 726.2435913085938 240.11312866210938 741.1203002929688
48.575740814208984 835.30517578125 71.63400268554688 859.6513671875
27.008176803588867 13.9143705368042 53.913482666015625 29.532428741455078
312.6771545410156 16.160776138305664 333.51861572265625 30.251920700073242
31.831796646118164 59.472564697265625 88.03917694091797 116.46144104003906
279.0002136230469 835.1263427734375 299.1217346191406 858.7357788085938
139.5098876953125 571.8334350585938 303.8798522949219 591.1516723632812
122.9673843383789 425.57696533203125 382.2890625 534.1207275390625
139.78561401367188 76.47299194335938 207.54595947265625 100.85536193847656
115.72126007080078 834.7200927734375 135.95330810546875 858.2396850585938
123.0494613647461 681.8336181640625 382.22998046875 789.8935546875
222.52484130859375 77.57182312011719 286.46258544921875 98.29806518554688
160.65432739257812 469.94793701171875 234.0656280517578 485.45166015625
140.07423400878906 699.2965698242188 314.9345703125 719.8670043945312
178.84268188476562 820.9781494140625 236.71754455566406 878.7215576171875
338.05181884765625 15.501883506774902 355.3505859375 29.069774627685547
337.1432189941406 633.7337036132812 364.8940124511719 648.8988037109375
348.7022705078125 834.9135131835938 371.3907165527344 858.9110717773438
139.78245544433594 443.6900634765625 308.1354064941406 464.2330017089844
31.69866180419922 147.88641357421875 382.84442138671875 310.42669677734375
122.85599517822266 554.1859741210938 382.39617919921875 662.4122314453125
361.3782653808594 17.317367553710938 384.870361328125 28.02927017211914
135.47860717773438 168.5358123779297 278.6415710449219 191.33934020996094
238.54310607910156 254.46322631835938 273.25079345703125 288.84661865234375
140.1589813232422 598.2857666015625 154.15216064453125 612.978271484375
191.46002197265625 256.4056091308594 223.67056274414062 287.426513671875
32.72112274169922 61.0344352722168 86.84268951416016 116.03713989257812
138.5884246826172 508.68743896484375 303.80322265625 518.9832153320312
140.0946044921875 726.2611083984375 154.4359893798828 741.5098266601562
286.7488098144531 255.04922485351562 320.6966247558594 288.37042236328125
36.30148696899414 346.57647705078125 381.72381591796875 400.95001220703125
93.5975112915039 257.4154052734375 125.39273834228516 285.5677490234375
141.97860717773438 257.7415771484375 174.45346069335938 285.8882751464844
141.30630493164062 212.15969848632812 173.53245544433594 239.5750732421875
