299.0526428222656 2899.056640625 421.29681396484375 3021.41650390625
565.7612915039062 269.53033447265625 871.4932250976562 531.9521484375
1044.76611328125 2892.841552734375 1113.0941162109375 3019.450439453125
70.18678283691406 1247.228759765625 486.4879150390625 1482.80322265625
1039.0150146484375 1417.9571533203125 1285.6162109375 1470.5635986328125
299.0526428222656 2977.84716796875 421.29681396484375 3021.41650390625
180.1415557861328 1247.7977294921875 738.1483154296875 1316.39501953125
179.16749572753906 1418.5504150390625 485.8009338378906 1479.9288330078125
327.3634338378906 2899.056640625 391.4676208496094 2958.595703125
565.7612915039062 472.5898132324219 871.4932250976562 531.9521484375
1277.6842041015625 185.87522888183594 1353.8177490234375 261.9626159667969
635.3619384765625 268.2171936035156 800.5042114257812 431.1900329589844
635.1622314453125 269.53033447265625 799.8330688476562 430.1227722167969
180.46275329589844 1055.13330078125 559.1268920898438 1115.0377197265625
299.1501159667969 47.472557067871094 337.4673767089844 96.51195526123047
1047.1431884765625 2978.431640625 1109.7000732421875 3019.450439453125
1044.76611328125 2892.841552734375 1113.0941162109375 2964.919189453125
75.39498901367188 684.8486938476562 127.00624084472656 744.087890625
181.00555419921875 645.21484375 586.6157836914062 709.3858032226562
180.893798828125 722.6875610351562 912.2025756835938 774.4473266601562
72.24803924560547 1247.228759765625 129.40234375 1307.3212890625
216.60777282714844 48.63938903808594 263.8433532714844 94.433349609375
70.18678283691406 1414.901611328125 486.4879150390625 1482.80322265625
181.57666015625 887.9649047851562 512.2156982421875 946.3237915039062
