38.470558166503906 512.8511962890625 1149.1854248046875 706.7539672851562
62.60859680175781 2145.8564453125 133.57791137695312 2217.2666015625
45.10492706298828 2478.32275390625 1152.9254150390625 2676.714111328125
1278.7945556640625 2634.8583984375 1358.671142578125 2684.752197265625
1149.1610107421875 798.9656982421875 1384.306396484375 846.187255859375
1154.72509765625 1850.9449462890625 1386.4259033203125 1908.852294921875
1310.7325439453125 46.79338836669922 1343.162353515625 96.35862731933594
297.98095703125 47.75819778442383 338.334716796875 98.07965850830078
40.454750061035156 2282.321533203125 1152.0040283203125 2479.215087890625
5.048689842224121 2867.889404296875 1151.109375 3038.826416015625
40.818199157714844 1890.2135009765625 1149.6605224609375 2085.565185546875
37.290130615234375 1101.0435791015625 1152.2158203125 1296.6097412109375
194.70803833007812 1758.4708251953125 527.6439208984375 1817.61572265625
1234.2235107421875 2125.42919921875 1403.0521240234375 2230.277587890625
37.977760314941406 1493.940185546875 1151.09814453125 1691.48388671875
45.494728088378906 2676.1279296875 1151.2255859375 2872.86474609375
194.890380859375 382.1781005859375 338.8383483886719 438.6300048828125
1152.3656005859375 1096.7982177734375 1417.8345947265625 1294.58642578125
1148.9232177734375 213.50543212890625 1258.8782958984375 274.8234558105469
195.02328491210938 2154.070556640625 486.4071960449219 2211.792236328125
35.936195373535156 709.5040283203125 1152.3953857421875 904.3026123046875
38.441463470458984 905.6185302734375 1149.8355712890625 1099.9752197265625
35.73522186279297 1295.6744384765625 1155.2762451171875 1493.526611328125
64.11978149414062 375.4622497558594 131.62791442871094 448.4836730957031
66.20817565917969 1754.1451416015625 130.33226013183594 1820.767578125
34.43076705932617 199.34439086914062 261.0462646484375 258.52337646484375
