34.99631118774414 734.1337890625 63.02457046508789 771.7310180664062
121.38726806640625 731.218505859375 158.74578857421875 772.7205810546875
210.2069091796875 733.191162109375 252.3135223388672 771.6557006835938
307.8458557128906 732.913818359375 338.27703857421875 771.710693359375
121.38726806640625 761.1303100585938 158.74578857421875 772.7205810546875
210.2069091796875 760.2274169921875 252.3135223388672 771.6557006835938
34.99631118774414 760.426513671875 63.02457046508789 771.7310180664062
307.8458557128906 759.9517822265625 338.27703857421875 771.710693359375
37.891727447509766 586.8641357421875 119.56342315673828 600.9835815429688
292.8164978027344 615.0276489257812 374.1839294433594 652.0059204101562
23.5187931060791 66.86712646484375 68.08830261230469 112.42398834228516
238.95545959472656 252.45018005371094 337.74151611328125 383.2786560058594
75.39720916748047 147.2366485595703 299.4612121582031 206.2595672607422
23.494178771972656 66.97071838378906 68.0587158203125 112.11640930175781
310.9192199707031 424.75958251953125 348.22802734375 438.2730712890625
152.8845977783203 81.06028747558594 214.05889892578125 98.98785400390625
292.99835205078125 587.3688354492188 364.7303466796875 600.1409912109375
24.33362579345703 423.3268737792969 134.92958068847656 440.3411560058594
307.0178527832031 67.08258819580078 351.4334411621094 112.41309356689453
38.15801239013672 659.33837890625 143.48141479492188 674.3045043945312
200.40240478515625 362.8474426269531 223.375 376.0203857421875
29.827089309692383 14.61432933807373 65.86650085449219 30.557504653930664
37.61611557006836 614.2955322265625 226.84201049804688 652.562255859375
54.2387809753418 332.0604248046875 143.47836303710938 345.273193359375
35.64163589477539 256.13214111328125 163.0402374267578 318.433349609375
279.26422119140625 570.6121826171875 374.5379333496094 693.1349487304688
221.74037170410156 658.392578125 245.7193603515625 674.1939697265625
23.6759033203125 459.1468505859375 264.0650939941406 570.2105102539062
306.95379638671875 67.20643615722656 351.4329833984375 112.26412200927734
40.958580017089844 734.1337890625 60.191307067871094 752.5438842773438
195.87960815429688 357.7889709472656 227.58934020996094 381.1618347167969
278.1025695800781 459.1458435058594 374.6289367675781 569.745361328125
130.47470092773438 731.218505859375 152.8437042236328 752.8807373046875
292.3185729980469 614.7940673828125 374.36163330078125 674.2697143554688
336.200439453125 16.757488250732422 359.25750732421875 28.751720428466797
37.15901184082031 300.6474304199219 107.78324890136719 317.8981018066406
238.86900329589844 252.94662475585938 337.76263427734375 382.8210144042969
20.40569305419922 0.4051538407802582 75.94410705566406 45.58796310424805
222.51930236816406 733.191162109375 243.55368041992188 752.2792358398438
316.7502746582031 732.913818359375 331.7828369140625 754.0744018554688
37.08084487915039 256.4173889160156 125.6644515991211 270.0274658203125
292.4542236328125 15.99010944366455 311.4580993652344 30.156646728515625
293.2028503417969 659.4302368164062 374.8448486328125 673.8709106445312
35.21860122680664 255.8896942138672 230.14627075195312 318.6202697753906
