307.8643798828125 400.0406494140625 391.38214111328125 483.6371765136719
307.6053161621094 306.5871887207031 391.4485168457031 390.1200256347656
307.9761962890625 680.28125 391.4767761230469 764.3938598632812
308.00018310546875 587.1815185546875 391.46734619140625 670.359375
29.00243377685547 255.4937744140625 68.11050415039062 285.4930114746094
259.39654541015625 87.03167724609375 384.04864501953125 119.41175842285156
307.9263000488281 493.6026611328125 391.4803466796875 576.733154296875
307.8655090332031 680.4368896484375 391.52020263671875 764.0857543945312
63.01253890991211 720.1497802734375 252.66506958007812 763.4652709960938
307.84832763671875 493.5652160644531 391.6123962402344 576.4298706054688
29.4251708984375 308.9208068847656 286.24560546875 752.5203857421875
231.20579528808594 148.45880126953125 381.6919860839844 201.23974609375
232.44407653808594 252.58389282226562 320.541259765625 285.21392822265625
307.9101257324219 587.225341796875 391.5363464355469 669.9711303710938
351.102783203125 254.46934509277344 389.8156433105469 283.1094665527344
29.73781967163086 308.3996276855469 286.27642822265625 692.954833984375
232.32437133789062 252.7139129638672 320.4453430175781 285.0177001953125
307.707763671875 306.48150634765625 391.47161865234375 390.5152893066406
351.0794372558594 254.56100463867188 389.80877685546875 282.9880065917969
94.65335083007812 16.34701919555664 195.9121551513672 32.02812194824219
88.29053497314453 250.97311401367188 134.35899353027344 287.32318115234375
16.650192260742188 11.527130126953125 88.34246063232422 37.4615592956543
307.78997802734375 400.0513610839844 391.435546875 483.31219482421875
16.701196670532227 11.362051963806152 88.26154327392578 37.56073760986328
