503.3674621582031 323.8834228515625 1100.634521484375 427.9297790527344
1015.4449462890625 693.5977783203125 1102.2354736328125 787.646484375
70.96052551269531 697.8413696289062 627.9977416992188 814.83544921875
72.12242889404297 1661.251220703125 395.75701904296875 1723.1591796875
69.62544250488281 255.20986938476562 457.12628173828125 549.203369140625
503.6228332519531 504.30926513671875 663.01904296875 546.799560546875
1010.1464233398438 1126.7080078125 1109.0390625 1186.91845703125
71.38493347167969 1214.157470703125 337.6350402832031 1268.13623046875
71.68753814697266 989.2201538085938 287.1553039550781 1050.4765625
72.60188293457031 1344.5848388671875 264.4394226074219 1401.27685546875
1010.4719848632812 1343.591552734375 1108.502685546875 1402.2557373046875
648.2282104492188 674.7860717773438 935.9279174804688 792.076904296875
69.46142578125 255.5140380859375 457.603515625 548.5221557617188
665.5706176757812 508.54205322265625 902.6104736328125 755.5140380859375
725.94287109375 503.730712890625 871.669189453125 546.6904907226562
1033.8009033203125 1798.253662109375 1107.625 1873.1923828125
471.1849365234375 80.4735107421875 710.6067504882812 137.0536346435547
72.34664154052734 2020.38525390625 470.09136962890625 2076.35595703125
505.30914306640625 255.9628448486328 683.2152099609375 298.37518310546875
72.20716094970703 1806.7218017578125 523.370361328125 1863.758056640625
73.84129333496094 2154.10107421875 952.1475219726562 2313.995849609375
504.3303527832031 2019.202880859375 886.7701416015625 2077.8115234375
72.94977569580078 1430.1209716796875 233.24356079101562 1483.8726806640625
78.85714721679688 1130.06396484375 166.2344512939453 1183.8985595703125
