792.0017700195312 2203.251708984375 854.7310180664062 2321.197021484375
81.77294158935547 2204.359130859375 152.1330108642578 2321.820556640625
290.6746826171875 2204.1875 415.2935791015625 2324.043701171875
1006.4447021484375 2203.313232421875 1113.86474609375 2323.1669921875
553.2440795898438 2202.57373046875 621.3204956054688 2322.8125
1006.4447021484375 2287.770751953125 1113.86474609375 2323.1669921875
22.949182510375977 1882.8253173828125 347.31549072265625 2179.579833984375
290.6746826171875 2287.855224609375 415.2935791015625 2324.043701171875
23.87087631225586 333.45465087890625 347.8943176269531 656.5599365234375
162.41807556152344 1657.4547119140625 314.04656982421875 1685.379150390625
368.59521484375 1922.9169921875 1132.06298828125 2112.570556640625
26.892864227294922 856.1795043945312 336.3213806152344 1172.2440185546875
561.0302734375 2288.12255859375 615.7352905273438 2322.8125
877.9984130859375 213.8272705078125 1129.0198974609375 262.99151611328125
371.9134216308594 892.38330078125 1138.203857421875 994.9884643554688
796.1663208007812 2288.523193359375 850.8876342773438 2321.197021484375
368.3297424316406 1405.8389892578125 1122.4501953125 1595.625
370.5176696777344 1408.262939453125 1120.7952880859375 1511.984130859375
368.4846496582031 889.6976318359375 1144.329345703125 1079.759033203125
368.37347412109375 373.23590087890625 1092.555419921875 563.2407836914062
856.8860473632812 1553.03857421875 1151.4443359375 1597.70458984375
23.115150451660156 1365.6793212890625 346.4737548828125 1689.8597412109375
90.37657928466797 2289.310791015625 145.07936096191406 2321.820556640625
46.66103744506836 38.93805694580078 168.2208709716797 162.127197265625
792.0017700195312 2203.251708984375 854.7310180664062 2271.927490234375
374.76141357421875 573.0773315429688 444.5177307128906 612.9387817382812
375.3551330566406 1088.343994140625 444.41900634765625 1128.6728515625
494.2403564453125 72.2326889038086 683.807373046875 128.27346801757812
119.54559326171875 1977.85400390625 251.82510375976562 2109.537841796875
45.99474334716797 211.1571807861328 99.5037612915039 265.96240234375
81.77294158935547 2204.359130859375 152.1330108642578 2275.28125
24.755237579345703 1713.340087890625 1155.0699462890625 1837.3663330078125
858.0181884765625 519.5206909179688 1151.4425048828125 567.0447387695312
318.01800537109375 2204.1875 387.0123291015625 2272.53369140625
866.1882934570312 39.13111877441406 987.541015625 162.69969177246094
1022.8816528320312 2203.313232421875 1090.7333984375 2270.140869140625
1011.5282592773438 40.297550201416016 1130.4005126953125 162.8480224609375
119.70255279541016 430.0596008300781 252.72970581054688 561.49755859375
25.601089477539062 681.23046875 1155.62548828125 804.878173828125
553.2440795898438 2202.57373046875 621.3204956054688 2270.751953125
371.2911376953125 1025.98291015625 1152.412353515625 1082.65771484375
446.385009765625 711.6591186523438 731.0328369140625 769.8693237304688
25.913105010986328 1196.8785400390625 1154.9810791015625 1319.9305419921875
469.25103759765625 32.34318161010742 715.982177734375 165.14862060546875
25.68670082092285 1369.1768798828125 342.1705322265625 1686.232177734375
371.0314636230469 1925.14990234375 1129.8076171875 2026.2135009765625
370.2491455078125 375.5429992675781 1089.054931640625 481.37908935546875
