300.9160461425781 2180.186279296875 372.5552062988281 2291.650390625
816.3534545898438 1991.9228515625 1129.591552734375 2294.8330078125
136.11639404296875 1141.4830322265625 387.5682373046875 1569.8179931640625
452.9103698730469 1704.0897216796875 620.6597290039062 1958.2705078125
425.6778259277344 1314.3623046875 753.1882934570312 1359.49169921875
314.1794128417969 180.09043884277344 558.790283203125 281.7494201660156
37.174930572509766 180.682861328125 281.0063781738281 281.9010925292969
971.9653930664062 2252.361572265625 1103.73291015625 2294.8330078125
946.3746948242188 876.626953125 1098.659423828125 922.4537963867188
452.7573547363281 1702.67236328125 621.5884399414062 1871.823486328125
136.1907196044922 1622.6434326171875 386.9806213378906 1873.103515625
1021.7905883789062 543.900390625 1100.9144287109375 622.7953491210938
588.6983642578125 1237.9468994140625 724.1295776367188 1279.4937744140625
453.8094177246094 1623.52099609375 784.5043334960938 1672.101318359375
899.2258911132812 1700.173095703125 1072.6419677734375 1872.0072021484375
539.2926635742188 2252.124755859375 603.8358764648438 2293.157958984375
136.22036743164062 1141.2620849609375 387.4874572753906 1392.295654296875
424.82275390625 877.6741333007812 747.6638793945312 920.3802490234375
283.08062744140625 450.69207763671875 600.5760498046875 494.7815246582031
638.118896484375 712.592041015625 762.0242309570312 754.3005981445312
675.0682373046875 1702.066650390625 849.9930419921875 1873.8399658203125
135.7415771484375 558.873779296875 387.4845275878906 810.676025390625
796.0784912109375 712.1981811523438 930.0048217773438 755.1634521484375
816.4863891601562 1991.812744140625 1129.6175537109375 2119.7431640625
1027.4136962890625 65.93075561523438 1112.6358642578125 117.07828521728516
305.76214599609375 2253.656494140625 371.48052978515625 2291.650390625
755.7005615234375 2253.090576171875 854.1787109375 2293.857666015625
424.7316589355469 558.7266235351562 965.0015869140625 606.5962524414062
28.65831184387207 55.03519821166992 292.824951171875 127.66607666015625
425.59197998046875 633.6184692382812 874.837890625 682.662841796875
752.8748168945312 1236.92724609375 980.2025146484375 1280.634521484375
72.63417053222656 2253.254638671875 136.348876953125 2292.805908203125
1008.24658203125 37.46366500854492 1127.38671875 145.1388397216797
143.06419372558594 1039.537841796875 648.7724609375 1087.8341064453125
135.9577178955078 1623.5970458984375 386.61541748046875 1872.397216796875
374.3971862792969 69.42383575439453 732.4658203125 114.4966049194336
899.59228515625 1699.9061279296875 1072.144287109375 1871.1026611328125
238.66769409179688 357.7528381347656 579.3053588867188 405.48272705078125
1022.3416748046875 545.4205932617188 1100.2332763671875 622.0509643554688
424.80126953125 561.6720581054688 561.5046997070312 602.6790161132812
150.81948852539062 452.62750244140625 266.40093994140625 493.7293701171875
1019.6979370117188 180.92897033691406 1121.573486328125 280.3291015625
624.1174926757812 2034.8681640625 711.9344482421875 2082.966552734375
497.6197814941406 1917.2900390625 572.7827758789062 1958.2705078125
424.7085876464844 713.98095703125 607.9852294921875 754.1820068359375
424.1708679199219 711.5222778320312 931.4302978515625 755.8863525390625
300.9160461425781 2180.186279296875 372.5552062988281 2242.906982421875
135.61180114746094 559.55224609375 387.38238525390625 809.763671875
944.3856811523438 1299.3280029296875 1102.6195068359375 1375.8385009765625
143.25621032714844 1039.7589111328125 225.29736328125 1086.5625
558.43115234375 1142.0321044921875 1013.8617553710938 1189.346435546875
142.87977600097656 1520.596923828125 384.697509765625 1569.8179931640625
623.14306640625 2023.2138671875 789.5816040039062 2084.876220703125
573.005859375 558.9241333007812 963.298583984375 606.7634887695312
816.3534545898438 1991.9228515625 1129.591552734375 2118.769287109375
675.0849609375 1703.1488037109375 849.41259765625 1873.1396484375
136.11639404296875 1141.4830322265625 387.5682373046875 1391.8104248046875
424.3941345214844 1238.0386962890625 557.9044799804688 1280.183349609375
452.9103698730469 1704.0897216796875 620.6597290039062 1870.6346435546875
890.7371826171875 40.526607513427734 998.8029174804688 149.3841094970703
424.5142517089844 1235.802490234375 981.08251953125 1281.6883544921875
944.5284423828125 1300.2764892578125 1102.1800537109375 1375.6641845703125
144.9073486328125 356.83642578125 606.6647338867188 407.2638854980469
