31.346147537231445 17.306690216064453 384.2425842285156 179.3948211669922
31.346147537231445 15.507286071777344 384.2425842285156 179.3948211669922
30.856632232666016 286.45428466796875 379.1446838378906 573.9322509765625
31.04180908203125 286.45428466796875 174.61158752441406 489.8321228027344
47.70038604736328 677.147216796875 103.65452575683594 732.9498291015625
30.856632232666016 503.3665466308594 379.1446838378906 573.9322509765625
31.2554874420166 59.32146453857422 88.07794952392578 116.21991729736328
48.033565521240234 780.9694213867188 103.5760498046875 836.7022094726562
233.66656494140625 391.7108459472656 330.9837646484375 411.8340759277344
233.43643188476562 349.3696594238281 372.38726806640625 367.37969970703125
31.703603744506836 198.0126495361328 196.8575897216797 252.03367614746094
31.858293533325195 154.28567504882812 269.6537170410156 178.21066284179688
233.3577423095703 307.4084167480469 343.24847412109375 325.255615234375
31.552213668823242 620.9852294921875 123.11979675292969 642.070556640625
31.832130432128906 467.9726257324219 148.39710998535156 489.8321228027344
216.84597778320312 198.24169921875 381.76519775390625 251.4161834716797
26.932361602783203 13.941162109375 53.90404510498047 29.658727645874023
115.20489501953125 681.7506713867188 259.252197265625 700.8912963867188
114.70638275146484 785.2943115234375 240.67254638671875 831.598876953125
312.6101989746094 16.136945724487305 333.3298645019531 30.193025588989258
145.13482666015625 76.94081115722656 267.79168701171875 98.470703125
69.42969512939453 215.38714599609375 155.9294891357422 233.28329467773438
240.9818115234375 214.87998962402344 372.3785400390625 233.67662048339844
115.51248168945312 785.8423461914062 240.33944702148438 804.9053344726562
47.61513900756836 677.2335815429688 103.65997314453125 732.7623901367188
115.24174499511719 710.0925903320312 203.6979217529297 727.2744750976562
360.6749267578125 17.306690216064453 383.7271728515625 28.172954559326172
115.48211669921875 814.403564453125 203.48040771484375 831.2191772460938
337.7268371582031 15.507286071777344 354.70770263671875 29.06553077697754
31.04180908203125 286.45428466796875 174.61158752441406 430.54254150390625
63.46971130371094 691.2965087890625 88.64694213867188 718.7811889648438
48.02094268798828 780.9696044921875 103.56145477294922 836.4966430664062
34.815921783447266 663.0408325195312 382.3628234863281 749.1511840820312
201.16583251953125 391.7495422363281 218.1688995361328 409.69580078125
31.296953201293945 59.45469665527344 88.02642822265625 115.99073791503906
31.346147537231445 153.8238067626953 384.2425842285156 179.3948211669922
20.125802993774414 1.2577180862426758 62.683006286621094 40.012752532958984
201.2613525390625 307.883544921875 218.29812622070312 325.3681945800781
33.57527160644531 770.5679321289062 382.06304931640625 853.1603393554688
