32.09843826293945 656.4498901367188 169.79409790039062 709.94140625
182.19151306152344 523.9585571289062 298.5074157714844 578.027587890625
192.42922973632812 656.3153076171875 376.61175537109375 709.7008666992188
31.75662612915039 523.68701171875 162.32542419433594 578.2691650390625
31.574024200439453 484.53558349609375 130.10475158691406 508.344482421875
49.71437072753906 407.1871032714844 188.4416046142578 427.6157531738281
32.01164245605469 748.719970703125 246.30178833007812 769.6185302734375
31.857145309448242 615.8731079101562 232.21377563476562 637.0482177734375
135.49530029296875 77.3155746459961 279.2401123046875 98.19617462158203
31.624540328979492 347.70965576171875 122.54032135009766 368.7255859375
205.9588165283203 541.716064453125 273.9222412109375 559.8831787109375
55.08919906616211 673.23583984375 142.63336181640625 691.5257568359375
32.25796127319336 59.69499206542969 87.05353546142578 116.24922180175781
26.801559448242188 13.938458442687988 54.03607177734375 29.4620304107666
55.587894439697266 542.0213623046875 137.97842407226562 561.064697265625
32.45127868652344 60.59922409057617 86.62540435791016 116.04338073730469
238.92111206054688 253.98875427246094 273.2314758300781 288.78424072265625
312.97393798828125 15.903870582580566 333.4479064941406 30.36457633972168
31.843708038330078 809.54345703125 382.64276123046875 868.8775024414062
215.8440704345703 673.1677856445312 347.8232116699219 691.5665893554688
135.4619140625 168.21836853027344 278.5202331542969 190.85208129882812
189.9645233154297 256.185546875 223.6087188720703 287.01605224609375
337.770263671875 15.43111801147461 354.7227478027344 29.43695068359375
361.1825866699219 17.489431381225586 384.51373291015625 28.4920654296875
32.57752227783203 388.48443603515625 381.9936218261719 446.50830078125
138.90098571777344 257.0526123046875 174.379638671875 285.1199951171875
31.676132202148438 147.9468994140625 382.87725830078125 311.1000061035156
321.0804443359375 744.72119140625 382.45599365234375 774.436767578125
286.8057556152344 256.2304382324219 319.0303039550781 287.27032470703125
92.84249114990234 257.3550109863281 125.97344207763672 285.2098083496094
238.93185424804688 254.25328063964844 273.0807800292969 288.61785888671875
142.0048828125 212.37139892578125 173.9197540283203 240.06851196289062
287.011474609375 210.9813232421875 317.8940734863281 239.73439025878906
94.5926513671875 211.47293090820312 123.46187591552734 238.41282653808594
335.0354309082031 258.1306457519531 368.9095458984375 286.533447265625
335.21112060546875 210.75648498535156 365.75543212890625 240.64073181152344
44.077423095703125 210.99681091308594 75.43181610107422 240.5641632080078
