15.76012897491455 357.3910827636719 126.77349090576172 562.01904296875
315.8273010253906 15.171381950378418 331.0926818847656 29.24597930908203
254.98541259765625 739.3082275390625 280.001708984375 764.5099487304688
327.350830078125 361.7023620605469 358.9172058105469 393.2000732421875
68.63826751708984 61.457496643066406 161.93174743652344 92.83757781982422
67.9718246459961 487.3871154785156 173.30245971679688 504.75714111328125
15.891011238098145 582.4365234375 55.625980377197266 620.4640502929688
16.307870864868164 419.3517150878906 55.92694854736328 620.4640502929688
67.5826644897461 367.2246398925781 145.1337432861328 385.46026611328125
33.75213623046875 14.832869529724121 60.10366439819336 30.251895904541016
120.8543472290039 738.0950317382812 255.6256561279297 804.6429443359375
327.2997741699219 241.60476684570312 358.9352111816406 273.2642822265625
336.39141845703125 17.066591262817383 359.1931457519531 28.67397689819336
67.69500732421875 427.7642517089844 169.05711364746094 445.44622802734375
327.337646484375 301.9588623046875 358.80096435546875 333.5254821777344
327.35284423828125 421.7472229003906 358.88568115234375 453.029052734375
327.07745361328125 481.94970703125 358.9324035644531 513.5027465820312
15.575030326843262 237.41278076171875 56.26765441894531 396.01129150390625
327.0754089355469 586.53466796875 359.0757751464844 618.6072387695312
94.14659881591797 739.2686157226562 120.38412475585938 764.9942626953125
68.33113098144531 247.5305633544922 164.06690979003906 267.09637451171875
15.567607879638672 55.28016662597656 56.572994232177734 96.12753295898438
319.60748291015625 55.9096565246582 359.0990295410156 95.79733276367188
15.956132888793945 297.5051574707031 56.28098678588867 396.01129150390625
16.284406661987305 111.63520812988281 359.3659973144531 148.38079833984375
293.17791748046875 16.235923767089844 311.55767822265625 30.121728897094727
15.784396171569824 171.77349853515625 55.63750457763672 211.72654724121094
16.469043731689453 609.7206420898438 54.63862609863281 622.8013916015625
67.31008911132812 174.7163848876953 165.38143920898438 210.3689422607422
267.0677185058594 55.6771240234375 307.5242614746094 95.89825439453125
68.58509826660156 307.8800048828125 172.73744201660156 325.4796447753906
67.47423553466797 593.0 165.87730407714844 610.5027465820312
15.912144660949707 477.2302551269531 56.211421966552734 620.4640502929688
