253.7484893798828 47.84695816040039 597.6012573242188 276.9244079589844
39.71240234375 2855.73193359375 1367.9249267578125 3002.9375
134.1038360595703 764.9551391601562 613.04443359375 824.769775390625
22.03477668762207 584.2389526367188 420.0397644042969 645.7686157226562
253.7484893798828 209.86648559570312 597.6012573242188 276.9244079589844
151.9174041748047 400.6272888183594 468.2816467285156 464.02911376953125
674.5537109375 25.939434051513672 764.68798828125 116.81572723388672
298.2654113769531 47.84695816040039 338.2771911621094 97.69778442382812
645.088623046875 1.5049744844436646 793.0786743164062 143.78005981445312
104.51090240478516 44.06394577026367 265.6413269042969 98.82057189941406
105.15608978271484 44.772178649902344 197.3332977294922 98.41926574707031
3.3112192153930664 341.3503723144531 1436.74072265625 522.4097900390625
1311.1524658203125 46.518863677978516 1343.0159912109375 97.20814514160156
1244.7510986328125 48.40227127075195 1292.2318115234375 98.37169647216797
216.5678253173828 48.36636734008789 263.9512023925781 95.83402252197266
22.755733489990234 2832.119873046875 1415.3331298828125 3025.719970703125
33.84027099609375 760.9075927734375 78.15198516845703 821.6343383789062
1185.8218994140625 47.770240783691406 1238.884033203125 96.57776641845703
