750.2464599609375 32.58774185180664 796.0455932617188 55.12534713745117
731.3773193359375 1178.1085205078125 803.742431640625 1286.9129638671875
730.8553466796875 1338.848388671875 801.67724609375 1441.7464599609375
67.982666015625 1567.4847412109375 434.61138916015625 1602.0150146484375
185.90383911132812 1630.5548095703125 306.53369140625 1736.5018310546875
646.8546752929688 30.92142105102539 687.7546997070312 58.42108917236328
725.7326049804688 1102.4757080078125 810.5988159179688 1133.0374755859375
53.68577575683594 1638.921630859375 110.58906555175781 1714.2401123046875
712.3378295898438 1502.169921875 812.7977905273438 1605.480224609375
264.66033935546875 115.27548217773438 401.7008972167969 150.8506622314453
445.4845275878906 113.13117218017578 570.7921752929688 147.22279357910156
725.6638793945312 1637.7537841796875 764.1312255859375 1714.089599609375
78.42354583740234 27.366703033447266 129.97219848632812 58.49241256713867
21.156492233276367 1407.1619873046875 570.7276000976562 1542.1514892578125
541.5578002929688 1628.885986328125 623.0126342773438 1732.6151123046875
351.90008544921875 1629.970947265625 478.2825012207031 1717.0211181640625
