726.240966796875 1637.68603515625 764.5706787109375 1713.0474853515625
372.21478271484375 1642.595703125 457.18621826171875 1700.1580810546875
211.1755828857422 497.0069580078125 249.58792114257812 528.4378662109375
0.6477534770965576 888.7012329101562 274.7332763671875 1256.3372802734375
750.7594604492188 33.198585510253906 794.48828125 55.034706115722656
207.86508178710938 1638.5947265625 288.63671875 1713.6844482421875
569.0450439453125 544.7479248046875 628.9619140625 572.38525390625
1.0587623119354248 1265.8583984375 273.6325988769531 1713.7587890625
205.17202758789062 830.4006958007812 239.68299865722656 869.5046997070312
697.69921875 29.27672576904297 729.7388916015625 56.15542984008789
538.7994384765625 607.8795166015625 626.5120239257812 694.6912841796875
317.4798278808594 207.4241943359375 511.064697265625 401.2158508300781
317.8387451171875 207.9575653076172 510.81280517578125 572.8572387695312
173.49761962890625 545.0577392578125 285.4503479003906 574.5848388671875
282.0632629394531 1407.090087890625 546.4251708984375 1588.585205078125
554.5263671875 1639.25390625 605.5897827148438 1713.0562744140625
201.68133544921875 607.5101318359375 530.26513671875 695.0839233398438
77.79368591308594 27.432687759399414 129.43612670898438 58.12946319580078
276.4462585449219 889.8263549804688 553.3873901367188 1256.6168212890625
308.94049072265625 111.68741607666016 489.286865234375 147.03421020507812
1.0119760036468506 1263.787109375 273.7920227050781 1622.495849609375
577.79345703125 496.8980407714844 612.3170776367188 527.9227294921875
32.36636734008789 107.9834213256836 79.57555389404297 156.08212280273438
281.9082946777344 1407.2083740234375 546.5494384765625 1588.983642578125
324.96923828125 734.4172973632812 505.4338684082031 766.9923706054688
555.3936157226562 890.115478515625 827.4134521484375 1255.594970703125
647.5631713867188 31.18212127685547 687.314453125 58.43536376953125
