69.2200927734375 610.0349731445312 246.9339141845703 768.7939453125
70.21392059326172 610.0349731445312 246.5496063232422 768.1787719726562
69.2200927734375 623.114013671875 246.9339141845703 768.7939453125
70.21392059326172 623.114013671875 246.5496063232422 768.1787719726562
69.2200927734375 724.9959716796875 246.9339141845703 768.7939453125
275.9869689941406 736.01416015625 346.77264404296875 757.111083984375
29.331220626831055 549.4244995117188 55.21721649169922 561.400634765625
283.0682373046875 739.328125 337.70513916015625 752.3895263671875
319.3980407714844 549.2637939453125 345.1188049316406 561.3192138671875
29.485076904296875 731.4291381835938 60.37678146362305 762.3458862304688
145.41912841796875 471.6994323730469 229.73162841796875 488.9569396972656
30.009695053100586 626.5145874023438 53.79570388793945 647.1018676757812
19.778728485107422 10.854458808898926 64.61296844482422 23.917490005493164
29.449148178100586 731.5074462890625 60.361236572265625 762.1802368164062
322.2530517578125 440.3426513671875 345.5602722167969 462.1753234863281
28.721057891845703 440.1845397949219 50.951934814453125 462.8582763671875
332.9422607421875 10.939359664916992 358.0723876953125 22.707242965698242
161.27279663085938 610.0349731445312 214.2222442626953 663.3213500976562
151.34283447265625 442.0214538574219 223.62908935546875 460.5721130371094
0.22084219753742218 711.81494140625 13.95898723602295 726.174072265625
144.2154541015625 210.4391632080078 227.90150451660156 266.26611328125
324.98944091796875 626.3308715820312 344.1922607421875 647.36767578125
333.0817565917969 11.21088981628418 357.9364013671875 22.56877899169922
250.2900390625 623.03955078125 277.1005859375 651.7531127929688
29.850080490112305 88.31245422363281 344.74853515625 402.3121337890625
98.03518676757812 623.114013671875 125.23320770263672 651.8240966796875
0.22291740775108337 711.973876953125 13.931927680969238 725.9683837890625
315.873046875 10.346219062805176 329.3067626953125 22.790786743164062
70.21392059326172 742.6005859375 246.5496063232422 768.1787719726562
12.588338851928711 0.5590096116065979 71.00299072265625 33.84949493408203
