1234.76708984375 2125.325927734375 1403.0418701171875 2230.064453125
2.244858741760254 148.5315399169922 1438.3233642578125 498.9272766113281
342.7740783691406 2366.13037109375 398.68634033203125 2412.386474609375
647.1927490234375 2124.2001953125 815.3197631835938 2231.84716796875
53.278690338134766 1928.51513671875 703.7763671875 1985.9605712890625
843.3405151367188 2123.904052734375 1011.4876098632812 2231.5537109375
1071.5577392578125 2635.03271484375 1163.1099853515625 2685.577880859375
1038.773681640625 2123.87109375 1207.6075439453125 2231.6396484375
1279.181640625 2635.18505859375 1358.1295166015625 2684.795166015625
20.365734100341797 1087.1146240234375 1420.1165771484375 1723.1201171875
59.42464065551758 2124.55029296875 228.0440673828125 2231.42041015625
537.0730590820312 2365.88232421875 595.813720703125 2412.452880859375
450.74908447265625 2123.669189453125 619.6708374023438 2231.11181640625
495.82342529296875 2468.72607421875 575.0487670898438 2519.9423828125
733.9143676757812 2367.1162109375 790.6233520507812 2411.959228515625
1111.6436767578125 1851.4383544921875 1386.4686279296875 1909.5386962890625
104.27346801757812 2569.9521484375 184.64569091796875 2618.162353515625
145.2366485595703 2366.185791015625 205.73193359375 2413.290771484375
255.7780303955078 2124.116943359375 424.5039367675781 2231.954833984375
886.708251953125 2535.455322265625 967.08544921875 2588.036865234375
26.532411575317383 500.8506164550781 1416.3504638671875 1069.466552734375
298.9862976074219 2569.970703125 380.1647644042969 2620.226806640625
351.81884765625 2053.626220703125 1090.5863037109375 2110.634765625
