52.121524810791016 249.04257202148438 300.75189208984375 670.1444702148438
943.7005615234375 415.9002685546875 1168.2816162109375 486.33502197265625
935.1272583007812 563.058837890625 1168.4873046875 891.1771850585938
95.88484954833984 615.4624633789062 275.3975524902344 670.1444702148438
795.13623046875 2200.442138671875 900.5481567382812 2261.944091796875
156.28012084960938 1944.9903564453125 334.51617431640625 2000.3465576171875
456.13720703125 416.7997131347656 597.2720947265625 485.8459777832031
270.8287048339844 2202.26708984375 375.2210388183594 2261.6181640625
845.60888671875 939.4767456054688 1122.2109375 1042.3897705078125
453.4580078125 2179.3115234375 716.4784545898438 2284.48486328125
157.76974487304688 1478.18798828125 379.66485595703125 1531.2882080078125
155.73733520507812 1801.744873046875 335.29779052734375 1856.0989990234375
934.590576171875 1334.319580078125 1059.970703125 1385.3170166015625
618.87158203125 415.4912109375 923.385986328125 487.35577392578125
472.8840026855469 431.5398864746094 574.422119140625 470.9697265625
605.0894775390625 343.9998474121094 672.43505859375 384.4794921875
985.7284545898438 616.480712890625 1162.991943359375 669.792724609375
96.75321197509766 1087.2423095703125 331.2682189941406 1138.3179931640625
94.43209838867188 1085.54345703125 361.41607666015625 1200.9664306640625
49.24135971069336 563.3167724609375 919.3707885742188 891.5862426757812
978.4794311523438 2201.240966796875 1085.0714111328125 2262.447021484375
930.3362426757812 73.13481903076172 988.9230346679688 138.47666931152344
88.06422424316406 2201.8798828125 190.82118225097656 2262.04248046875
786.5575561523438 417.097900390625 922.3028564453125 484.8681640625
1048.1474609375 76.24347686767578 1111.9522705078125 135.7460479736328
807.2139892578125 73.65898132324219 871.2868041992188 138.64471435546875
785.8324584960938 1157.1358642578125 1016.388427734375 1199.68359375
589.2119140625 341.34112548828125 701.5900268554688 387.52777099609375
472.2493591308594 343.40826416015625 538.7086181640625 382.5848693847656
96.71810150146484 796.8914794921875 238.37135314941406 837.2554931640625
346.1173400878906 415.11846923828125 598.9894409179688 487.5598449707031
898.3348999023438 965.5712890625 1051.7320556640625 1013.8646850585938
56.89641189575195 73.25015258789062 126.35948181152344 141.85850524902344
453.76739501953125 2180.005126953125 716.1439208984375 2283.74755859375
95.67813110351562 1157.1224365234375 360.1358947753906 1199.8673095703125
55.46244430541992 1474.01708984375 111.93077850341797 1533.2698974609375
784.749755859375 37.68876266479492 900.9107055664062 173.89732360839844
643.3289184570312 1159.302734375 776.7882690429688 1198.568603515625
984.5328979492188 713.4915771484375 1168.95068359375 774.2667236328125
754.8405151367188 2164.009033203125 933.564453125 2288.552001953125
344.862548828125 258.7322082519531 727.0398559570312 321.21429443359375
47.972625732421875 938.9225463867188 1125.2161865234375 1242.641357421875
155.88221740722656 2125.49365234375 377.38525390625 2162.473388671875
156.02578735351562 1333.87744140625 334.3466796875 1385.8182373046875
52.121524810791016 249.04257202148438 300.75189208984375 500.40191650390625
983.6701049804688 794.9756469726562 1148.9869384765625 838.9059448242188
54.84811019897461 1800.953125 111.93572998046875 1857.794921875
57.04637908935547 1942.7322998046875 109.21102905273438 1998.492431640625
