61.34571838378906 813.0989379882812 686.1744995117188 1092.174560546875
62.28096008300781 368.2955627441406 686.4609985351562 646.7071533203125
61.7127571105957 1260.18408203125 686.147216796875 1537.718505859375
61.7127571105957 1398.7041015625 686.147216796875 1537.718505859375
62.28096008300781 504.5211486816406 686.4609985351562 646.7071533203125
61.34571838378906 951.4319458007812 686.1744995117188 1092.174560546875
63.78647994995117 368.0856628417969 227.09854125976562 471.4903564453125
63.26112365722656 813.1143188476562 226.70361328125 917.8953857421875
250.1509552001953 845.9552001953125 516.7591552734375 876.5506591796875
467.8378601074219 1590.484619140625 618.6450805664062 1622.0816650390625
468.13238525390625 1144.4559326171875 617.0205688476562 1174.36669921875
468.58355712890625 697.6903686523438 617.2922973632812 728.6790771484375
62.49296188354492 1259.8231201171875 227.33053588867188 1365.1290283203125
249.5283660888672 1291.3267822265625 586.2630004882812 1323.839111328125
76.26976776123047 440.4560546875 121.52714538574219 461.762451171875
243.74588012695312 201.92152404785156 401.93719482421875 239.2093505859375
63.543548583984375 201.06407165527344 184.7655487060547 239.30032348632812
63.072872161865234 813.0989379882812 226.782470703125 917.1619873046875
63.76945877075195 368.2955627441406 226.80833435058594 471.0403747558594
638.73095703125 698.4907836914062 687.1698608398438 734.8250122070312
638.804443359375 1143.823974609375 687.1013793945312 1181.2630615234375
250.90675354003906 401.1492004394531 496.4198913574219 433.0194091796875
619.4966430664062 188.15309143066406 689.1256103515625 257.6054382324219
236.71560668945312 187.712890625 408.63177490234375 267.8660583496094
62.596622467041016 1260.18408203125 226.67933654785156 1364.60986328125
638.691650390625 1590.696044921875 686.8593139648438 1622.89404296875
46.82164001464844 185.25376892089844 203.77651977539062 263.1908874511719
