272.0755310058594 653.2022705078125 430.1396179199219 737.2152709960938
46.36970901489258 333.98101806640625 367.60711669921875 475.8341979980469
690.7517700195312 338.3291320800781 1135.672607421875 503.7745056152344
382.20709228515625 330.66143798828125 695.123291015625 492.1370544433594
993.075927734375 2009.267333984375 1131.900146484375 2178.147705078125
96.21574401855469 548.8821411132812 314.2664489746094 611.1580200195312
759.9371948242188 1883.943359375 910.6069946289062 1976.487548828125
449.1334533691406 653.02099609375 606.4095458984375 737.2786254882812
249.21920776367188 1884.8548583984375 401.2187194824219 1976.0450439453125
98.57726287841797 817.7391967773438 369.61273193359375 869.59326171875
588.9752197265625 1883.4195556640625 742.306396484375 1976.788818359375
407.31988525390625 1389.7373046875 765.904052734375 1585.107177734375
419.4988708496094 1884.383544921875 571.498779296875 1976.6573486328125
933.724609375 653.046875 1059.525390625 737.4169311523438
96.7058334350586 652.9606323242188 253.73167419433594 737.2369384765625
128.25753784179688 149.67018127441406 742.1182861328125 239.49765014648438
34.116947174072266 1385.156005859375 394.6434020996094 1584.7935791015625
79.20333099365234 1884.6256103515625 230.4484100341797 1975.481201171875
543.2901611328125 2010.670166015625 978.9894409179688 2178.949462890625
80.96671295166016 2010.25927734375 518.6174926757812 2314.4921875
37.639244079589844 1237.5648193359375 1133.441162109375 1337.4398193359375
929.8291015625 1883.6434326171875 1080.832275390625 1976.4998779296875
657.0504150390625 1629.2681884765625 984.7918090820312 1881.12939453125
800.0946655273438 652.542236328125 917.3681640625 737.452392578125
778.9121704101562 1382.5087890625 1134.5712890625 1584.05859375
608.3827514648438 817.2874755859375 882.6749877929688 869.7344360351562
49.174461364746094 2274.592529296875 182.73715209960938 2313.484130859375
96.0775146484375 965.4765014648438 357.0092468261719 1020.336669921875
624.4682006835938 652.6719970703125 781.9219360351562 737.3348388671875
94.64506530761719 965.8548583984375 1051.600341796875 1020.3284912109375
751.5318603515625 2273.098388671875 884.725341796875 2314.6533203125
84.36698150634766 1819.759765625 233.7842559814453 1860.514892578125
97.57951354980469 1066.8255615234375 1074.88134765625 1201.1402587890625
896.7052001953125 1758.29248046875 1085.3812255859375 1832.4852294921875
80.99764251708984 2010.03466796875 518.4825439453125 2179.56640625
985.813720703125 2272.52978515625 1118.06298828125 2313.953369140625
517.89404296875 2273.05615234375 652.7627563476562 2313.84033203125
83.84188079833984 1733.00732421875 433.7949523925781 1860.5013427734375
