666.32470703125 2180.462890625 805.998291015625 2291.581298828125
54.594757080078125 1296.3941650390625 1125.8070068359375 1477.27392578125
393.2212829589844 2186.590087890625 488.8897399902344 2291.889892578125
103.14141082763672 1365.3170166015625 343.6529541015625 1604.1434326171875
816.14599609375 1535.5938720703125 939.4267578125 1586.7972412109375
256.5406494140625 149.56265258789062 483.7580871582031 263.0784606933594
142.42874145507812 2060.75634765625 235.84886169433594 2103.19873046875
984.4796142578125 2179.268798828125 1078.772216796875 2289.768798828125
47.565521240234375 1118.7452392578125 582.0127563476562 1248.09521484375
46.93556213378906 165.8487548828125 212.4596710205078 265.4762878417969
48.379066467285156 1193.75146484375 203.46109008789062 1248.270263671875
880.79296875 1138.1044921875 1060.285400390625 1184.1690673828125
103.81636810302734 2180.0419921875 190.00221252441406 2290.04052734375
516.8494873046875 143.17141723632812 731.4548950195312 264.8257141113281
52.24736022949219 363.6014709472656 1127.9442138671875 1035.177734375
951.3623046875 1538.63134765625 1086.891357421875 1584.72021484375
