237.71734619140625 1633.311767578125 738.222900390625 1692.7261962890625
81.73113250732422 1100.3436279296875 205.25302124023438 1214.09326171875
217.62864685058594 48.79682922363281 264.137939453125 95.38726806640625
298.54791259765625 49.384193420410156 336.80487060546875 95.57221221923828
937.5613403320312 2876.74560546875 1029.9029541015625 3001.36572265625
237.71340942382812 961.0821533203125 530.2904052734375 1018.3265380859375
1201.7794189453125 2875.444091796875 1298.8245849609375 3007.76123046875
57.260528564453125 587.3555297851562 1387.1448974609375 840.3836669921875
237.6751708984375 1467.57763671875 401.5288391113281 1526.2554931640625
59.30943298339844 288.83270263671875 307.8372497558594 537.8452758789062
375.3055725097656 2875.904296875 528.9942626953125 3001.513671875
859.2584838867188 392.53875732421875 887.626708984375 436.7513732910156
659.5823364257812 2822.053466796875 777.2476806640625 3001.3193359375
238.0027313232422 1300.9189453125 439.0982971191406 1354.9217529296875
674.1030883789062 26.363265991210938 764.4736938476562 116.44213104248047
379.2067565917969 378.6819763183594 816.6483764648438 456.971923828125
951.780029296875 2875.728271484375 1018.5339965820312 2940.751220703125
131.19998168945312 2871.774658203125 246.27210998535156 3001.63671875
219.431396484375 1108.787841796875 447.4259948730469 1206.9583740234375
118.26139831542969 1625.6636962890625 174.87669372558594 1701.7774658203125
109.50524139404297 1456.986083984375 181.6254119873047 1532.2252197265625
110.77263641357422 1290.436767578125 181.42510986328125 1366.211669921875
59.193382263183594 289.4839172363281 307.8349304199219 536.9834594726562
