792.76953125 2194.582763671875 854.4207763671875 2312.39306640625
80.89498901367188 2194.274658203125 152.61093139648438 2312.89892578125
552.7363891601562 2193.955810546875 620.8480224609375 2313.90673828125
1006.7425537109375 2194.1513671875 1112.788818359375 2314.32275390625
290.0751953125 2195.27392578125 415.38726806640625 2315.242431640625
372.90155029296875 323.71038818359375 628.880615234375 423.5149230957031
49.440059661865234 324.246337890625 346.1627197265625 423.2489013671875
550.4161376953125 1800.1710205078125 993.5001831054688 1972.15234375
45.25226593017578 1813.14697265625 491.3726501464844 1983.351806640625
1006.7425537109375 2277.90185546875 1112.788818359375 2314.32275390625
290.0751953125 2279.08203125 415.38726806640625 2315.242431640625
655.4551391601562 323.7552185058594 1121.216796875 424.2071838378906
551.130859375 1315.62255859375 1018.1629028320312 1781.460205078125
796.3834838867188 2279.743896484375 850.9835815429688 2312.39306640625
49.047088623046875 1166.993896484375 526.3078002929688 1236.92724609375
46.09109115600586 946.8817138671875 878.957275390625 992.5352172851562
560.7620849609375 2279.976318359375 615.9998168945312 2313.90673828125
1043.5894775390625 1799.889404296875 1177.82666015625 1971.8155517578125
90.64498901367188 2280.609130859375 145.16976928710938 2312.89892578125
551.3192749023438 1318.201171875 1016.0230712890625 1778.5341796875
875.8265991210938 327.4263916015625 1009.9642944335938 420.1963195800781
182.5421142578125 203.5048065185547 429.2611999511719 254.2189178466797
1044.7291259765625 1313.025634765625 1178.377685546875 1782.83984375
1010.106689453125 31.173616409301758 1131.176513671875 151.41542053222656
47.346214294433594 523.2786865234375 980.3330688476562 603.1756591796875
962.3798217773438 1182.67578125 1131.6181640625 1235.4263916015625
792.76953125 2194.582763671875 854.4207763671875 2262.94873046875
80.89498901367188 2194.274658203125 152.61093139648438 2265.731201171875
552.7363891601562 2193.955810546875 620.8480224609375 2261.213134765625
359.5843200683594 1455.135498046875 503.36663818359375 1521.723388671875
48.321266174316406 786.7376098632812 557.2871704101562 909.0606689453125
45.210716247558594 1322.063232421875 521.7471313476562 1789.04833984375
50.1298713684082 169.25277709960938 1134.892333984375 290.46435546875
1024.421875 2194.1513671875 1090.98876953125 2261.6953125
44.936737060546875 637.5542602539062 1028.71435546875 737.137939453125
97.26485443115234 205.1229705810547 141.76051330566406 252.60914611816406
1040.0819091796875 205.3002471923828 1088.597412109375 252.24147033691406
46.7961311340332 1328.82568359375 518.1093139648438 1786.722900390625
1039.9742431640625 63.18118667602539 1097.1424560546875 124.33551025390625
318.72259521484375 2195.27392578125 387.2691345214844 2263.510498046875
106.87061309814453 1365.1220703125 416.96923828125 1400.244873046875
106.46553802490234 821.3259887695312 496.26116943359375 871.5254516601562
