437.33087158203125 1099.336181640625 620.8916015625 1187.8924560546875
275.981201171875 839.8253784179688 439.5433654785156 1027.0439453125
277.1009216308594 87.03962707519531 703.3532104492188 149.81179809570312
920.7149658203125 1331.84765625 1074.7890625 1412.521728515625
550.397705078125 2263.408935546875 616.8763427734375 2303.584228515625
827.5287475585938 1219.9498291015625 910.67529296875 1303.7364501953125
930.8645629882812 1455.6051025390625 1029.9237060546875 1496.523193359375
877.635498046875 2.2313365936279297 1040.75 213.1964569091797
985.0573120117188 2183.73681640625 1117.1104736328125 2303.34765625
66.1424331665039 1098.9627685546875 247.30337524414062 1188.2891845703125
84.11160278320312 2264.536376953125 149.70965576171875 2303.3330078125
828.4542846679688 1434.560791015625 910.7667846679688 1518.773681640625
642.3715209960938 459.938232421875 709.9193115234375 507.3848571777344
64.84627532958984 1221.77587890625 360.31414794921875 1358.228271484375
828.4130859375 1434.560302734375 910.7127075195312 1518.93994140625
1066.8763427734375 55.99121856689453 1128.3818359375 172.8225555419922
87.79248809814453 861.800537109375 197.08311462402344 993.25390625
505.1184997558594 174.54205322265625 703.8977661132812 227.90113830566406
768.9495849609375 2185.517578125 866.9352416992188 2303.276123046875
65.24748229980469 1092.4569091796875 148.84022521972656 1140.6104736328125
811.17431640625 1093.829833984375 892.4410400390625 1139.3758544921875
940.749755859375 860.4971313476562 1106.0103759765625 993.9016723632812
440.9418029785156 1424.6895751953125 722.57080078125 1551.904541015625
467.3078308105469 1245.0198974609375 699.0631713867188 1524.9803466796875
622.0484008789062 400.4212341308594 728.5252075195312 444.82550048828125
528.92041015625 861.493408203125 635.920166015625 993.3814697265625
930.1070556640625 1238.8602294921875 1064.09375 1281.2431640625
210.63333129882812 377.4079895019531 402.15771484375 540.7913208007812
414.91021728515625 378.9084777832031 573.9956665039062 541.7798461914062
36.47041320800781 44.68507385253906 240.1805877685547 258.7088623046875
797.0132446289062 283.1004638671875 1144.7926025390625 709.0972900390625
314.4195861816406 2189.634033203125 386.21783447265625 2300.77197265625
722.9533081054688 838.2582397460938 882.6268310546875 1026.99072265625
437.0399475097656 1093.727294921875 521.104248046875 1140.635498046875
36.70924377441406 44.93470764160156 239.57217407226562 444.7922668457031
34.60040283203125 544.8857421875 772.15771484375 702.294677734375
65.68033599853516 1385.3822021484375 360.5608825683594 1521.9530029296875
29.10523223876953 286.377197265625 413.1962890625 373.91729736328125
828.3233032226562 1326.831298828125 911.2167358398438 1410.2288818359375
59.42417907714844 466.6234436035156 192.5803680419922 506.23980712890625
321.11517333984375 177.21658325195312 469.8642272949219 223.10379028320312
809.4722290039062 1098.7003173828125 1052.734130859375 1189.1341552734375
32.8883056640625 741.6996459960938 255.7989044189453 847.6243896484375
