31.279891967773438 151.60678100585938 383.43408203125 316.30303955078125
278.990234375 835.0518188476562 299.18243408203125 858.7810668945312
251.5688018798828 393.4830017089844 413.7919921875 665.2077026367188
361.1299743652344 17.023212432861328 385.0691223144531 28.249454498291016
338.0123596191406 15.47293472290039 355.40130615234375 29.134084701538086
325.70697021484375 59.6496696472168 382.7011413574219 116.12956237792969
31.406999588012695 393.18701171875 236.40435791015625 609.0574340820312
178.7370147705078 820.9928588867188 236.7452850341797 878.7344970703125
31.105207443237305 151.85545349121094 383.5972900390625 378.18975830078125
31.16091537475586 393.5733947753906 236.4602508544922 752.180419921875
251.61795043945312 392.9970397949219 413.6015319824219 608.9164428710938
115.27696228027344 834.9984130859375 136.54205322265625 858.97412109375
312.6035461425781 16.32086181640625 333.6532287597656 30.372196197509766
26.81642723083496 13.780200958251953 53.87765884399414 29.697734832763672
31.633832931518555 59.744171142578125 88.14405059814453 116.52535247802734
48.891578674316406 836.1427001953125 70.96554565429688 858.869873046875
98.95702362060547 64.509765625 210.67010498046875 110.5650405883789
32.9963264465332 687.0879516601562 382.6461181640625 775.1841430664062
330.4864501953125 826.56884765625 377.80419921875 867.6262817382812
