34.805389404296875 14.894696235656738 59.344215393066406 29.39823341369629
19.49793243408203 146.0135955810547 124.62001037597656 278.7027587890625
280.1647033691406 205.84886169433594 374.44647216796875 232.9261932373047
20.16579818725586 129.7842254638672 285.2629089355469 185.75967407226562
294.8746032714844 261.294189453125 351.2162170410156 276.30712890625
100.1094741821289 302.19793701171875 178.7848358154297 348.4035949707031
194.93759155273438 302.1092529296875 356.1428527832031 531.22509765625
274.7599792480469 551.1637573242188 355.0509033203125 596.7852172851562
275.4512634277344 301.96173095703125 355.0730895996094 347.81842041015625
293.281005859375 16.34977149963379 311.71484375 30.035776138305664
293.85479736328125 67.87651824951172 370.49700927734375 224.18853759765625
19.6721248626709 302.6365966796875 180.86077880859375 530.9627075195312
336.3860778808594 16.745758056640625 359.21063232421875 28.596508026123047
194.83714294433594 551.2058715820312 356.3509521484375 780.7537841796875
99.72591400146484 551.353515625 179.1818389892578 597.1380004882812
19.802419662475586 205.79786682128906 130.13720703125 232.93638610839844
135.95826721191406 205.6125946044922 274.11541748046875 232.7357177734375
315.8518371582031 15.25366497039795 331.0220947265625 29.167978286743164
19.807767868041992 551.3768920898438 180.9752655029297 780.2802734375
21.2572021484375 72.41942596435547 108.07766723632812 94.36093139648438
