103.00997924804688 767.8607177734375 263.0078430175781 1063.414306640625
102.75782012939453 767.8607177734375 382.5888977050781 1066.0535888671875
102.55723571777344 1241.6522216796875 382.8312072753906 1539.130126953125
102.55320739746094 293.46722412109375 262.9553527832031 588.9542236328125
78.33863830566406 2154.9873046875 216.10723876953125 2289.091796875
964.4674682617188 2154.57568359375 1098.070068359375 2288.45556640625
123.51286315917969 1781.55810546875 241.04811096191406 1807.479248046875
102.506103515625 293.4386901855469 263.102294921875 453.78533935546875
102.48147583007812 1715.966064453125 262.9026184082031 1876.650390625
78.33863830566406 2251.702392578125 216.10723876953125 2289.091796875
103.08790588378906 767.7557983398438 262.9013977050781 926.4166259765625
238.4382781982422 1971.275146484375 381.84906005859375 2010.9390869140625
238.40554809570312 1022.0321044921875 381.8897705078125 1064.2557373046875
103.71855163574219 1241.6312255859375 262.1766662597656 1400.783935546875
386.4038391113281 2250.77685546875 497.6279602050781 2288.731201171875
238.39382934570312 1496.22314453125 382.1629943847656 1537.0836181640625
115.73225402832031 355.77203369140625 250.37478637695312 384.26519775390625
964.4674682617188 2252.949462890625 1098.070068359375 2288.45556640625
237.34132385253906 548.4478149414062 382.2626953125 589.4526977539062
103.43170928955078 1020.7073974609375 227.43014526367188 1063.414306640625
405.9908752441406 100.15958404541016 771.744140625 155.78282165527344
103.00997924804688 767.8607177734375 263.0078430175781 925.361328125
103.55754089355469 1241.6522216796875 262.1073303222656 1400.2012939453125
856.29052734375 1494.408447265625 1065.0491943359375 1540.84375
102.97356414794922 1494.6900634765625 226.93218994140625 1537.4940185546875
309.7813415527344 300.2977600097656 1072.8040771484375 441.50250244140625
309.2069396972656 1249.6011962890625 1071.9381103515625 1387.55322265625
103.11632537841797 1971.3201904296875 226.71585083007812 2010.6964111328125
103.62027740478516 548.553955078125 225.7959442138672 588.9542236328125
846.5989990234375 1968.7716064453125 1064.1002197265625 2014.186279296875
102.55320739746094 293.46722412109375 262.9553527832031 452.9858703613281
308.9714050292969 775.989501953125 1072.4739990234375 915.4075317382812
102.55723571777344 1493.3251953125 382.8312072753906 1539.130126953125
130.78604125976562 1342.930908203125 232.44686889648438 1372.9156494140625
708.2156982421875 2250.503173828125 766.4140014648438 2286.477783203125
311.7411804199219 1722.962158203125 1029.54541015625 1863.386962890625
847.01171875 1970.6297607421875 937.6610717773438 2011.1910400390625
851.1277465820312 546.28564453125 1064.8824462890625 589.430908203125
103.05723571777344 546.6473999023438 382.9922790527344 590.6563720703125
53.46429443359375 1664.9034423828125 1127.056884765625 2070.30029296875
846.8304443359375 1022.56005859375 938.2726440429688 1063.771728515625
109.29911804199219 2154.9873046875 183.86134338378906 2229.069580078125
313.44781494140625 1727.2972412109375 556.9114379882812 1779.6705322265625
846.2208251953125 1020.4669189453125 1064.5172119140625 1067.400390625
52.14683532714844 245.50401306152344 1127.74169921875 647.8355712890625
993.1047973632812 2154.57568359375 1067.8570556640625 2229.38623046875
53.27051544189453 716.7713623046875 1129.020751953125 1120.6905517578125
52.795955657958984 1190.3345947265625 1128.2652587890625 1596.4149169921875
102.75782012939453 1019.875244140625 382.5888977050781 1066.0535888671875
2.442403793334961 1.268566370010376 1176.9422607421875 216.59620666503906
