633.8753051757812 832.4949951171875 845.2645874023438 877.1697998046875
74.34639739990234 501.6522521972656 254.12875366210938 567.8302612304688
504.5272216796875 1010.0616455078125 976.1884765625 1094.6737060546875
679.497314453125 2299.508056640625 787.16259765625 2343.43505859375
51.43758773803711 2301.1865234375 159.0541229248047 2343.36474609375
14.262519836425781 298.40240478515625 403.9327392578125 433.6443786621094
307.3896179199219 1866.8212890625 509.95050048828125 1926.0308837890625
48.33421325683594 1513.1683349609375 241.85694885253906 1814.7886962890625
878.9028930664062 1612.69921875 1100.107666015625 1679.5908203125
15.446030616760254 1167.60302734375 376.3306884765625 1362.3380126953125
418.87884521484375 1776.1817626953125 479.5535888671875 1812.8087158203125
764.7557373046875 1867.14990234375 966.7592163085938 1925.6480712890625
325.8360290527344 641.083740234375 398.535888671875 682.9818115234375
938.0636596679688 2280.37890625 1100.545166015625 2346.779541015625
890.0189208984375 500.4199523925781 1070.6446533203125 568.1322631835938
57.97501754760742 236.58517456054688 219.2125244140625 283.1291198730469
395.35150146484375 1167.33056640625 755.6915283203125 1361.3880615234375
48.41775131225586 1513.1976318359375 241.95233154296875 1814.7886962890625
790.7476806640625 1777.3428955078125 852.17919921875 1814.133544921875
73.98853302001953 623.240966796875 297.7908935546875 687.4667358398438
52.685997009277344 2062.7001953125 243.32432556152344 2091.010986328125
926.5928955078125 768.6299438476562 1070.5643310546875 814.325927734375
265.6470947265625 1550.0245361328125 760.4351806640625 1671.4234619140625
59.04222869873047 2259.52001953125 190.19383239746094 2284.106201171875
50.970272064208984 852.06689453125 1100.5355224609375 977.0193481445312
80.1531982421875 1865.34423828125 281.23992919921875 1925.829833984375
160.34828186035156 46.449073791503906 276.9590148925781 111.61772155761719
776.5277099609375 1166.5458984375 1137.01123046875 1361.4627685546875
650.4629516601562 2260.486328125 781.996826171875 2285.29150390625
983.1231079101562 1906.82666015625 1102.38037109375 2051.40234375
16.32248306274414 2088.070556640625 1136.5189208984375 2260.0869140625
516.2698364257812 1730.326416015625 747.0574340820312 1843.7720947265625
53.06074142456055 1417.2147216796875 439.652099609375 1473.5013427734375
388.0983581542969 297.873046875 760.0706787109375 434.6111145019531
535.9456176757812 1866.5462646484375 738.7651977539062 1926.008056640625
127.83917999267578 768.8045654296875 237.17068481445312 813.4668579101562
536.9534912109375 496.7589111328125 613.9142456054688 572.3128051757812
53.09965133666992 1010.6370239257812 484.60791015625 1094.1627197265625
743.1905517578125 297.6077880859375 1138.1107177734375 436.55865478515625
