50.08919906616211 677.4164428710938 561.1438598632812 723.1284790039062
48.34358596801758 923.1385498046875 249.84864807128906 973.6998901367188
600.7465209960938 2140.52392578125 1133.8651123046875 2286.501953125
710.935302734375 221.15725708007812 1131.4739990234375 363.8681945800781
1069.8883056640625 917.8793334960938 1131.5589599609375 980.7308959960938
50.70977020263672 2226.538818359375 387.4596862792969 2277.419189453125
379.4601745605469 2394.001708984375 800.1138305664062 2417.322509765625
49.696807861328125 1054.8572998046875 371.8977966308594 1105.8060302734375
48.53374481201172 792.4411010742188 174.0576171875 841.6475219726562
30.63067054748535 244.21046447753906 240.3860626220703 343.7682189941406
49.897579193115234 76.6019515991211 216.30722045898438 315.9381408691406
47.798160552978516 2153.974853515625 187.54664611816406 2206.9921875
1069.5218505859375 785.7025146484375 1132.662353515625 849.04296875
497.3297424316406 38.21408462524414 677.6477661132812 171.8964080810547
1069.1650390625 1049.5418701171875 1132.1622314453125 1113.4385986328125
32.75720977783203 481.90631103515625 245.6165771484375 579.3242797851562
48.361724853515625 618.1790161132812 216.91702270507812 666.71728515625
