107.91642761230469 2298.193603515625 278.5257263183594 2346.57080078125
49.80000686645508 2204.869140625 191.57125854492188 2259.03857421875
49.614341735839844 1650.3287353515625 586.6826782226562 1699.821044921875
293.87066650390625 1421.00732421875 493.8147277832031 1470.315673828125
833.0391235351562 1502.4312744140625 1056.9654541015625 1556.0589599609375
48.59575653076172 1968.6162109375 1131.1944580078125 2114.6171875
50.6326789855957 1877.0111083984375 385.7901306152344 1927.2239990234375
25.785242080688477 689.162841796875 673.8010864257812 747.2418212890625
46.78362274169922 958.0779418945312 85.49108123779297 1156.9490966796875
107.91674041748047 954.103759765625 278.5385437011719 1001.9801025390625
320.2506408691406 1024.373046875 491.03436279296875 1074.2088623046875
49.17770767211914 860.1262817382812 191.24879455566406 913.3164672851562
108.50691986083984 1107.9671630859375 479.37908935546875 1159.164306640625
43.844459533691406 1337.4166259765625 87.47750091552734 1386.0389404296875
397.3788146972656 6.584052562713623 780.503173828125 145.79904174804688
114.34600830078125 1193.0159912109375 241.19705200195312 1240.8267822265625
710.9401245117188 1505.678955078125 795.2117309570312 1553.5206298828125
26.197608947753906 168.74742126464844 1155.1082763671875 626.9556274414062
108.77665710449219 1024.727783203125 277.0013732910156 1073.80029296875
362.969970703125 1564.83984375 490.1178283691406 1613.7952880859375
46.52529525756836 2302.30029296875 85.79996490478516 2343.128173828125
1052.2733154296875 44.45074462890625 1111.599853515625 118.64961242675781
