136.0834503173828 500.6328125 177.5695037841797 529.5523681640625
81.58647155761719 500.14404296875 104.79721069335938 529.8080444335938
27.169437408447266 501.07733154296875 50.63438034057617 529.3617553710938
208.3383026123047 501.3407897949219 226.5828399658203 529.3372192382812
16.171154022216797 117.1646957397461 86.02114868164062 239.40174865722656
53.298770904541016 332.7902526855469 155.79891967773438 345.5339050292969
136.0834503173828 519.848388671875 177.5695037841797 529.5523681640625
27.169437408447266 519.7442016601562 50.63438034057617 529.3617553710938
16.219831466674805 323.5193786621094 49.273582458496094 355.9175109863281
50.21854019165039 226.56240844726562 82.6136474609375 239.40174865722656
54.28582763671875 382.88653564453125 96.63665771484375 394.3055419921875
176.91465759277344 117.09403991699219 238.7755584716797 149.0568084716797
81.58647155761719 519.6836547851562 104.79721069335938 529.8080444335938
16.2418212890625 93.2163314819336 60.9620361328125 107.01083374023438
126.55314636230469 159.45391845703125 225.01817321777344 191.24380493164062
101.832763671875 438.9991455078125 149.2587127685547 451.5025329589844
16.22214126586914 159.58522033691406 116.05793762207031 191.3002166748047
148.31329345703125 169.94248962402344 198.55328369140625 180.62625122070312
38.38440704345703 169.80210876464844 90.4536361694336 180.96780395507812
16.48564910888672 267.70257568359375 239.11785888671875 308.02593994140625
16.166271209716797 117.18617248535156 86.05110168457031 149.1326141357422
50.05059814453125 281.4310607910156 146.736083984375 293.8225402832031
208.3383026123047 519.5491333007812 226.5828399658203 529.3372192382812
8.066131591796875 486.7645568847656 247.33999633789062 542.2032470703125
16.504798889160156 212.54373168945312 239.35464477539062 252.61903381347656
16.036489486694336 372.8786315917969 49.25196075439453 405.7510070800781
16.07341766357422 53.670475006103516 109.25147247314453 71.75281524658203
31.930316925048828 224.94363403320312 45.398624420166016 239.101806640625
150.57476806640625 500.6328125 164.05621337890625 515.4447021484375
16.302846908569336 39.13404083251953 64.6968994140625 50.007598876953125
16.189102172851562 425.36956787109375 239.25843811035156 465.73004150390625
96.281494140625 117.16443634033203 166.29135131835938 149.03665161132812
211.62466430664062 42.171630859375 239.4500732421875 70.18232727050781
118.32342529296875 127.79346466064453 143.48947143554688 138.57241821289062
87.28797912597656 500.14404296875 100.54063415527344 515.4176635742188
32.2147331237793 281.26739501953125 44.944820404052734 293.849609375
32.50543212890625 501.07733154296875 46.66893005371094 515.6692504882812
96.32821655273438 117.11775970458984 166.2684326171875 149.19264221191406
211.0428466796875 501.3407897949219 225.111328125 515.4763793945312
16.171154022216797 117.1646957397461 86.02114868164062 148.99049377441406
43.173667907714844 127.43086242675781 67.83934020996094 138.43411254882812
176.8867950439453 117.15351867675781 238.76451110839844 148.8618927001953
26.661821365356445 332.9419250488281 38.30516052246094 346.0278015136719
26.42000961303711 383.0375671386719 38.52712631225586 395.32318115234375
