20.016454696655273 150.3386688232422 94.3509292602539 295.4881286621094
21.56800079345703 150.3386688232422 100.88130187988281 249.3740692138672
22.73689079284668 150.3386688232422 98.0340805053711 230.96746826171875
21.571727752685547 150.3386688232422 100.92085266113281 248.92559814453125
110.4603042602539 150.44900512695312 183.9824676513672 249.5590362548828
112.20249938964844 150.44900512695312 182.92434692382812 231.11460876464844
110.6392822265625 150.44900512695312 183.71653747558594 249.24749755859375
341.29364013671875 15.229207038879395 390.8349914550781 74.30964660644531
371.1694030761719 101.39979553222656 413.6592712402344 249.88839721679688
371.2692565917969 101.39979553222656 411.461669921875 231.55101013183594
373.34588623046875 101.39979553222656 413.589111328125 249.77084350585938
194.5206298828125 150.12001037597656 271.0112609863281 249.47145080566406
194.7119140625 150.12001037597656 270.9474792480469 248.9984588623047
282.53851318359375 215.09010314941406 365.48828125 249.2445068359375
364.398681640625 714.6763916015625 410.0980529785156 758.4660034179688
3.541163444519043 770.7343139648438 99.51930236816406 814.5476684570312
313.6581726074219 770.54345703125 410.34661865234375 814.505126953125
43.5933952331543 602.6282348632812 79.14812469482422 646.0263671875
20.016454696655273 278.3878173828125 94.3509292602539 295.4881286621094
3.216794729232788 602.3908081054688 38.41263198852539 646.1913452148438
3.1838223934173584 714.167724609375 49.16541290283203 758.4595336914062
65.22557830810547 714.3679809570312 100.19418334960938 758.12109375
21.56800079345703 215.86830139160156 100.88130187988281 249.3740692138672
110.4603042602539 216.03128051757812 183.9824676513672 249.5590362548828
314.59185791015625 714.6666870117188 349.7624816894531 758.1454467773438
209.69189453125 602.2853393554688 245.0126953125 646.1590576171875
107.31901550292969 714.4238891601562 142.4396209716797 758.141845703125
375.4809875488281 602.4169311523438 410.3580017089844 645.9979858398438
24.244592666625977 658.5777587890625 59.18865203857422 702.0221557617188
168.87535095214844 602.4346313476562 203.90228271484375 646.1527099609375
371.1694030761719 215.91580200195312 413.6592712402344 249.88839721679688
272.5920715332031 714.5218505859375 308.1067810058594 758.2536010742188
126.87313842773438 602.482177734375 162.44796752929688 646.1805419921875
85.96271514892578 602.4583129882812 121.20825958251953 646.1803588867188
355.63677978515625 658.4417724609375 390.8634033203125 702.3477172851562
292.1913146972656 602.39453125 327.8533630371094 646.2349243164062
341.29364013671875 57.2750244140625 390.8349914550781 74.30964660644531
20.67957878112793 101.15652465820312 153.01637268066406 120.28604125976562
282.53851318359375 233.47650146484375 365.48828125 249.2445068359375
189.85711669921875 714.582275390625 225.1358642578125 758.0302124023438
64.91645050048828 658.6995239257812 100.20645141601562 702.2153930664062
313.4944152832031 658.6271362304688 348.9078063964844 702.1629028320312
230.6173858642578 714.4429321289062 265.76763916015625 758.1085815429688
107.20795440673828 658.5527954101562 142.2958984375 702.2642211914062
196.0493927001953 216.09652709960938 250.1244354248047 230.64788818359375
38.77647399902344 14.855262756347656 65.2690200805664 30.302330017089844
48.757843017578125 56.621456146240234 152.63015747070312 74.54127502441406
194.5206298828125 215.71713256835938 271.0112609863281 249.47145080566406
148.08287048339844 658.7521362304688 183.1176300048828 702.2159423828125
295.9423522949219 216.4686737060547 334.34967041015625 231.7063751220703
189.91403198242188 658.656005859375 225.09915161132812 702.1729125976562
323.5748291015625 16.305749893188477 344.048828125 30.272075653076172
334.2296142578125 602.334228515625 369.57489013671875 646.0955200195312
282.2499694824219 215.3311004638672 365.3277587890625 249.6290283203125
194.7119140625 234.06968688964844 270.9474792480469 248.9984588623047
27.549386978149414 842.5167236328125 57.498233795166016 870.8658447265625
272.6256103515625 658.6318359375 308.1996765136719 702.1823120117188
230.5912322998047 658.6304321289062 265.76885986328125 702.2257690429688
22.73689079284668 216.06295776367188 98.0340805053711 230.96746826171875
112.20249938964844 216.08306884765625 182.92434692382812 231.11460876464844
34.252193450927734 150.3386688232422 91.34236907958984 206.7393035888672
121.4072265625 150.44900512695312 178.35406494140625 206.48704528808594
348.7159118652344 15.229207038879395 365.2837829589844 29.122882843017578
105.98623657226562 770.7111206054688 307.54730224609375 814.4111938476562
371.2692565917969 216.27687072753906 411.461669921875 231.55101013183594
377.44879150390625 280.0501403808594 390.6795349121094 293.9028015136719
20.910198211669922 49.92436218261719 325.23919677734375 82.20095825195312
251.9872283935547 602.3631591796875 287.1603698730469 646.2757568359375
139.92706298828125 881.3655395507812 273.7921142578125 889.3139038085938
148.0277099609375 714.570556640625 183.07766723632812 758.0777587890625
382.4093933105469 151.06515502929688 413.8302001953125 207.52447509765625
373.89630126953125 101.39979553222656 393.2896728515625 121.02633666992188
208.7350616455078 150.12001037597656 265.40252685546875 206.46310424804688
263.7456359863281 214.99217224121094 279.0571594238281 230.57684326171875
363.5947570800781 843.17919921875 381.349609375 871.04931640625
110.6392822265625 233.9716796875 183.71653747558594 249.24749755859375
373.34588623046875 234.02362060546875 413.589111328125 249.77084350585938
336.0959777832031 215.09010314941406 351.2454833984375 230.62173461914062
21.571727752685547 233.63653564453125 100.92085266113281 248.92559814453125
374.3849792480469 16.633466720581055 397.7782897949219 29.741649627685547
