47.058040618896484 264.37115478515625 362.6707458496094 573.8560791015625
47.18844985961914 1045.9273681640625 1132.5526123046875 1644.205322265625
612.3549194335938 2002.0196533203125 1130.7017822265625 2148.99951171875
393.6710205078125 2206.052734375 489.3973083496094 2313.171875
38.135833740234375 647.2357788085938 247.7252197265625 917.2088012695312
48.246742248535156 1746.107421875 813.5843505859375 1809.9002685546875
987.9202270507812 2201.11474609375 1075.8009033203125 2310.091552734375
372.17913818359375 646.0482177734375 562.7858276367188 914.416259765625
101.61627197265625 2200.43994140625 191.07180786132812 2310.69140625
1030.6064453125 37.48099899291992 1131.4281005859375 140.613525390625
46.909873962402344 37.68411636352539 150.43931579589844 139.87754821777344
46.93040466308594 192.15626525878906 1132.9617919921875 431.5752258300781
667.089111328125 2200.7900390625 805.9268188476562 2312.578857421875
49.802059173583984 646.7899780273438 238.16285705566406 835.6100463867188
47.45974349975586 2002.71484375 567.84326171875 2149.224609375
903.552978515625 37.722415924072266 1006.1744995117188 139.3828125
777.3992919921875 36.64333724975586 879.2171020507812 140.0207977294922
