1273.515625 30.072948455810547 1363.4923095703125 192.31483459472656
85.69661712646484 657.4443969726562 219.31393432617188 804.3012084960938
96.98563385009766 1889.38330078125 230.3201141357422 2035.4697265625
238.02471923828125 2318.12353515625 451.72369384765625 2373.375
237.83473205566406 2446.0361328125 405.6724853515625 2505.810302734375
85.45314025878906 353.7247314453125 219.76300048828125 499.4124755859375
240.78541564941406 2174.7470703125 392.7248840332031 2233.312744140625
85.65211486816406 1265.373291015625 218.68751525878906 1410.809326171875
85.73863220214844 1570.3802490234375 218.5666961669922 1714.4781494140625
85.59814453125 1570.102783203125 218.8760223388672 1715.2716064453125
85.93973541259766 961.1856079101562 218.6908721923828 1107.7757568359375
85.74610900878906 24.858922958374023 182.82704162597656 73.02448272705078
1273.515625 126.04933166503906 1363.4923095703125 192.31483459472656
97.01427459716797 1889.5159912109375 230.12680053710938 2034.9993896484375
257.6564636230469 658.001220703125 919.4645385742188 725.42431640625
56.041988372802734 1514.1407470703125 1392.018798828125 1775.7239990234375
57.75959014892578 602.1946411132812 1392.4888916015625 861.3723754882812
601.3133544921875 1976.712890625 717.2185668945312 2026.715087890625
56.97895812988281 905.9290161132812 1392.7738037109375 1165.1820068359375
268.7101745605469 1891.4227294921875 929.7530517578125 1957.162841796875
257.2159118652344 743.26416015625 518.34619140625 793.3560180664062
588.8658447265625 1655.4493408203125 705.424072265625 1705.885498046875
3.7538909912109375 1812.8905029296875 1437.09423828125 2087.047607421875
589.684326171875 440.07049560546875 705.3655395507812 490.33197021484375
257.0853271484375 354.6407470703125 919.9771118164062 423.15728759765625
83.05841827392578 127.17330932617188 763.3624267578125 201.55239868164062
111.07366943359375 2164.57421875 183.36375427246094 2241.093505859375
118.97339630126953 2441.03857421875 177.35986328125 2510.54248046875
1086.107666015625 27.326675415039062 1146.8585205078125 72.70372772216797
267.76092529296875 1889.2913818359375 930.7272338867188 2028.42529296875
86.02208709716797 961.7344970703125 218.61456298828125 1107.0445556640625
257.1514892578125 1570.3704833984375 919.7222900390625 1639.2999267578125
53.781166076660156 298.8645935058594 1393.279296875 558.0301513671875
590.3778686523438 1351.920166015625 705.0819091796875 1400.842041015625
257.3790283203125 1654.577880859375 518.354248046875 1706.5618896484375
256.84759521484375 438.44415283203125 518.6318359375 490.6336975097656
256.50811767578125 1266.6865234375 919.685791015625 1334.7210693359375
255.54151916503906 352.9942321777344 920.567626953125 491.70660400390625
85.66622924804688 1265.534912109375 218.55372619628906 1409.89501953125
54.66118621826172 1207.8905029296875 1392.60595703125 1472.0655517578125
1117.3704833984375 118.58204650878906 1198.836181640625 200.468017578125
1278.464111328125 30.072948455810547 1350.1695556640625 67.00138854980469
1182.8162841796875 24.74396514892578 1238.5380859375 71.79144287109375
85.60015106201172 353.9068603515625 219.53097534179688 498.7152099609375
85.89043426513672 657.8384399414062 219.1011505126953 803.6346435546875
256.2113342285156 1264.9864501953125 921.5570678710938 1403.9146728515625
269.7796325683594 1975.8739013671875 530.57958984375 2026.4661865234375
589.4236450195312 1048.834228515625 705.56591796875 1097.146728515625
589.50146484375 743.86962890625 705.6953125 792.9541015625
68.90359497070312 1.921987533569336 200.86085510253906 100.76927185058594
1246.653076171875 108.2242660522461 1392.251220703125 225.29388427734375
255.5710906982422 1567.40283203125 921.5084838867188 1708.0968017578125
256.2066955566406 960.8802490234375 921.6901245117188 1099.5289306640625
