378.522216796875 1463.25537109375 528.7691650390625 1607.0284423828125
638.5839233398438 1716.62451171875 787.89306640625 1864.26513671875
397.080322265625 1715.677490234375 509.1678161621094 1863.31005859375
155.74658203125 1715.82861328125 229.38499450683594 1864.0513916015625
939.7303466796875 1460.1007080078125 1014.0694580078125 1606.1392822265625
397.080322265625 1819.0289306640625 509.1678161621094 1863.31005859375
638.5839233398438 1817.3250732421875 787.89306640625 1864.26513671875
857.0856323242188 672.5681762695312 1057.8363037109375 749.4526977539062
116.15375518798828 350.3689880371094 264.5445861816406 394.4410095214844
378.522216796875 1558.7823486328125 528.7691650390625 1607.0284423828125
858.5333251953125 1412.18310546875 1094.1021728515625 1646.3162841796875
598.857177734375 1412.41162109375 832.7991943359375 1645.6204833984375
351.6404113769531 350.13629150390625 494.9562683105469 393.7513732910156
155.74658203125 1819.4970703125 229.38499450683594 1864.0513916015625
596.470703125 1669.7838134765625 832.5157470703125 1903.6265869140625
337.10797119140625 1669.4520263671875 571.7013549804688 1903.494140625
336.681640625 1412.3670654296875 571.7958984375 1646.0311279296875
242.3009033203125 1273.5911865234375 369.2923583984375 1323.0242919921875
72.91716766357422 1412.3238525390625 309.099609375 1645.962646484375
73.21888732910156 1669.3900146484375 308.7384338378906 1903.7513427734375
857.1864624023438 1221.5584716796875 1057.8951416015625 1298.227294921875
136.0249786376953 1559.45751953125 246.5803985595703 1605.75830078125
242.4451141357422 724.6622314453125 368.8701477050781 773.8231811523438
633.527587890625 2256.9453125 842.0772094726562 2306.18701171875
257.9654235839844 2257.0859375 483.85772705078125 2307.326904296875
679.5338134765625 1558.8367919921875 751.463134765625 1606.298828125
857.3624877929688 947.7620239257812 1057.894287109375 1023.0823364257812
519.6532592773438 2258.497802734375 604.89794921875 2307.059814453125
939.7303466796875 1558.287841796875 1014.0694580078125 1606.1392822265625
242.6188201904297 1000.3717651367188 368.680419921875 1047.82958984375
418.91265869140625 1463.25537109375 489.9767150878906 1525.671875
361.111328125 641.1005859375 600.2839965820312 703.5416259765625
60.998043060302734 211.4446563720703 443.458984375 311.10430908203125
679.3960571289062 1716.62451171875 753.2845458984375 1786.89111328125
434.2249450683594 510.779296875 799.978271484375 556.8107299804688
648.7353515625 2167.290771484375 984.8922119140625 2231.072509765625
256.88482666015625 2167.843994140625 608.3807983398438 2232.349853515625
419.4297790527344 1715.677490234375 492.3611145019531 1787.6539306640625
51.2981071472168 51.27676773071289 311.811279296875 120.2840347290039
239.98036193847656 1189.608154296875 396.49481201171875 1250.920654296875
409.6759033203125 651.63720703125 585.8191528320312 693.7740478515625
75.06788635253906 1138.917236328125 1098.8199462890625 1384.821044921875
369.0281066894531 504.7724914550781 426.2434997558594 562.5091552734375
75.27542114257812 592.1043701171875 1098.020263671875 836.6484985351562
244.0640106201172 641.970703125 344.2066955566406 699.3082275390625
884.1246337890625 963.7092895507812 1030.7205810546875 1010.594482421875
157.7517547607422 1715.82861328125 226.87466430664062 1786.1595458984375
385.57342529296875 1995.0819091796875 782.711181640625 2051.59716796875
584.2125244140625 350.3680114746094 731.8487548828125 393.7371520996094
286.276611328125 1966.182373046875 884.2933959960938 2082.9033203125
880.298583984375 40.45627212524414 1118.7022705078125 132.61083984375
76.09351348876953 861.7479248046875 1099.118896484375 1112.7093505859375
254.49758911132812 2165.271484375 985.78564453125 2309.9912109375
112.06442260742188 2166.8876953125 180.52627563476562 2244.908935546875
533.2310180664062 347.59344482421875 731.705322265625 395.9994201660156
681.622314453125 1460.6607666015625 752.5300903320312 1525.3621826171875
947.2573852539062 1460.1007080078125 1006.3795166015625 1529.6632080078125
240.69053649902344 915.234375 343.6886291503906 974.7725830078125
61.70436477661133 351.52410888671875 103.9480209350586 394.3246765136719
520.3611450195312 328.0395202636719 752.0632934570312 412.799560546875
104.64263153076172 339.3623046875 277.3730773925781 409.40997314453125
