311.58551025390625 634.069091796875 349.94049072265625 781.2239379882812
24.449874877929688 748.230712890625 57.41299819946289 780.172119140625
87.4876480102539 748.1495971679688 148.89840698242188 780.691162109375
179.4978485107422 749.0167236328125 212.52178955078125 780.3487548828125
24.09274673461914 502.7449951171875 80.30299377441406 594.8451538085938
241.05979919433594 748.6106567382812 280.49530029296875 781.1619873046875
24.618392944335938 62.251197814941406 59.544960021972656 134.14251708984375
86.8198013305664 637.762451171875 276.1151428222656 721.9381713867188
311.58551025390625 747.765380859375 349.94049072265625 781.2239379882812
24.09274673461914 422.877685546875 80.30299377441406 594.8451538085938
24.805110931396484 43.62837600708008 75.08780670166016 93.77539825439453
24.449874877929688 767.7490844726562 57.41299819946289 780.172119140625
24.649658203125 490.9835205078125 350.4808349609375 555.3862915039062
24.09274673461914 580.7329711914062 80.30299377441406 594.8451538085938
317.8284606933594 173.23683166503906 338.3348693847656 194.19007873535156
87.4876480102539 766.8724975585938 148.89840698242188 780.691162109375
241.05979919433594 767.11328125 280.49530029296875 781.1619873046875
317.59625244140625 344.96429443359375 338.180419921875 365.7740783691406
24.917184829711914 404.90167236328125 350.522216796875 477.9820861816406
299.86907958984375 43.72565841674805 350.4332275390625 93.93553924560547
36.765419006347656 163.34739685058594 77.12214660644531 204.10946655273438
317.6814270019531 634.069091796875 338.2012634277344 654.77587890625
317.787353515625 431.067626953125 338.0802307128906 452.0932922363281
32.25925827026367 748.230712890625 49.61977767944336 765.8223266601562
24.656105041503906 232.75979614257812 350.71246337890625 306.9433288574219
24.947874069213867 608.3831787109375 350.4453430175781 681.8300170898438
317.8670349121094 512.0512084960938 338.0798034667969 532.88916015625
179.4978485107422 767.22705078125 212.52178955078125 780.3487548828125
24.618392944335938 120.51728820800781 59.544960021972656 134.14251708984375
25.426916122436523 694.3660278320312 350.45294189453125 728.4935913085938
111.38842010498047 748.1495971679688 125.4964370727539 764.5606079101562
186.6500701904297 749.0167236328125 203.9927215576172 764.7130737304688
25.10811424255371 318.018310546875 350.8375549316406 392.5616455078125
38.06344223022461 502.7449951171875 76.1926040649414 542.7152709960938
86.98191833496094 656.9024658203125 163.22283935546875 668.0086059570312
317.7362060546875 259.07568359375 338.1533203125 279.8551025390625
25.00336265563965 147.67552185058594 350.6478576660156 220.2984161376953
254.1615447998047 748.6106567382812 268.8783874511719 765.191162109375
42.469337463378906 168.4341583251953 71.71292877197266 202.50091552734375
156.28355407714844 57.11740493774414 218.13766479492188 76.5849838256836
42.88804626464844 62.251197814941406 56.846351623535156 75.64752960205078
38.209312438964844 710.7329711914062 76.27752685546875 727.900634765625
40.862186431884766 625.7095336914062 74.02106475830078 664.5484619140625
42.17150115966797 337.552001953125 72.8573989868164 375.6485290527344
86.8198013305664 706.4161376953125 276.1151428222656 721.9381713867188
167.8021240234375 637.762451171875 181.59474182128906 654.1013793945312
311.58551025390625 767.3362426757812 349.94049072265625 781.2239379882812
87.33526611328125 620.977294921875 239.77989196777344 652.5731811523438
37.62456130981445 249.71949768066406 76.85133361816406 289.8277893066406
167.71820068359375 348.9288024902344 181.45199584960938 365.29095458984375
323.2396545410156 747.765380859375 338.97235107421875 764.88525390625
40.44114685058594 422.877685546875 74.06632232666016 461.3651428222656
87.00750732421875 368.1233825683594 162.78802490234375 379.2694091796875
0.4626139998435974 727.2448120117188 374.56658935546875 811.6956787109375
86.6297836303711 159.83001708984375 281.5948181152344 193.2244873046875
24.748172760009766 43.874786376953125 75.07040405273438 93.59081268310547
299.892333984375 43.91810989379883 350.3736572265625 93.6171646118164
