239.8986053466797 741.7195434570312 273.3863525390625 780.1421508789062
311.5308837890625 653.5595092773438 366.7860412597656 779.7178955078125
32.8429069519043 741.4307861328125 61.419071197509766 779.7677001953125
14.914981842041016 577.7767333984375 271.11224365234375 678.6179809570312
98.79020690917969 768.4893188476562 138.35934448242188 779.5537109375
32.8429069519043 768.0277709960938 61.419071197509766 779.7677001953125
163.7113494873047 736.180908203125 211.54010009765625 773.551025390625
239.8986053466797 768.1489868164062 273.3863525390625 780.1421508789062
14.914981842041016 626.728759765625 271.11224365234375 678.6179809570312
154.056640625 578.4454956054688 221.5636749267578 609.11279296875
16.153793334960938 69.01097106933594 211.41421508789062 86.90831756591797
54.08275604248047 585.6802368164062 139.13645935058594 601.111328125
311.02215576171875 653.0419921875 367.405517578125 708.4329833984375
328.6872253417969 611.5546875 351.851806640625 624.5408935546875
20.185773849487305 693.1531372070312 206.0485076904297 709.808837890625
244.1511993408203 741.7195434570312 266.750244140625 763.1634521484375
28.84381103515625 15.368337631225586 54.941650390625 29.327392578125
325.6673889160156 531.1818237304688 354.3132629394531 545.0604248046875
166.21380615234375 585.167236328125 210.38192749023438 601.1258544921875
313.2902526855469 767.779296875 344.0577697753906 779.7178955078125
311.5308837890625 653.5595092773438 366.7860412597656 708.0399169921875
35.67523956298828 741.4307861328125 57.988224029541016 763.0513305664062
104.14878845214844 461.7299499511719 211.036376953125 474.4438781738281
18.24875259399414 577.7767333984375 46.44963836669922 609.8449096679688
163.68624877929688 736.5095825195312 211.4897918701172 773.1626586914062
229.7599639892578 737.1279296875 281.50787353515625 788.2445068359375
155.94602966308594 731.334228515625 223.91140747070312 783.0993041992188
