19.952516555786133 591.2611083984375 354.75732421875 656.2545166015625
144.69615173339844 705.1094970703125 159.71517944335938 720.2930908203125
213.45005798339844 130.5003204345703 288.5302429199219 148.01805114746094
112.55223083496094 130.34178161621094 130.70213317871094 146.96554565429688
130.66204833984375 747.4675903320312 153.1778564453125 769.8494873046875
164.5348663330078 704.6010131835938 268.2364501953125 719.0307006835938
20.076770782470703 189.76248168945312 355.2786560058594 254.19642639160156
56.95125961303711 705.0233154296875 120.9218521118164 718.5432739257812
35.692142486572266 302.1233215332031 274.8603515625 487.8793029785156
310.5564270019531 130.53506469726562 329.11199951171875 146.91549682617188
34.31890869140625 130.63426208496094 346.9460144042969 288.0125427246094
40.78412628173828 747.766845703125 62.9774055480957 770.0067138671875
221.08204650878906 748.29150390625 242.63623046875 768.1619873046875
336.3570556640625 16.629207611083984 359.1488952636719 28.594219207763672
34.7760124206543 14.784238815307617 59.413333892822266 29.52467918395996
20.158533096313477 390.380615234375 354.9271545410156 455.1841125488281
311.635986328125 747.5538330078125 332.5950012207031 769.6734008789062
20.78400230407715 72.0644302368164 139.81248474121094 97.21155548095703
35.7256965637207 704.3510131835938 52.345760345458984 720.7887573242188
35.615657806396484 503.12237548828125 347.6187438964844 689.9117431640625
282.7840881347656 339.52642822265625 299.5267639160156 357.6736145019531
