519.2544555664062 339.3060302734375 621.06640625 489.7574768066406
631.842529296875 30.954185485839844 661.65625 58.61714553833008
173.53062438964844 713.67431640625 492.9198913574219 789.7579956054688
509.57220458984375 1478.1119384765625 560.0662841796875 1528.85888671875
673.0824584960938 34.407081604003906 717.2117919921875 57.068084716796875
241.55029296875 1466.3853759765625 510.8641662597656 1607.8582763671875
175.289794921875 1386.5489501953125 306.44561767578125 1415.718994140625
173.78851318359375 339.46148681640625 532.2952270507812 639.6819458007812
534.2109375 111.43061065673828 614.5092163085938 191.78025817871094
67.92140197753906 29.838640213012695 120.16841888427734 60.69724655151367
675.4539184570312 340.34588623046875 749.3600463867188 489.05511474609375
31.025123596191406 1147.9715576171875 151.95101928710938 1267.9521484375
29.14193344116211 463.1112365722656 146.12730407714844 493.0693054199219
174.5803680419922 864.4839477539062 523.5484008789062 944.3939208984375
32.65540313720703 538.5369873046875 151.78225708007812 659.6920166015625
63.12760925292969 1330.5595703125 120.63003540039062 1387.727783203125
495.04437255859375 1216.877685546875 542.9095458984375 1245.9232177734375
173.60877990722656 1169.8050537109375 465.25146484375 1247.4290771484375
31.628982543945312 1147.86083984375 151.6842803955078 1267.869384765625
585.943603515625 32.44097137451172 623.2791748046875 60.6524543762207
32.123722076416016 691.331787109375 151.67935180664062 811.280029296875
175.46417236328125 1306.458740234375 542.667236328125 1381.6832275390625
63.235294342041016 1330.38623046875 120.77464294433594 1388.3299560546875
34.5107421875 340.26055908203125 139.79901123046875 444.80633544921875
188.45973205566406 1478.3067626953125 240.03665161132812 1529.460693359375
174.44924926757812 1017.8181762695312 522.0875854492188 1094.716552734375
32.068729400634766 995.4584350585938 151.19606018066406 1115.322998046875
685.875732421875 886.29443359375 717.556640625 920.3928833007812
597.4201049804688 1298.49560546875 718.8591918945312 1419.375732421875
685.8002319335938 734.6461181640625 717.96142578125 768.3215942382812
597.6377563476562 1298.30859375 718.9234008789062 1419.7584228515625
31.26235580444336 110.57796478271484 113.16339111328125 192.0714569091797
305.1286315917969 1305.0169677734375 349.91925048828125 1337.54248046875
639.1557006835938 111.7260971069336 718.0396728515625 191.4969482421875
685.3936157226562 1038.1005859375 718.4347534179688 1072.1585693359375
33.54585647583008 842.7769775390625 152.100830078125 962.5245971679688
175.86328125 1302.5220947265625 286.56512451171875 1335.5283203125
