68.2289810180664 248.9125213623047 161.70721435546875 268.35986328125
16.582595825195312 423.0445251464844 55.97211837768555 461.39739990234375
15.717297554016113 237.92098999023438 56.51461410522461 278.72930908203125
15.747199058532715 298.9819030761719 56.448936462402344 339.8936462402344
329.2192077636719 761.3113403320312 345.6210632324219 788.1235961914062
264.7681884765625 528.4878540039062 297.28271484375 570.844482421875
209.04556274414062 636.4403076171875 241.5369873046875 678.733154296875
77.97209167480469 528.51611328125 109.98828125 570.7655029296875
15.37630558013916 204.633056640625 56.68740463256836 220.617919921875
2.971400022506714 636.6952514648438 45.08864212036133 679.0100708007812
68.52293395996094 310.29791259765625 170.06256103515625 327.9268798828125
152.92788696289062 528.5789794921875 185.32948303222656 570.719970703125
340.00909423828125 528.4003295898438 372.236328125 570.6959228515625
330.1962585449219 636.8388061523438 371.8824157714844 678.625
114.56947326660156 528.731689453125 147.4384002685547 570.6862182617188
208.8831024169922 582.7493286132812 241.31727600097656 624.7290649414062
14.812171936035156 141.66639709472656 54.858795166015625 181.68336486816406
246.9396514892578 582.6334838867188 279.4899597167969 624.7932739257812
96.8598861694336 636.5408935546875 129.41787719726562 678.6820068359375
315.7487487792969 15.224834442138672 331.07794189453125 29.095861434936523
283.9338684082031 690.7694091796875 371.8826904296875 733.0737915039062
24.94792938232422 760.7581176757812 52.30146026611328 788.1207885742188
2.6311938762664795 528.6495971679688 35.31129455566406 570.7278442382812
189.83334350585938 528.4799194335938 222.15493774414062 570.7828369140625
3.2803640365600586 691.0109252929688 90.23312377929688 733.1340942382812
336.2469177246094 16.755260467529297 359.19732666015625 28.959880828857422
131.65919494628906 56.51957321166992 234.759765625 75.15636444091797
67.51676940917969 431.3697204589844 357.95037841796875 451.7888488769531
67.41036987304688 491.0174255371094 368.1936340332031 511.76800537109375
302.72406005859375 528.4259033203125 335.2472229003906 570.8338012695312
67.13876342773438 152.28152465820312 211.71238708496094 171.15904235839844
171.7158660888672 636.6044311523438 204.24185180664062 678.6296997070312
322.0579833984375 582.3829345703125 354.15234375 624.7620239257812
15.790245056152344 56.17990493774414 65.5374526977539 73.70574951171875
15.597088813781738 360.052978515625 56.405616760253906 401.0352783203125
283.74456787109375 582.5538330078125 316.35955810546875 624.7691650390625
39.47849655151367 528.6620483398438 72.16050720214844 570.6795043945312
293.27001953125 16.173433303833008 311.70391845703125 30.05466651916504
33.7752799987793 14.813841819763184 60.05348587036133 30.299510955810547
227.87457275390625 528.5430908203125 260.42510986328125 570.9322509765625
95.90193939208984 690.9187622070312 278.48907470703125 733.1289672851562
171.87545776367188 582.7076416015625 204.1415252685547 624.7288208007812
58.9695930480957 636.788330078125 91.10310363769531 678.7421875
21.9825382232666 582.6350708007812 54.16498565673828 624.8687133789062
96.811767578125 582.5614013671875 129.38954162597656 624.9107666015625
58.894840240478516 582.6099243164062 91.15258026123047 624.8961791992188
66.6350326538086 369.0367126464844 360.7109680175781 392.7803649902344
133.7006072998047 636.5172729492188 166.28530883789062 678.7838134765625
246.8486785888672 636.5799560546875 279.56390380859375 678.802734375
120.8228530883789 796.3118896484375 255.48458862304688 804.5101318359375
284.9393005371094 636.5868530273438 317.2462158203125 678.6997680664062
15.839131355285645 481.4835205078125 56.10310745239258 520.58154296875
