600.4671630859375 1529.2752685546875 652.0753784179688 1568.9951171875
350.42730712890625 1516.7015380859375 401.43389892578125 1567.7064208984375
335.2676696777344 621.3560791015625 544.019775390625 652.5746459960938
335.4775085449219 831.68115234375 544.3233032226562 860.6676635742188
334.43328857421875 514.3530883789062 607.1654663085938 583.5405883789062
63.699668884277344 720.8284301757812 312.7948913574219 866.2066650390625
63.75492477416992 300.67425537109375 312.96343994140625 446.3117980957031
64.08419799804688 720.9055786132812 312.65997314453125 866.8741455078125
63.639564514160156 300.8382263183594 312.9947509765625 445.5316162109375
599.411865234375 76.98571014404297 693.4932250976562 170.9005889892578
334.4342346191406 724.1868896484375 633.8985595703125 791.1142578125
63.26575469970703 510.9605712890625 312.93243408203125 656.7482299804688
251.4326629638672 76.94107818603516 506.6487121582031 170.65786743164062
102.7383041381836 1518.0631103515625 150.03570556640625 1566.5042724609375
335.74554443359375 410.09698486328125 525.7130737304688 442.9404296875
335.8724365234375 302.5273132324219 611.3950805664062 374.09893798828125
63.24143600463867 511.0027160644531 312.8043518066406 656.3427124023438
