116.51090240478516 1573.8515625 174.16973876953125 1596.7227783203125
108.08692169189453 1371.802001953125 198.06546020507812 1465.5811767578125
258.17742919921875 113.8819580078125 485.9169006347656 199.6095733642578
148.60606384277344 1025.1175537109375 602.9183959960938 1169.417724609375
215.49412536621094 1370.79150390625 307.4827575683594 1466.9945068359375
138.26443481445312 312.0090026855469 611.0322265625 928.2386474609375
154.64968872070312 951.0968017578125 342.2180480957031 979.0977172851562
633.780029296875 25.5120906829834 664.1356201171875 51.71036148071289
333.543701171875 1265.2435302734375 418.3260803222656 1449.1025390625
138.2811279296875 311.0955810546875 611.5116577148438 785.38623046875
675.2437744140625 26.836959838867188 717.3939208984375 50.141605377197266
593.7611083984375 25.760099411010742 624.3489990234375 53.94778060913086
537.9415893554688 1380.050537109375 626.5304565429688 1448.5093994140625
27.7031307220459 23.4375057220459 93.50731658935547 51.69744110107422
325.4318542480469 1372.6942138671875 422.7127380371094 1468.3203125
387.3702697753906 950.952880859375 598.4993286132812 979.5692138671875
343.11737060546875 1573.97119140625 404.5240173339844 1598.5203857421875
493.84259033203125 1287.2655029296875 550.8687744140625 1328.4952392578125
458.8345031738281 1419.0443115234375 509.3572082519531 1463.9591064453125
564.763916015625 1572.8309326171875 644.96875 1598.265380859375
