46.82207489013672 0.7529488801956177 143.19752502441406 82.93081665039062
391.05352783203125 784.017822265625 404.661865234375 799.1672973632812
46.33853530883789 1053.0001220703125 556.963623046875 1433.7965087890625
47.61199188232422 389.1224670410156 95.62486267089844 437.2220458984375
47.09134292602539 469.4197998046875 703.767822265625 754.5460815429688
267.8946533203125 153.9517822265625 481.0603942871094 194.9790802001953
48.007083892822266 883.3805541992188 292.23199462890625 922.0890502929688
1.561179757118225 1458.3519287109375 749.607177734375 1620.4906005859375
279.5958251953125 279.4367980957031 517.2557373046875 314.4219970703125
621.377197265625 254.43798828125 710.29443359375 343.1138000488281
45.647850036621094 278.2048645019531 214.9864044189453 336.4742736816406
47.61689758300781 972.8089599609375 95.5577621459961 1021.3626098632812
588.2078857421875 1053.6634521484375 749.354736328125 1308.18798828125
673.8344116210938 33.57540512084961 715.95703125 56.21433639526367
120.06299591064453 982.6292114257812 260.7254333496094 1011.1073608398438
119.95929718017578 398.6535949707031 298.4276123046875 427.4380798339844
608.9762573242188 1337.779541015625 737.070068359375 1385.142578125
585.9454956054688 32.27676773071289 623.3478393554688 60.45943832397461
185.81277465820312 208.67308044433594 562.482177734375 236.71592712402344
586.8173828125 1401.2044677734375 749.2019653320312 1433.59423828125
596.92578125 875.9790649414062 715.8406982421875 935.66162109375
