822.0233154296875 821.7401123046875 1067.1826171875 1067.9560546875
1041.1900634765625 418.1230163574219 1177.0555419921875 560.216064453125
784.0611572265625 2241.914306640625 852.623291015625 2282.858154296875
37.99550247192383 418.63330078125 205.92787170410156 635.9756469726562
985.726318359375 2157.70068359375 1119.5572509765625 2282.81689453125
114.42268371582031 921.5827026367188 239.86151123046875 989.5877075195312
113.89042663574219 1011.32666015625 538.4627685546875 1061.9974365234375
534.401123046875 2157.523193359375 634.6863403320312 2283.05810546875
58.55930709838867 2079.922607421875 440.03863525390625 2129.63818359375
1027.364501953125 448.7052917480469 1177.2318115234375 634.4430541992188
61.596248626708984 1637.1563720703125 1117.9102783203125 2004.2357177734375
58.65626525878906 249.1199188232422 157.6906280517578 347.35211181640625
722.3443603515625 2137.829345703125 914.7464599609375 2237.390869140625
315.1197204589844 2159.78564453125 385.3896789550781 2282.76416015625
38.075687408447266 417.01953125 1176.326416015625 638.9172973632812
644.404296875 416.8471374511719 787.7966918945312 560.604248046875
82.96503448486328 2156.233642578125 150.55288696289062 2282.919189453125
173.2151641845703 231.39566040039062 351.8366394042969 361.2012634277344
115.48284912109375 838.0913696289062 755.9724731445312 911.0702514648438
112.56008911132812 1114.7623291015625 1065.771240234375 1234.7535400390625
842.7808227539062 416.6726379394531 985.6925659179688 560.68603515625
112.67920684814453 1258.52197265625 1064.44970703125 1379.5347900390625
112.7270278930664 1402.606689453125 1065.31201171875 1524.0128173828125
507.2668151855469 37.579566955566406 677.2249755859375 176.38961791992188
58.72150802612305 248.79248046875 157.51217651367188 348.0768127441406
