1037.0782470703125 1903.778076171875 1169.863525390625 2031.860107421875
48.60124588012695 1280.055908203125 137.1348876953125 1368.880615234375
775.602783203125 1903.30517578125 877.1312866210938 2030.584716796875
48.70502853393555 925.37646484375 137.3025360107422 1014.5654296875
38.01630401611328 74.4050064086914 1142.8702392578125 216.58078002929688
184.75778198242188 1740.684814453125 285.6648254394531 1870.0601806640625
1011.5813598632812 1739.9930419921875 1112.749267578125 1869.85986328125
480.4537048339844 1578.18896484375 579.9317626953125 1707.040283203125
126.64636993408203 1578.6043701171875 226.9577178955078 1707.025146484375
191.30368041992188 296.1269226074219 384.5118713378906 352.40728759765625
775.7405395507812 1740.763671875 876.2327270507812 1869.806396484375
191.125 764.0532836914062 384.60870361328125 819.2623901367188
190.8616485595703 941.88623046875 286.87225341796875 996.87109375
420.7473449707031 1902.9801025390625 522.0325317382812 2030.7327880859375
302.3154602050781 1740.60546875 402.9248962402344 1869.7315673828125
9.42197036743164 1578.5513916015625 108.0575180053711 1706.88232421875
9.553000450134277 2065.82861328125 137.15219116210938 2193.706298828125
48.756072998046875 748.153564453125 137.61558532714844 837.6961669921875
657.4404907226562 1740.7076416015625 757.818603515625 1869.6751708984375
155.82632446289062 2065.671142578125 285.05084228515625 2192.77392578125
950.6931762695312 1577.88427734375 1052.3018798828125 1706.8936767578125
193.3880157470703 1118.4754638671875 286.4833984375 1174.7904052734375
540.1932373046875 1903.2410888671875 640.508056640625 2030.6328125
1068.914794921875 1577.7181396484375 1170.0482177734375 1706.8857421875
893.9041137695312 2065.46240234375 1171.2044677734375 2194.746337890625
185.25531005859375 1903.6876220703125 285.3941345214844 2030.4625244140625
833.2517700195312 1578.233642578125 933.892822265625 1706.916748046875
155.90530395507812 2065.0908203125 285.2478332519531 2193.560791015625
715.3828125 1577.9674072265625 815.285400390625 1707.27587890625
300.7667541503906 2065.459716796875 877.4615478515625 2193.740478515625
244.63427734375 1578.2459716796875 345.0322570800781 1706.8516845703125
49.110687255859375 654.1873779296875 132.12452697753906 703.6148681640625
362.4260559082031 1578.049560546875 461.8599548339844 1707.207275390625
9.481821060180664 1903.49072265625 141.4474639892578 2031.7266845703125
1020.5603637695312 2260.883056640625 1080.6204833984375 2350.72705078125
302.3905944824219 1903.418212890625 403.72650146484375 2030.524658203125
657.9510498046875 1903.4525146484375 758.500732421875 2030.5687255859375
893.4007568359375 1903.1376953125 994.925048828125 2030.4578857421875
540.0993041992188 1741.123779296875 639.5374145507812 1869.4356689453125
192.77883911132812 466.67230224609375 483.88037109375 522.7440185546875
85.70988464355469 2267.388427734375 168.42030334472656 2350.4365234375
893.3505859375 1740.0911865234375 994.6419677734375 1869.528076171875
420.9119873046875 1740.3377685546875 521.1790161132812 1869.549072265625
598.38916015625 1578.4212646484375 697.1314086914062 1707.0809326171875
66.62977600097656 1740.4405517578125 166.5921173095703 1869.6903076171875
192.27545166015625 1294.3326416015625 286.5865478515625 1351.6837158203125
48.55833053588867 1102.51220703125 137.31935119628906 1191.641845703125
