191.548828125 850.0372314453125 384.0784912109375 905.6442260742188
48.82576370239258 834.581298828125 137.29373168945312 923.5162353515625
143.71484375 90.15440368652344 197.3896484375 145.3157958984375
48.70038986206055 1011.8556518554688 136.8771209716797 1100.0699462890625
1086.3489990234375 169.27236938476562 1130.78173828125 231.42430114746094
192.4070281982422 1380.7188720703125 286.1242980957031 1437.8167724609375
191.40670776367188 1027.336669921875 286.5529479980469 1083.8966064453125
1027.84912109375 404.6730651855469 1074.0623779296875 454.8277893066406
48.523136138916016 1547.0948486328125 260.9427185058594 1598.9447021484375
590.9564819335938 500.9182434082031 1176.598876953125 690.5435180664062
48.33977127075195 1852.0699462890625 137.10491943359375 1941.2694091796875
223.31285095214844 207.5762939453125 1034.6729736328125 338.99786376953125
190.84970092773438 1646.079833984375 445.98663330078125 1750.77392578125
48.62318801879883 1652.6614990234375 136.44522094726562 1743.0989990234375
46.211917877197266 80.52665710449219 85.70530700683594 142.6813201904297
781.678955078125 401.05718994140625 948.3518676757812 644.4611206054688
331.4434814453125 405.53741455078125 370.1192626953125 449.6783142089844
48.84253692626953 1365.4735107421875 136.47219848632812 1453.977783203125
555.1419677734375 1899.4140625 959.9855346679688 1950.1041259765625
502.9216613769531 2220.228515625 672.2345581054688 2269.221923828125
49.90754318237305 740.8709716796875 131.70042419433594 790.4346313476562
48.95292663574219 1187.84423828125 136.34146118164062 1276.769775390625
192.6365203857422 1205.0142822265625 286.6731872558594 1261.963134765625
191.54981994628906 2056.126708984375 553.2471313476562 2111.263427734375
47.99486541748047 2038.5400390625 137.43414306640625 2126.86865234375
223.16604614257812 51.96117401123047 1035.848876953125 183.7649688720703
190.76541137695312 1843.2506103515625 537.1679077148438 1948.9822998046875
567.6895141601562 403.42095947265625 602.403076171875 456.87738037109375
2.7581090927124023 513.27587890625 588.4725952148438 686.5199584960938
9.11799144744873 385.5244140625 224.5768585205078 472.58984375
