847.6314697265625 245.22918701171875 1066.947265625 343.3550109863281
1082.738037109375 1917.61181640625 1143.3416748046875 1979.6256103515625
5.190738201141357 1054.5264892578125 50.94996643066406 1145.8978271484375
20.004030227661133 2154.11181640625 213.46554565429688 2254.5087890625
36.036373138427734 65.8411865234375 1145.1195068359375 211.99462890625
56.120452880859375 868.0452270507812 104.4769058227539 961.5391845703125
1024.934326171875 2050.481201171875 1178.0673828125 2149.92041015625
1090.567138671875 245.50074768066406 1177.912841796875 342.5859069824219
363.6221008300781 245.28721618652344 582.89208984375 343.71063232421875
0.4681568741798401 1379.1014404296875 23.707033157348633 1499.95068359375
502.5806884765625 1352.7061767578125 622.8568725585938 1415.7379150390625
986.05078125 2257.073486328125 1119.467041015625 2298.628662109375
0.50321364402771 704.7635498046875 54.5654296875 754.5781860351562
316.0408630371094 2176.0029296875 385.4960021972656 2298.600341796875
372.6604309082031 1113.87841796875 432.8470458984375 1215.6051025390625
60.41859817504883 1711.526123046875 587.689697265625 1784.2088623046875
605.9848022460938 245.2626953125 824.4718627929688 343.5362548828125
474.8847961425781 836.4856567382812 641.0220947265625 886.8283081054688
580.9115600585938 1094.8953857421875 680.3395385742188 1139.19482421875
731.5769653320312 1360.059814453125 1170.663330078125 1413.006591796875
86.51132202148438 1057.1241455078125 125.39041137695312 1151.8409423828125
535.364013671875 2174.787109375 635.6339111328125 2298.653076171875
156.1981658935547 514.3628540039062 205.95632934570312 617.6556396484375
23.143217086791992 970.0174560546875 120.66413879394531 1013.1840209960938
81.63819885253906 2258.455322265625 150.64599609375 2299.566650390625
784.6152954101562 2172.318603515625 853.4652709960938 2298.45849609375
207.93597412109375 888.8630981445312 249.48660278320312 990.8136596679688
46.168190002441406 387.5039978027344 214.9639892578125 511.1672058105469
59.180355072021484 1889.4586181640625 301.8766174316406 1946.2642822265625
342.7307434082031 821.8515014648438 425.210205078125 864.670654296875
0.8947796821594238 1573.0870361328125 87.30579376220703 1609.63232421875
1010.472412109375 388.0457458496094 1131.8428955078125 511.0006408691406
141.4018096923828 860.4514770507812 176.79531860351562 956.1223754882812
225.571044921875 609.7035522460938 395.2801513671875 661.6170654296875
35.25469970703125 244.64105224609375 340.50115966796875 343.9761657714844
16.154085159301758 1157.72314453125 114.80972290039062 1207.2352294921875
61.24340057373047 1962.6234130859375 271.58856201171875 2009.8922119140625
110.78662872314453 1196.8521728515625 156.1023406982422 1301.7420654296875
265.21636962890625 1102.8441162109375 311.94036865234375 1197.2677001953125
65.17452239990234 2050.416259765625 523.1654052734375 2150.02490234375
1132.1646728515625 1022.80126953125 1178.2686767578125 1071.1304931640625
557.3423461914062 1169.9669189453125 653.205078125 1293.26416015625
545.2632446289062 2049.876220703125 1001.6333618164062 2149.991943359375
294.50836181640625 1407.1439208984375 371.6771545410156 1493.87744140625
41.80599594116211 1331.7738037109375 141.93353271484375 1384.2960205078125
937.957763671875 1548.34619140625 1050.4876708984375 1607.570068359375
32.31465530395508 561.0989990234375 129.09388732910156 629.2352905273438
