191.86666870117188 502.6041259765625 557.5097045898438 547.314453125
191.38941955566406 1071.4832763671875 385.80218505859375 1186.8939208984375
534.503662109375 2265.309326171875 634.9027099609375 2305.287109375
82.38815307617188 2178.69140625 149.73699951171875 2305.59619140625
69.05477905273438 672.9688110351562 122.58061981201172 727.810791015625
315.58074951171875 2182.486083984375 385.8821716308594 2304.690185546875
59.087223052978516 232.72695922851562 1120.8587646484375 354.3522644042969
159.2102813720703 1765.263671875 1013.61181640625 1832.7142333984375
190.86695861816406 1355.331787109375 374.6204833984375 1398.8092041015625
192.44093322753906 928.4137573242188 374.2441711425781 972.0202026367188
986.4276733398438 2180.06005859375 1120.0460205078125 2305.7890625
191.0741729736328 1282.9317626953125 557.3666381835938 1401.80859375
786.0936279296875 2179.033935546875 853.392822265625 2305.3779296875
899.3013305664062 1637.81494140625 971.926025390625 1679.248291015625
524.3733520507812 1504.62548828125 645.3839111328125 1624.8883056640625
191.237060546875 858.4345703125 385.771240234375 913.1305541992188
531.758544921875 1637.580810546875 640.3397216796875 1681.12744140625
378.9699401855469 1894.6185302734375 800.1243896484375 2016.748046875
192.6923370361328 717.162841796875 374.94708251953125 759.3236694335938
172.7233428955078 1504.497802734375 293.825439453125 1624.602783203125
192.0446014404297 433.067138671875 433.61456298828125 488.1620178222656
191.6145477294922 645.8784790039062 433.85394287109375 701.5519409179688
875.2474975585938 1504.5145263671875 996.5250244140625 1624.9451904296875
179.5897979736328 1637.602294921875 288.11505126953125 1680.6392822265625
