136.21290588378906 500.53277587890625 177.42332458496094 529.6676635742188
27.200454711914062 501.0028076171875 50.70979309082031 529.2561645507812
81.73825073242188 500.16961669921875 104.85722351074219 529.565185546875
208.3034210205078 501.322021484375 226.57472229003906 529.4078979492188
16.083351135253906 206.20599365234375 85.58171081542969 337.0497131347656
15.887985229492188 206.20599365234375 236.1466064453125 373.0049133300781
16.644241333007812 206.20599365234375 72.26008605957031 301.7151794433594
16.430625915527344 206.20599365234375 235.59326171875 357.9753723144531
15.684303283691406 206.20599365234375 250.6978759765625 338.89288330078125
15.887985229492188 205.6761932373047 236.1466064453125 373.0049133300781
182.79339599609375 205.6761932373047 234.52047729492188 300.92279052734375
16.430625915527344 205.6761932373047 235.59326171875 357.9753723144531
181.56939697265625 205.6761932373047 223.509033203125 246.314697265625
15.684303283691406 205.6761932373047 250.6978759765625 338.89288330078125
16.083351135253906 236.50015258789062 85.58171081542969 337.0497131347656
15.690666198730469 236.50015258789062 237.25711059570312 468.6499938964844
15.887985229492188 236.50015258789062 236.1466064453125 373.0049133300781
16.644241333007812 236.50015258789062 72.26008605957031 301.7151794433594
16.555862426757812 236.50015258789062 232.67037963867188 393.69329833984375
16.430625915527344 236.50015258789062 235.59326171875 357.9753723144531
15.684303283691406 236.50015258789062 250.6978759765625 338.89288330078125
16.083351135253906 253.30014038085938 85.58171081542969 337.0497131347656
15.690666198730469 253.30014038085938 237.25711059570312 468.6499938964844
15.887985229492188 253.30014038085938 236.1466064453125 373.0049133300781
16.644241333007812 253.30014038085938 72.26008605957031 301.7151794433594
16.555862426757812 253.30014038085938 232.67037963867188 393.69329833984375
16.430625915527344 253.30014038085938 235.59326171875 357.9753723144531
15.684303283691406 253.30014038085938 250.6978759765625 338.89288330078125
15.690666198730469 252.90670776367188 237.25711059570312 468.6499938964844
15.887985229492188 252.90670776367188 236.1466064453125 373.0049133300781
16.555862426757812 252.90670776367188 232.67037963867188 393.69329833984375
16.430625915527344 252.90670776367188 235.59326171875 357.9753723144531
15.684303283691406 252.90670776367188 250.6978759765625 338.89288330078125
16.083351135253906 326.0464782714844 85.58171081542969 337.0497131347656
15.690666198730469 381.87298583984375 237.25711059570312 468.6499938964844
150.20278930664062 500.53277587890625 164.4412841796875 516.8887939453125
81.73825073242188 519.753662109375 104.85722351074219 529.565185546875
27.200454711914062 519.7528076171875 50.70979309082031 529.2561645507812
15.887985229492188 346.092041015625 236.1466064453125 373.0049133300781
16.644241333007812 289.2327880859375 72.26008605957031 301.7151794433594
136.21290588378906 519.8577880859375 177.42332458496094 529.6676635742188
181.61550903320312 252.23464965820312 221.73324584960938 262.1916809082031
32.57965087890625 501.0028076171875 46.618255615234375 515.5699462890625
144.67955017089844 39.756961822509766 239.41746520996094 71.78488159179688
87.64340209960938 500.16961669921875 100.51742553710938 515.1508178710938
182.79339599609375 289.7322692871094 234.52047729492188 300.92279052734375
101.50210571289062 289.5864562988281 155.4100341796875 301.0404052734375
211.01548767089844 501.322021484375 225.1274871826172 515.569580078125
15.88644027709961 38.93389892578125 110.80860900878906 71.90010833740234
8.135101318359375 486.7613830566406 247.35043334960938 542.37890625
31.51455307006836 206.20599365234375 40.34440994262695 215.14781188964844
208.3034210205078 519.6189575195312 226.57472229003906 529.4078979492188
211.22474670410156 205.6761932373047 223.33177185058594 214.3893280029297
15.964530944824219 93.01164245605469 238.88031005859375 217.07325744628906
26.771282196044922 236.50015258789062 37.11021041870117 247.22532653808594
40.7773323059082 236.21815490722656 79.03761291503906 248.75042724609375
26.68577766418457 253.30014038085938 37.13179016113281 264.258544921875
16.014278411865234 38.93324279785156 80.71620178222656 51.30506134033203
16.555862426757812 382.12603759765625 232.67037963867188 393.69329833984375
167.70138549804688 252.90670776367188 178.184326171875 261.8459167480469
16.143878936767578 289.030517578125 77.95256042480469 309.1143493652344
16.430625915527344 346.47222900390625 235.59326171875 357.9753723144531
181.56939697265625 236.3682861328125 223.509033203125 246.314697265625
40.15081787109375 254.00311279296875 103.46430969238281 264.0972595214844
16.804698944091797 54.453922271728516 110.48249816894531 71.33747100830078
15.684303283691406 325.2312927246094 250.6978759765625 338.89288330078125
