64.0372543334961 251.04620361328125 230.05001831054688 409.5960693359375
16.993087768554688 0.3779113292694092 49.96772003173828 24.265947341918945
13.584476470947266 150.11209106445312 348.2298583984375 215.23785400390625
63.803077697753906 259.5479736328125 230.10366821289062 503.05914306640625
13.26428508758545 74.38951110839844 348.3815002441406 139.57847595214844
64.35576629638672 251.04620361328125 129.67955017089844 426.698974609375
279.3591003417969 29.643993377685547 299.87646484375 50.26914596557617
14.506019592285156 454.5596923828125 347.92791748046875 519.9758911132812
20.3607234954834 34.647789001464844 190.58364868164062 53.58269500732422
311.97381591796875 27.063188552856445 346.7677307128906 56.326236724853516
21.271005630493164 392.5755310058594 54.95343017578125 428.6287841796875
271.44842529296875 6.746888160705566 286.8028259277344 18.132638931274414
12.34011459350586 225.52862548828125 30.757537841796875 292.1307067871094
279.85107421875 568.6675415039062 344.0461730957031 632.5587158203125
29.202110290527344 215.70127868652344 330.5992126464844 377.6737976074219
21.318944931030273 392.52490234375 54.936317443847656 428.87860107421875
295.6370544433594 6.086728572845459 309.66058349609375 17.82883644104004
13.989039421081543 530.7947998046875 348.3921813964844 596.5462036132812
