14.914981842041016 577.7767333984375 271.11224365234375 678.6179809570312
325.6673889160156 531.1818237304688 354.3132629394531 545.0604248046875
311.5308837890625 653.5595092773438 366.7860412597656 779.7178955078125
311.02215576171875 653.0419921875 367.405517578125 708.4329833984375
32.8429069519043 741.4307861328125 61.419071197509766 779.7677001953125
155.94602966308594 731.334228515625 223.91140747070312 783.0993041992188
328.6872253417969 611.5546875 351.851806640625 624.5408935546875
104.14878845214844 461.7299499511719 211.036376953125 474.4438781738281
20.185773849487305 693.1531372070312 206.0485076904297 709.808837890625
98.79020690917969 768.4893188476562 138.35934448242188 779.5537109375
28.84381103515625 15.368337631225586 54.941650390625 29.327392578125
229.7599639892578 737.1279296875 281.50787353515625 788.2445068359375
16.153793334960938 69.01097106933594 211.41421508789062 86.90831756591797
