211.599365234375 2158.587646484375 299.829833984375 2282.96435546875
525.37353515625 2163.677490234375 644.6934814453125 2280.508056640625
345.7957763671875 1727.2724609375 674.080078125 2037.1229248046875
345.7957763671875 1793.0960693359375 674.080078125 2037.1229248046875
878.5624389648438 2164.07373046875 950.5430297851562 2282.5078125
525.37353515625 2239.97216796875 644.6934814453125 2280.508056640625
486.874267578125 959.1935424804688 683.5660400390625 1020.4880981445312
67.97203063964844 1884.5618896484375 321.8631591796875 2052.50048828125
345.6706237792969 1722.2569580078125 716.2543334960938 1831.6688232421875
345.7957763671875 1928.9671630859375 674.080078125 2037.1229248046875
72.6357650756836 1557.0472412109375 257.2646179199219 1614.34375
500.38818359375 1316.876708984375 553.6082763671875 1381.5712890625
67.27392578125 1678.8848876953125 322.2204284667969 1847.78173828125
878.5624389648438 2238.2822265625 950.5430297851562 2282.5078125
211.599365234375 2241.287353515625 299.829833984375 2282.96435546875
303.367919921875 1556.5828857421875 535.6107788085938 1622.7867431640625
67.13357543945312 1679.3663330078125 322.1304016113281 1846.932861328125
194.64170837402344 1052.0626220703125 983.3859252929688 1151.2598876953125
400.32391357421875 1993.774169921875 541.8931274414062 2031.7347412109375
394.72894287109375 1274.8802490234375 776.874755859375 1423.6468505859375
316.32464599609375 350.7082214355469 845.1644287109375 773.9076538085938
68.87297058105469 2086.94091796875 321.9956970214844 2115.7841796875
317.96978759765625 350.9520263671875 840.9815673828125 771.8440551757812
67.49909210205078 1885.2247314453125 322.04705810546875 2051.140869140625
219.78271484375 2158.587646484375 288.8293762207031 2226.419677734375
410.43841552734375 1184.204345703125 765.2987670898438 1232.852294921875
554.9258422851562 2163.677490234375 613.610595703125 2220.69677734375
346.7514343261719 1727.2724609375 385.8945007324219 1773.92236328125
346.74835205078125 1793.0960693359375 385.0508728027344 1825.9661865234375
51.1952018737793 1535.6795654296875 279.0713195800781 1643.8714599609375
883.6380615234375 2164.07373046875 945.377197265625 2225.18505859375
331.51373291015625 1693.0894775390625 740.9942626953125 1858.6402587890625
