71.51703643798828 2033.6295166015625 338.2357482910156 2229.8818359375
70.7034683227539 2033.6295166015625 310.10479736328125 2307.760498046875
992.7216796875 703.2219848632812 1141.9119873046875 772.41162109375
240.79684448242188 2026.748779296875 574.1393432617188 2082.62890625
71.51703643798828 2170.5048828125 338.2357482910156 2229.8818359375
697.33544921875 1822.615234375 864.3912353515625 1872.8477783203125
70.7034683227539 2260.013671875 310.10479736328125 2307.760498046875
889.1766357421875 53.880435943603516 986.3682250976562 153.51480102539062
70.18290710449219 1128.720703125 932.765380859375 1254.0291748046875
1033.9832763671875 54.33131790161133 1131.081298828125 152.45468139648438
698.364013671875 1617.5556640625 864.56591796875 1668.98974609375
157.19923400878906 1719.6429443359375 323.4906005859375 1770.5595703125
661.8119506835938 2159.167724609375 1108.201416015625 2311.375244140625
696.8461303710938 1719.8612060546875 1037.0601806640625 1771.2861328125
548.6550903320312 1379.757568359375 642.9888916015625 1482.3555908203125
156.87013244628906 1823.3861083984375 323.29119873046875 1872.714111328125
932.6311645507812 1437.3966064453125 1040.2181396484375 1482.1468505859375
45.325557708740234 53.47465896606445 145.2643280029297 154.59898376464844
45.45456314086914 53.619468688964844 145.15626525878906 154.3941192626953
48.98588180541992 1326.7598876953125 1133.93017578125 1545.91015625
72.89562225341797 1612.1710205078125 130.75413513183594 1673.829833984375
665.6514892578125 1385.91748046875 721.0651245117188 1486.258056640625
470.57208251953125 1385.9061279296875 525.124755859375 1483.96484375
72.36825561523438 1818.0755615234375 131.63021850585938 1877.002197265625
615.8665771484375 1715.94384765625 671.1013793945312 1773.6051025390625
156.3979034423828 1617.7005615234375 321.47186279296875 1668.36181640625
889.6864013671875 54.39299774169922 986.2616577148438 152.9454803466797
615.9483032226562 1824.32568359375 671.5753784179688 1872.8162841796875
68.7624282836914 902.9756469726562 1019.0833129882812 1074.474609375
78.14093017578125 1715.3056640625 124.51535034179688 1774.813232421875
84.60739135742188 2033.6295166015625 177.6216278076172 2110.1337890625
621.5005493164062 1611.673095703125 664.2802124023438 1674.130126953125
372.3301086425781 1379.0264892578125 818.5158081054688 1491.7154541015625
68.42381286621094 1128.2769775390625 1132.998291015625 1255.6094970703125
71.64326477050781 1129.4552001953125 931.5947875976562 1188.873779296875
