315.332763671875 2189.527099609375 384.8169860839844 2306.81494140625
873.2900390625 1013.4663696289062 1117.30810546875 1347.780029296875
784.1777954101562 2184.76318359375 851.1526489257812 2307.48193359375
1017.5992431640625 2189.757568359375 1083.9244384765625 2307.28759765625
311.8854064941406 1014.8204345703125 554.0133666992188 1347.254150390625
614.3098754882812 1013.20947265625 859.1527099609375 1347.61767578125
614.3098754882812 1013.20947265625 859.1527099609375 1487.1463623046875
1002.22509765625 32.13728713989258 1131.8790283203125 139.04110717773438
194.74246215820312 166.828125 330.0572814941406 249.0474853515625
713.3672485351562 167.0303955078125 848.2540893554688 249.21807861328125
353.54400634765625 166.8221435546875 531.0091552734375 249.4438934326172
36.36141586303711 167.0349578857422 170.38113403320312 249.15457153320312
475.50958251953125 316.2359313964844 693.5990600585938 495.64312744140625
254.90762329101562 316.5230712890625 473.11529541015625 495.8862609863281
872.2550659179688 166.89112854003906 1055.532958984375 249.49929809570312
553.8316040039062 166.47732543945312 689.382568359375 249.2931671142578
916.241943359375 316.00079345703125 1134.70751953125 496.6083068847656
70.50739288330078 803.7940673828125 215.7357177734375 847.9085083007812
696.5730590820312 316.89373779296875 915.1891479492188 495.7755432128906
274.7247009277344 618.7050170898438 452.74761962890625 662.304443359375
446.1516418457031 1998.7618408203125 669.3907470703125 2044.036865234375
723.5541381835938 618.3856811523438 886.5740356445312 662.7684936523438
941.0423583984375 431.59210205078125 1107.1912841796875 476.24578857421875
36.62799072265625 315.7108154296875 253.8635711669922 497.0545654296875
56.67424392700195 1304.400634765625 263.9216613769531 1347.0484619140625
314.69866943359375 1305.0775146484375 520.8235473632812 1347.254150390625
883.7689208984375 1243.94091796875 1056.76611328125 1284.46337890625
803.2949829101562 31.88530921936035 976.8947143554688 137.72415161132812
1017.5992431640625 2266.7919921875 1083.9244384765625 2307.28759765625
64.519287109375 618.7141723632812 227.7011260986328 662.8540649414062
917.7616577148438 688.3966674804688 1132.1217041015625 866.1864624023438
941.4845581054688 618.754150390625 1106.11328125 662.3364868164062
1002.22509765625 99.64791107177734 1131.8790283203125 139.04110717773438
476.7054138183594 686.3170166015625 693.3438720703125 863.96337890625
874.7583618164062 1304.467041015625 1082.6702880859375 1347.780029296875
1080.3577880859375 168.9114227294922 1168.9522705078125 247.68385314941406
256.8096618652344 687.5374145507812 471.0239562988281 862.4193725585938
873.2652587890625 1013.4085083007812 1117.278076171875 1297.586181640625
916.8902587890625 500.6537780761719 1131.5352783203125 684.2225952148438
53.52853775024414 1010.5709228515625 296.7832336425781 1297.9500732421875
614.9745483398438 1012.728515625 859.6065063476562 1296.716552734375
55.73189926147461 939.133056640625 247.7549285888672 997.0653076171875
877.5621337890625 938.7675170898438 1070.5015869140625 999.2646484375
476.53375244140625 500.716064453125 693.0186767578125 684.0549926757812
549.239501953125 2267.84814453125 616.9148559570312 2308.20361328125
37.6525993347168 1713.33837890625 357.6468200683594 1773.6434326171875
334.2125549316406 1246.4342041015625 478.8128356933594 1282.8724365234375
38.049903869628906 687.3310546875 251.3922576904297 864.2879638671875
73.72382354736328 1247.126220703125 251.11643981933594 1282.960205078125
784.1777954101562 2267.98193359375 851.1526489257812 2307.48193359375
546.939208984375 804.6448974609375 618.1958618164062 845.4632568359375
615.9931030273438 1304.916259765625 789.0673828125 1347.61767578125
316.7327575683594 2267.119873046875 384.4629211425781 2306.81494140625
703.6395263671875 802.658203125 904.3098754882812 846.6148681640625
85.24517059326172 2065.888671875 348.8392028808594 2110.02734375
261.58734130859375 802.3310546875 463.3973693847656 847.4617919921875
315.332763671875 2189.527099609375 384.8169860839844 2250.3486328125
75.6467056274414 56.48114776611328 704.7928466796875 113.29923248291016
123.4378890991211 1586.3419189453125 457.1121520996094 1630.1378173828125
82.67124938964844 1859.0028076171875 768.7412719726562 1977.519775390625
311.4205322265625 1013.2517700195312 555.26513671875 1296.426025390625
325.72076416015625 433.1742248535156 399.7285461425781 475.273681640625
84.28424835205078 1998.3695068359375 299.6786193847656 2043.6458740234375
379.4952087402344 182.0260772705078 501.6368408203125 232.49893188476562
698.2083740234375 687.848388671875 912.0928344726562 864.1642456054688
41.6616325378418 33.91311264038086 791.2340698242188 139.70480346679688
107.01066589355469 431.8226318359375 180.0126495361328 475.2483825683594
943.1585693359375 802.6561279296875 1106.896484375 847.9423217773438
37.48247528076172 1395.164794921875 1134.7110595703125 1671.54541015625
256.4295349121094 500.9595642089844 471.8562927246094 684.5469970703125
873.2900390625 1013.4663696289062 1117.30810546875 1296.0067138671875
697.513671875 501.5732421875 912.514892578125 684.9342651367188
768.33203125 430.9544982910156 841.2896728515625 475.9012756347656
86.23798370361328 2188.23583984375 147.84915161132812 2250.179931640625
37.84579086303711 501.6523742675781 252.15138244628906 684.8129272460938
620.275146484375 940.5512084960938 760.7304077148438 996.9635009765625
500.87884521484375 618.6275634765625 667.1297607421875 662.8766479492188
788.56298828125 2184.76318359375 847.1103515625 2249.07568359375
84.7463607788086 2065.7734375 419.7822265625 2110.184326171875
99.2340316772461 1492.28857421875 788.8372192382812 1567.85302734375
316.0307922363281 941.1219482421875 506.1923828125 997.3395385742188
100.7079849243164 1428.3897705078125 330.35137939453125 1478.80078125
1019.8729248046875 2189.757568359375 1083.784423828125 2248.02099609375
664.347900390625 940.4086303710938 759.7957153320312 997.0933837890625
620.6445922851562 1438.05224609375 754.017333984375 1487.1463623046875
37.95215606689453 1713.2020263671875 1113.8680419921875 1774.549560546875
39.55217742919922 31.951324462890625 977.5553588867188 139.26622009277344
311.8854064941406 1014.8204345703125 554.0133666992188 1294.4884033203125
614.3098754882812 1013.20947265625 859.1527099609375 1295.926513671875
330.9495544433594 1996.149658203125 417.931396484375 2043.567626953125
530.7555541992188 433.7275085449219 637.2844848632812 474.98046875
1034.72119140625 32.13728713989258 1100.3167724609375 95.51298522949219
5.415530204772949 1812.55078125 1136.9217529296875 2160.172607421875
0.27448219060897827 1791.94189453125 83.00016784667969 1958.8809814453125
804.271484375 32.74609375 976.202880859375 136.7242889404297
598.6607666015625 1299.343994140625 818.3423461914062 1364.8978271484375
289.7853088378906 925.2113037109375 565.7493896484375 1007.132568359375
80.56057739257812 1858.4742431640625 770.979248046875 2046.8541259765625
