302.90399169921875 1225.466796875 875.6762084960938 1562.4490966796875
303.047607421875 1857.728515625 396.7066955566406 1897.3099365234375
303.6086730957031 2135.824951171875 450.2934265136719 2177.4326171875
301.5718078613281 2338.958740234375 845.7583618164062 2389.63818359375
72.8927001953125 2005.495361328125 1171.38818359375 2237.9228515625
71.22993469238281 1168.22119140625 303.2939758300781 1400.206298828125
1040.0616455078125 674.4146118164062 1120.8211669921875 713.3804321289062
137.91712951660156 1785.0623779296875 235.32254028320312 1908.7760009765625
959.6611938476562 950.26513671875 1119.0311279296875 994.0414428710938
999.8828735351562 2344.482177734375 1121.8355712890625 2389.50732421875
303.06134033203125 1022.5135498046875 602.755859375 1064.9320068359375
72.25312805175781 1727.7396240234375 1171.0948486328125 1956.3228759765625
72.94163513183594 1448.2723388671875 1172.39013671875 1677.1673583984375
112.11563873291016 44.34524154663086 192.48138427734375 88.06099700927734
325.6542053222656 1171.182373046875 1238.909423828125 1400.688232421875
133.7412567138672 946.0830688476562 242.5031280517578 1072.827392578125
303.6689147949219 741.3486938476562 390.4231262207031 780.9005737304688
144.90646362304688 447.5987854003906 291.16461181640625 491.639892578125
1086.871826171875 2491.7119140625 1143.7855224609375 2547.870361328125
74.16401672363281 204.50277709960938 404.3681335449219 281.93597412109375
139.8466796875 669.8504638671875 234.48880004882812 787.1490478515625
71.65911865234375 613.0737915039062 1172.2978515625 839.6511840820312
550.5523071289062 2445.39306640625 697.4573364257812 2592.0400390625
558.056884765625 1299.657470703125 874.2979736328125 1343.6484375
72.14567565917969 890.1331176757812 1170.967529296875 1121.47607421875
950.7413330078125 1507.8936767578125 1123.0548095703125 1555.2265625
1000.7720336914062 2066.361572265625 1121.1558837890625 2114.184814453125
853.1157836914062 2490.451416015625 911.0819091796875 2550.115478515625
1066.6014404296875 191.00506591796875 1155.7684326171875 299.3526916503906
302.90399169921875 1501.4783935546875 875.6762084960938 1562.4490966796875
303.1169738769531 1782.3668212890625 721.01416015625 1834.385498046875
124.48046112060547 2057.1318359375 248.91651916503906 2188.76513671875
970.3062133789062 47.831817626953125 1031.8914794921875 90.71979522705078
303.3712158203125 945.8649291992188 734.3395385742188 998.207763671875
72.20071411132812 383.51031494140625 1171.9473876953125 563.6626586914062
1027.9493408203125 1786.9267578125 1122.9656982421875 1835.6495361328125
74.34107208251953 2285.53662109375 1169.893310546875 2392.15673828125
159.9534912109375 2344.2646484375 215.28311157226562 2389.393310546875
122.82540130615234 1498.1517333984375 254.48670959472656 1631.387451171875
389.757568359375 1225.466796875 495.5685729980469 1352.0242919921875
912.5771484375 961.7190551757812 935.6304931640625 986.8103637695312
334.13165283203125 2486.9541015625 397.4237365722656 2550.288330078125
997.2803955078125 683.2277221679688 1019.29345703125 708.282958984375
1019.9143676757812 412.288330078125 1142.054443359375 532.940673828125
304.0283203125 1577.3172607421875 776.9849853515625 1621.0186767578125
302.9718933105469 2061.140380859375 682.2738037109375 2117.603515625
70.97122955322266 1168.7806396484375 303.1261291503906 1399.1541748046875
99.68862915039062 2486.35498046875 162.6764373779297 2552.97021484375
1047.0096435546875 46.35353469848633 1095.20556640625 86.4116439819336
556.0062866210938 1222.7362060546875 953.80419921875 1278.7757568359375
303.4601745605469 667.197265625 695.4843139648438 724.6654052734375
