82.10387420654297 613.5484619140625 304.71197509765625 783.6845092773438
236.64964294433594 258.9483642578125 349.5985412597656 318.09185791015625
24.650362014770508 44.0390510559082 78.89373779296875 232.2322235107422
25.010929107666016 43.9307975769043 74.89874267578125 93.64584350585938
24.650362014770508 219.10696411132812 78.89373779296875 232.2322235107422
24.91529655456543 125.53812408447266 54.324222564697266 138.02352905273438
133.9539031982422 437.7677917480469 239.77102661132812 452.58453369140625
236.64964294433594 301.7420959472656 349.5985412597656 318.09185791015625
82.21459197998047 764.985595703125 112.07728576660156 781.8154907226562
82.10387420654297 764.9297485351562 304.71197509765625 783.6845092773438
100.71342468261719 613.5484619140625 113.50564575195312 635.5592651367188
25.217893600463867 599.9083251953125 349.66827392578125 650.0250854492188
156.99990844726562 56.807525634765625 217.57968139648438 78.61348724365234
252.0504913330078 766.03271484375 304.2071228027344 783.1884765625
25.387712478637695 469.80963134765625 349.7005920410156 519.633544921875
25.435243606567383 534.7371215820312 349.67987060546875 585.0326538085938
25.348194122314453 241.8463897705078 350.00885009765625 291.59661865234375
25.265424728393555 148.00538635253906 350.0979309082031 197.84103393554688
108.34309387207031 549.1294555664062 126.37855529785156 570.3187255859375
39.88850021362305 163.77163696289062 204.9423370361328 180.30621337890625
25.083818435668945 356.0049133300781 350.0473937988281 406.2713317871094
318.7105712890625 258.9483642578125 335.367431640625 274.8121032714844
166.46823120117188 373.20068359375 208.3094482421875 389.9547119140625
24.99860954284668 44.0390510559082 74.91722869873047 93.5125503540039
103.51909637451172 483.74432373046875 124.07362365722656 505.41864013671875
122.64845275878906 766.1353759765625 248.09747314453125 781.8303833007812
53.10304641723633 302.39599609375 144.6967010498047 317.67919921875
25.854717254638672 303.36505126953125 42.044403076171875 319.9752197265625
122.07823944091797 615.0437622070312 272.5832824707031 631.5569458007812
135.94618225097656 549.8695678710938 260.8235168457031 567.8118286132812
134.00665283203125 485.3236999511719 267.55596923828125 502.4219665527344
