31.16091537475586 393.5733947753906 236.4602508544922 752.180419921875
31.16091537475586 393.5733947753906 236.4602508544922 669.9197387695312
31.105207443237305 151.85545349121094 383.5972900390625 378.18975830078125
31.105207443237305 151.85545349121094 383.5972900390625 374.8457336425781
31.105207443237305 151.85545349121094 383.5972900390625 373.2774963378906
251.5688018798828 393.4830017089844 413.7919921875 665.2077026367188
47.94904708862305 702.2531127929688 103.78828430175781 757.2926025390625
325.70697021484375 59.6496696472168 382.7011413574219 116.12956237792969
271.8597717285156 570.89013671875 333.62109375 586.3782348632812
115.27696228027344 834.9984130859375 136.54205322265625 858.97412109375
328.31201171875 648.0930786132812 380.62872314453125 665.2077026367188
48.891578674316406 836.1427001953125 70.96554565429688 858.869873046875
55.871150970458984 255.15286254882812 166.04367065429688 292.2651672363281
251.61795043945312 392.9970397949219 413.6015319824219 608.9164428710938
54.980194091796875 177.62771606445312 204.0608367919922 225.49571228027344
31.406999588012695 393.18701171875 236.40435791015625 609.0574340820312
270.68890380859375 483.35638427734375 388.0155944824219 528.88916015625
31.365768432617188 353.5497131347656 99.67451477050781 378.18975830078125
26.81642723083496 13.780200958251953 53.87765884399414 29.697734832763672
278.990234375 835.0518188476562 299.18243408203125 858.7810668945312
32.9963264465332 687.0879516601562 382.6461181640625 775.1841430664062
115.88728332519531 735.1043701171875 207.99415588378906 752.180419921875
115.6497573852539 706.7565307617188 240.37452697753906 726.2328491210938
75.66034698486328 265.3524475097656 146.3508758544922 281.7629699707031
312.6035461425781 16.32086181640625 333.6532287597656 30.372196197509766
31.633832931518555 59.744171142578125 88.14405059814453 116.52535247802734
114.4696273803711 354.2930908203125 178.4490203857422 374.8457336425781
31.931882858276367 646.0801391601562 190.0891876220703 669.9197387695312
328.49853515625 355.9825134277344 380.4758605957031 373.2774963378906
98.95702362060547 64.509765625 210.67010498046875 110.5650405883789
342.6034851074219 834.9232177734375 365.50537109375 858.9857177734375
178.7370147705078 820.9928588867188 236.7452850341797 878.7344970703125
114.92514038085938 706.09375 240.7979278564453 752.8425903320312
52.074363708496094 571.0685424804688 113.3753662109375 586.0795288085938
361.1299743652344 17.023212432861328 385.0691223144531 28.249454498291016
31.279891967773438 151.60678100585938 383.43408203125 316.30303955078125
63.63279724121094 716.3428955078125 88.41001892089844 743.7896118164062
185.8004150390625 570.1149291992188 214.53411865234375 585.626953125
32.60271072387695 61.84654235839844 86.86727905273438 115.83332061767578
51.934207916259766 484.27972412109375 197.54795837402344 504.81805419921875
338.0123596191406 15.47293472290039 355.40130615234375 29.134084701538086
52.28036880493164 508.288818359375 112.69889068603516 528.8549194335938
31.16091537475586 393.5733947753906 236.4602508544922 608.6257934570312
325.8062438964844 59.79129409790039 382.5638732910156 115.69642639160156
31.105207443237305 151.85545349121094 383.5972900390625 315.82769775390625
330.4864501953125 826.56884765625 377.80419921875 867.6262817382812
47.891475677490234 702.4706420898438 103.67010498046875 756.955078125
51.148250579833984 483.47369384765625 197.60882568359375 529.1088256835938
251.5688018798828 393.4830017089844 413.7919921875 608.5922241210938
