512.4384155273438 1487.3316650390625 656.2982177734375 1674.84375
1004.2833251953125 47.65456771850586 1091.5517578125 104.87674713134766
99.15196990966797 2.8127803802490234 283.69061279296875 147.52252197265625
733.0479125976562 2285.831298828125 867.4530029296875 2403.419189453125
549.2521362304688 2303.63671875 623.144287109375 2376.75634765625
733.7322387695312 1488.3681640625 854.6665649414062 1673.9656982421875
316.4233093261719 1235.3211669921875 438.12017822265625 1422.2237548828125
853.4412841796875 55.38285446166992 917.5287475585938 100.64306640625
93.91236114501953 1486.8895263671875 240.78634643554688 1675.380859375
702.15869140625 1234.2109375 883.8056030273438 1421.425048828125
93.37458038330078 1236.835693359375 240.08956909179688 1422.7225341796875
90.27664184570312 963.4862670898438 1080.7161865234375 1146.015380859375
334.8038635253906 2307.355224609375 401.9600524902344 2374.032470703125
929.0590209960938 1234.23583984375 1074.534912109375 1422.076416015625
340.4582824707031 1631.548828125 411.3258972167969 1674.1810302734375
316.6570739746094 1488.2542724609375 437.90655517578125 1606.5904541015625
116.00000762939453 2307.980224609375 186.83828735351562 2370.666748046875
511.790771484375 1234.5673828125 652.2562255859375 1422.1756591796875
936.6898803710938 54.93448257446289 986.248779296875 97.72197723388672
988.4035034179688 2307.1875 1050.9071044921875 2373.29150390625
732.8198852539062 1487.908935546875 855.3411254882812 1606.6552734375
