114.26887512207031 126.64173889160156 257.62030029296875 243.11587524414062
132.58700561523438 126.64173889160156 240.55711364746094 266.4541320800781
311.6805725097656 748.0761108398438 350.1935729980469 781.0088500976562
87.50921630859375 748.2007446289062 148.94546508789062 780.6823120117188
24.37247657775879 748.3446655273438 57.369956970214844 780.3594360351562
241.15184020996094 748.6038208007812 280.47686767578125 781.0354614257812
179.53897094726562 748.9517211914062 212.55702209472656 780.394775390625
24.749357223510742 43.68534851074219 75.08944702148438 93.90519714355469
82.85460662841797 590.6900634765625 133.28712463378906 606.936279296875
24.37247657775879 767.7604370117188 57.369956970214844 780.3594360351562
299.9613342285156 43.767662048339844 350.2665100097656 93.85807037353516
83.01360321044922 656.0221557617188 134.26380920410156 672.068359375
311.6805725097656 767.5953979492188 350.1935729980469 781.0088500976562
87.50921630859375 766.9341430664062 148.94546508789062 780.6823120117188
241.15184020996094 767.2640991210938 280.47686767578125 781.0354614257812
82.99242401123047 394.9442138671875 156.05052185058594 410.862060546875
40.0671501159668 324.556640625 69.8559799194336 354.4981689453125
83.00508117675781 329.8370666503906 151.6282196044922 346.2339782714844
39.95229721069336 584.5873413085938 69.85870361328125 614.6639404296875
40.18152618408203 649.8196411132812 69.8058090209961 679.4773559570312
82.8872299194336 460.51806640625 189.3270721435547 476.8856201171875
40.106693267822266 389.61431884765625 69.90681457519531 419.4747009277344
40.07099151611328 454.9712829589844 69.83358764648438 484.5727844238281
158.8360595703125 56.982032775878906 216.8633270263672 76.0794677734375
82.95132446289062 525.1532592773438 153.78379821777344 541.2093505859375
114.26887512207031 225.2414093017578 257.62030029296875 243.11587524414062
25.46068000793457 575.046142578125 350.3399963378906 625.1128540039062
143.740478515625 126.48503875732422 229.34442138671875 210.9653778076172
316.69781494140625 59.14967346191406 333.8102722167969 77.8939437866211
25.592554092407227 380.6254577636719 350.5045166015625 430.10015869140625
179.53897094726562 767.1732788085938 212.55702209472656 780.394775390625
143.78517150878906 126.64173889160156 229.31573486328125 210.6737823486328
323.29150390625 748.0761108398438 339.0707702636719 764.529052734375
111.60494995117188 748.2007446289062 125.20712280273438 764.2612915039062
25.37442398071289 510.15057373046875 350.617919921875 560.71435546875
40.06248474121094 519.7515869140625 69.89350128173828 549.440673828125
32.3442268371582 748.3446655273438 49.57542037963867 765.7290649414062
25.439422607421875 640.0548706054688 350.2397766113281 690.3391723632812
25.326143264770508 444.6092224121094 350.36309814453125 495.051025390625
132.58700561523438 251.77723693847656 240.55711364746094 266.4541320800781
254.29989624023438 748.6038208007812 268.9332275390625 765.1011352539062
186.70774841308594 748.9517211914062 204.00892639160156 764.5299072265625
25.46651268005371 314.44622802734375 350.50048828125 365.5184631347656
47.562705993652344 462.1222229003906 63.13825988769531 477.4068298339844
40.31749725341797 520.1925659179688 69.64593505859375 549.03955078125
24.714906692504883 43.82365036010742 75.12103271484375 93.72438049316406
48.68705749511719 395.9325866699219 61.98866653442383 413.59307861328125
47.56208801269531 656.2594604492188 62.98063278198242 672.7957763671875
299.998291015625 43.92652893066406 350.1969299316406 93.51959228515625
47.47000503540039 526.4392700195312 62.872745513916016 541.8989868164062
40.21839141845703 390.20745849609375 69.70272064208984 419.25421142578125
0.5083568096160889 727.0051879882812 374.7613830566406 811.534423828125
40.22358322143555 325.04766845703125 69.57181549072266 354.1031188964844
40.424522399902344 650.3939208984375 69.544921875 678.9666137695312
