19.7775821685791 678.6118774414062 102.71473693847656 761.9722290039062
311.1034240722656 585.1409912109375 394.5585632324219 668.495849609375
19.833724975585938 585.156005859375 102.65965270996094 668.4979248046875
19.75977897644043 491.88580322265625 102.66468048095703 574.9736328125
19.742881774902344 398.4425354003906 102.69538879394531 481.814208984375
310.9700927734375 398.35308837890625 394.4066162109375 481.7369689941406
116.97441864013672 585.0313110351562 200.38209533691406 668.3975830078125
214.42604064941406 585.1637573242188 297.4690856933594 668.426025390625
19.622695922851562 304.8439636230469 102.82466125488281 388.32049560546875
117.02007293701172 678.4744262695312 200.51455688476562 761.906982421875
214.0796661376953 304.93878173828125 297.4461975097656 388.2710266113281
116.73307037353516 491.7135314941406 200.45631408691406 575.1671142578125
310.8310852050781 304.77056884765625 394.4010925292969 388.3542785644531
116.61302185058594 304.7187805175781 200.58921813964844 388.34014892578125
214.28126525878906 398.4746398925781 297.31890869140625 481.8896789550781
214.27186584472656 491.85260009765625 297.4220886230469 575.207763671875
116.71125030517578 398.2707824707031 200.48109436035156 481.8507080078125
311.0743103027344 491.8060302734375 394.5018615722656 575.0682983398438
214.29330444335938 678.59619140625 297.5115051269531 761.9956665039062
310.9600524902344 678.1979370117188 394.4410400390625 762.21630859375
94.64736938476562 16.349185943603516 195.9400177001953 31.909393310546875
232.4781494140625 252.5896453857422 320.4100036621094 285.3153991699219
16.64869499206543 11.315388679504395 88.23869323730469 37.52521896362305
21.245758056640625 254.61146545410156 51.48680877685547 285.5329895019531
259.41143798828125 87.04084777832031 383.8965148925781 119.35198974609375
231.308349609375 148.38320922851562 381.69903564453125 201.244873046875
351.1383361816406 254.60107421875 389.7572021484375 283.172119140625
91.96084594726562 255.9689483642578 117.8123779296875 282.8038330078125
116.46139526367188 304.9239501953125 200.6541290283203 387.8951110839844
19.366403579711914 304.9718322753906 102.88593292236328 387.8973388671875
310.67620849609375 304.8013000488281 394.4670715332031 387.9973449707031
21.22597885131836 254.7139892578125 51.39863967895508 285.30499267578125
310.80999755859375 678.3024291992188 394.47637939453125 761.9896240234375
310.89007568359375 491.823486328125 394.7184143066406 574.84326171875
351.041015625 254.6800994873047 389.7392578125 283.1007385253906
213.95196533203125 305.1914978027344 297.6518249511719 387.93511962890625
214.11326599121094 398.84832763671875 297.5538330078125 481.72137451171875
116.63372802734375 398.5383605957031 200.67510986328125 481.57080078125
310.7829284667969 398.4066467285156 394.6596984863281 481.51104736328125
214.23573303222656 678.7840576171875 297.4544677734375 762.1367797851562
214.13587951660156 492.086181640625 297.62457275390625 574.9935302734375
19.449119567871094 398.5249938964844 102.92351531982422 481.4698181152344
19.524580001831055 492.015869140625 102.89930725097656 574.6826171875
214.30064392089844 585.3855590820312 297.50390625 668.2626953125
116.92100524902344 585.2589721679688 200.4329376220703 668.2755126953125
116.92813873291016 678.6521606445312 200.51780700683594 762.087646484375
19.58005714416504 585.3638305664062 102.74702453613281 668.3295288085938
19.526084899902344 678.8316040039062 102.78095245361328 761.9672241210938
310.9369201660156 585.3258056640625 394.57232666015625 668.22998046875
16.590721130371094 11.50289535522461 88.32891082763672 37.284645080566406
116.72846221923828 491.9215393066406 200.6000213623047 575.0208129882812
