164.28378295898438 1323.000732421875 301.8211364746094 1507.90478515625
479.3621520996094 844.788818359375 687.7933349609375 970.7612915039062
508.64208984375 1079.906494140625 662.7470092773438 1268.0213623046875
162.5749053955078 1080.9833984375 305.4304504394531 1267.626220703125
164.91378784179688 597.5734252929688 306.8630065917969 739.8380126953125
866.0178833007812 600.2672119140625 1004.523681640625 788.0562133789062
840.6201782226562 842.6323852539062 1028.2705078125 1028.4173583984375
864.0732421875 1226.04052734375 1002.4115600585938 1269.443359375
164.807373046875 597.5548706054688 306.7892761230469 788.8735961914062
229.73443603515625 239.39791870117188 351.8233337402344 285.8876647949219
478.45306396484375 612.83984375 691.2312622070312 790.593505859375
521.0807495117188 1323.0679931640625 651.4320068359375 1508.5445556640625
375.62152099609375 2349.303955078125 794.8026123046875 2372.652099609375
1003.573974609375 74.1330337524414 1122.0030517578125 122.43860626220703
169.8868408203125 988.8386840820312 298.6040954589844 1030.4837646484375
173.39955139160156 843.905029296875 299.2238464355469 970.2813720703125
864.5883178710938 1079.72412109375 1004.31298828125 1267.1961669921875
142.23016357421875 395.9879455566406 1026.4129638671875 510.9192810058594
828.7537231445312 240.9314727783203 924.5834350585938 280.78662109375
478.6180419921875 612.6542358398438 691.2767944335938 723.7906494140625
144.42576599121094 30.195356369018555 979.6674194335938 165.39288330078125
59.539798736572266 2103.796142578125 1110.81494140625 2229.92333984375
493.204345703125 987.9464721679688 675.2498168945312 1031.481689453125
