138.26443481445312 312.0090026855469 611.0322265625 837.7109985351562
138.26443481445312 312.0090026855469 611.0322265625 928.2386474609375
333.543701171875 1265.2435302734375 418.3260803222656 1449.1025390625
123.50433349609375 1381.0618896484375 186.07321166992188 1448.898681640625
537.9415893554688 1380.050537109375 626.5304565429688 1448.5093994140625
537.9415893554688 1426.732421875 626.5304565429688 1448.5093994140625
116.51090240478516 1573.8515625 174.16973876953125 1596.7227783203125
123.50433349609375 1426.0845947265625 186.07321166992188 1448.898681640625
233.10003662109375 1425.43994140625 292.5462341308594 1448.27490234375
345.1914978027344 1427.0447998046875 403.6343688964844 1449.1025390625
564.763916015625 1572.8309326171875 644.96875 1598.265380859375
343.11737060546875 1573.97119140625 404.5240173339844 1598.5203857421875
154.64968872070312 951.0968017578125 342.2180480957031 979.0977172851562
138.2811279296875 311.0955810546875 611.5116577148438 785.38623046875
593.7611083984375 25.760099411010742 624.3489990234375 53.94778060913086
270.27447509765625 745.80908203125 452.0126037597656 772.5072021484375
27.7031307220459 23.4375057220459 93.50731658935547 51.69744110107422
317.87652587890625 808.833984375 435.02716064453125 837.7109985351562
477.76513671875 952.7167358398438 598.1008911132812 979.1956176757812
148.60606384277344 1025.1175537109375 602.9183959960938 1169.417724609375
257.5788269042969 889.4346923828125 496.4349060058594 928.2386474609375
273.54168701171875 135.4725799560547 468.3211669921875 175.93893432617188
212.98565673828125 575.098876953125 514.3373413085938 741.4158325195312
138.26443481445312 312.0090026855469 611.0322265625 783.7083740234375
675.2437744140625 26.836959838867188 717.3939208984375 50.141605377197266
387.3702697753906 950.952880859375 598.4993286132812 979.5692138671875
333.543701171875 1265.2435302734375 418.3260803222656 1346.92822265625
675.5257568359375 27.380617141723633 717.1583251953125 49.59526824951172
133.31939697265625 1381.0618896484375 173.5157012939453 1412.957275390625
458.8345031738281 1419.0443115234375 509.3572082519531 1463.9591064453125
493.84259033203125 1287.2655029296875 550.8687744140625 1328.4952392578125
633.780029296875 25.5120906829834 664.1356201171875 51.71036148071289
215.49412536621094 1370.79150390625 307.4827575683594 1466.9945068359375
564.3643798828125 1380.050537109375 602.4170532226562 1413.0943603515625
335.2443542480469 1419.26025390625 415.59356689453125 1465.07568359375
258.17742919921875 113.8819580078125 485.9169006347656 199.6095733642578
325.4318542480469 1372.6942138671875 422.7127380371094 1468.3203125
108.08692169189453 1371.802001953125 198.06546020507812 1465.5811767578125
