65.7760009765625 404.8732604980469 249.35890197753906 557.7147216796875
94.74771881103516 16.0894832611084 197.92428588867188 33.195186614990234
65.7760009765625 529.1063842773438 249.35890197753906 557.7147216796875
308.0545349121094 587.341796875 391.4616394042969 670.7976684570312
307.7630615234375 306.64825439453125 391.4888000488281 390.3789367675781
62.804115295410156 720.1741943359375 252.70706176757812 763.5824584960938
308.0085754394531 680.3845825195312 391.4450378417969 764.4853515625
307.9859924316406 400.1908264160156 391.3606262207031 483.9504699707031
308.00164794921875 493.7519836425781 391.4454345703125 577.1181640625
99.6362075805664 730.3256225585938 216.6544189453125 753.0616455078125
28.801259994506836 255.35069274902344 68.42471313476562 285.8379821777344
232.39151000976562 253.04629516601562 320.7957763671875 285.7017822265625
259.1235656738281 86.94522094726562 383.9765930175781 119.62897491455078
16.67686653137207 11.347938537597656 88.43460845947266 37.919189453125
350.9451599121094 254.6062469482422 389.98577880859375 283.361572265625
350.9205322265625 254.68174743652344 389.9820251464844 283.3315124511719
29.5733642578125 308.5949401855469 286.296142578125 693.5537109375
307.85076904296875 680.5865478515625 391.5550842285156 764.1847534179688
105.21592712402344 404.8732604980469 210.6479949951172 510.3041687011719
28.772573471069336 255.50296020507812 68.40442657470703 285.6717224121094
307.63671875 306.7112731933594 391.5248107910156 390.01251220703125
307.813720703125 400.19482421875 391.4779357910156 483.70709228515625
232.21031188964844 253.31668090820312 320.7159118652344 285.6552734375
307.8553771972656 587.3751220703125 391.6634216308594 670.4657592773438
16.629596710205078 11.495407104492188 88.4994888305664 37.78162384033203
307.8595275878906 493.7071228027344 391.6952209472656 576.8723754882812
87.77239990234375 251.14817810058594 132.38507080078125 288.26983642578125
