82.17847442626953 355.54046630859375 271.470703125 398.88525390625
346.709228515625 175.66244506835938 430.29620361328125 210.96839904785156
454.5943298339844 175.66998291015625 538.42578125 211.0812225341797
563.0348510742188 270.00927734375 646.5985717773438 305.6369934082031
709.9429931640625 136.76263427734375 748.8063354492188 165.08860778808594
670.9916381835938 222.74502563476562 754.6271362304688 258.3451232910156
346.8229064941406 175.55709838867188 430.302490234375 211.25372314453125
563.0087280273438 175.52586364746094 646.5452270507812 211.3203125
670.8886108398438 317.420654296875 754.8048706054688 352.77783203125
454.6752624511719 175.55418395996094 538.555419921875 211.3693389892578
454.8695983886719 269.8538513183594 538.5177612304688 305.6965026855469
25.776838302612305 178.6192169189453 327.0152893066406 387.87835693359375
346.94903564453125 269.77801513671875 430.4468688964844 305.623046875
346.8861083984375 222.7541046142578 430.458740234375 258.3690490722656
670.92041015625 364.3755798339844 754.6185302734375 400.50714111328125
670.8937377929688 270.1233825683594 754.74365234375 305.2222595214844
563.1107788085938 317.43707275390625 646.6315307617188 352.9398498535156
670.9342041015625 222.81454467773438 754.6591796875 258.17718505859375
653.6127319335938 28.10490608215332 744.148193359375 52.232723236083984
591.6486206054688 135.0127716064453 679.44287109375 167.3031005859375
346.7856750488281 269.9833679199219 430.40594482421875 305.3721618652344
24.842060089111328 136.72744750976562 64.3299789428711 166.28646850585938
9.806737899780273 8.308332443237305 115.2463607788086 58.11701583862305
670.9265747070312 175.2169952392578 754.6890869140625 211.4569854736328
454.72119140625 317.4959716796875 538.634033203125 352.7556457519531
454.7277526855469 223.0404510498047 538.7012329101562 258.15777587890625
454.7662658691406 270.1448669433594 538.572265625 305.4259338378906
670.9336547851562 364.23492431640625 754.5718383789062 400.71783447265625
454.89996337890625 364.5933532714844 538.5618286132812 400.33251953125
709.9215698242188 136.77059936523438 748.9119873046875 165.1785125732422
454.8256530761719 317.34295654296875 538.4490356445312 352.9555358886719
346.700927734375 222.8657684326172 430.3986511230469 258.13214111328125
562.9251708984375 222.8544921875 646.614990234375 258.4110412597656
346.83905029296875 364.5665283203125 430.3726806640625 400.26885986328125
88.79666900634766 136.6104736328125 128.26031494140625 166.08203125
346.6577453613281 317.3597106933594 430.72528076171875 352.7215270996094
562.8702392578125 317.5487976074219 646.723388671875 352.7757263183594
454.837646484375 222.87835693359375 538.5368041992188 258.408447265625
346.6985168457031 364.5525207519531 430.42529296875 400.1822204589844
591.5034790039062 135.14324951171875 679.2462768554688 167.15191650390625
562.9595947265625 364.6272277832031 646.74755859375 400.39288330078125
633.4554443359375 63.782318115234375 742.5634765625 102.88670349121094
26.118438720703125 178.3502197265625 327.6842346191406 344.776123046875
454.7995910644531 364.7333679199219 538.7077026367188 400.2158203125
562.8385009765625 222.98931884765625 646.5419311523438 258.1859130859375
670.9574584960938 317.298095703125 754.7615356445312 352.982177734375
670.9918212890625 269.9905700683594 754.6781616210938 305.362548828125
346.8602294921875 317.170166015625 430.50164794921875 352.8771057128906
670.8482666015625 175.2900848388672 754.7522583007812 211.22703552246094
