114.0823745727539 172.242919921875 235.19998168945312 367.482421875
24.221208572387695 60.63357925415039 64.07955169677734 150.20285034179688
114.14092254638672 412.3003845214844 158.0443878173828 432.57470703125
163.87158203125 412.2960205078125 204.17225646972656 432.78717041015625
314.25689697265625 558.4120483398438 358.4039306640625 578.7575073242188
114.09371948242188 558.30126953125 158.1625213623047 578.3568115234375
88.22798919677734 627.1968383789062 135.58306884765625 641.1065063476562
164.0128173828125 558.3646850585938 204.20384216308594 578.6376342773438
173.6941375732422 696.0403442382812 295.3267822265625 709.484375
288.54071044921875 334.02484130859375 374.6389465332031 447.42327880859375
34.98356628417969 690.1550903320312 70.5645523071289 705.1942138671875
363.7235107421875 412.5190124511719 374.89453125 432.5327453613281
288.7398986816406 479.954345703125 374.6455078125 593.589599609375
120.55867004394531 172.14730834960938 169.51803588867188 244.162109375
363.7085876464844 558.801513671875 374.9202575683594 578.6919555664062
34.38563919067383 626.3060913085938 70.47896575927734 641.39599609375
314.2286071777344 412.365478515625 358.70648193359375 432.7029113769531
34.561622619628906 488.7960205078125 70.64299774169922 504.15185546875
89.15563201904297 480.0022277832031 278.9692687988281 593.4136962890625
23.78304100036621 269.2317810058594 79.74807739257812 291.5076904296875
89.06719970703125 334.0912170410156 278.8934020996094 447.5510559082031
34.61610412597656 342.97271728515625 70.77488708496094 358.35479736328125
281.2888488769531 274.58502197265625 328.375244140625 306.3085021972656
86.00335693359375 183.77488708496094 106.17890930175781 199.7183380126953
276.4514465332031 627.328857421875 308.3383483886719 640.9743041992188
144.4303436279297 627.9269409179688 261.7896728515625 641.3667602539062
79.31571197509766 61.535064697265625 143.43508911132812 76.26689910888672
314.091552734375 495.45745849609375 374.8627014160156 513.4630737304688
120.51403045654297 172.242919921875 169.43865966796875 244.0321807861328
320.93798828125 562.0230102539062 351.9940185546875 574.2831420898438
113.88782501220703 495.3236389160156 235.21311950683594 513.400390625
314.0301513671875 349.1978454589844 374.90081787109375 367.23406982421875
184.87747192382812 183.6396026611328 206.32379150390625 199.4690399169922
323.835693359375 183.9264678955078 344.24456787109375 199.4057159423828
78.97203826904297 78.65955352783203 105.9426040649414 92.79069519042969
149.55784606933594 680.9397583007812 339.4635009765625 709.8912353515625
161.08053588867188 718.8834838867188 212.7865447998047 770.345703125
247.32546997070312 733.2967529296875 269.1034851074219 755.8417358398438
231.5548095703125 183.96670532226562 251.60321044921875 199.9165802001953
276.8756408691406 184.08604431152344 297.6674499511719 199.73895263671875
302.24444580078125 734.0722045898438 323.80078125 755.3037719726562
50.2460823059082 733.7429809570312 71.58203887939453 756.24365234375
114.0823745727539 349.1557312011719 235.19998168945312 367.482421875
39.12495422363281 212.96432495117188 55.50077819824219 226.90032958984375
313.3432922363281 375.4264831542969 374.68902587890625 390.9651794433594
45.09696960449219 60.63357925415039 62.81623458862305 78.68386840820312
281.62786865234375 213.16993713378906 296.52679443359375 226.57009887695312
327.04278564453125 212.93582153320312 342.850341796875 226.54981994628906
24.210390090942383 45.24467086791992 351.2873840332031 95.26591491699219
316.0281066894531 62.59284210205078 330.3333435058594 77.06952667236328
24.221208572387695 129.26991271972656 64.07955169677734 150.20285034179688
29.23076629638672 683.634765625 79.27979278564453 708.5408935546875
189.02000427246094 213.04856872558594 205.26565551757812 226.7914581298828
90.09278869628906 212.70745849609375 106.00868225097656 226.96133422851562
31.798051834106445 184.16909790039062 56.8928337097168 199.80226135253906
21.41097068786621 335.3728942871094 84.13720703125 369.84844970703125
88.6624755859375 680.5459594726562 140.27914428710938 708.4615478515625
24.98893928527832 620.759521484375 77.6689682006836 647.7164916992188
302.00543212890625 494.9855651855469 374.765625 538.9655151367188
272.7918701171875 180.13253784179688 302.78021240234375 204.4618682861328
