1.335489273071289 826.9014892578125 217.25022888183594 1032.5650634765625
3.3776628971099854 532.74560546875 584.099609375 676.1342163085938
481.5753173828125 2200.36083984375 685.4061889648438 2320.266357421875
586.8477783203125 244.7015380859375 1168.0123291015625 387.9771728515625
0.7813208103179932 1094.613525390625 149.9440155029297 1217.7818603515625
44.154239654541016 280.48577880859375 517.0816040039062 485.2707824707031
158.79331970214844 68.02413940429688 1122.5386962890625 213.00437927246094
1.6994315385818481 735.0665893554688 1169.080322265625 1293.76025390625
587.0352783203125 531.9442138671875 1167.8795166015625 676.1410522460938
925.6337280273438 2198.896484375 1022.0958251953125 2319.127685546875
150.98707580566406 2200.999755859375 238.11729431152344 2319.095458984375
2.5145750045776367 245.71322631835938 584.2772216796875 387.33380126953125
35.16377639770508 108.76892852783203 114.06041717529297 170.2564239501953
586.9418334960938 389.15283203125 1168.18701171875 532.0021362304688
0.7259231209754944 1139.640380859375 89.00868225097656 1180.30322265625
2.4644861221313477 389.8770446777344 583.08447265625 532.0908813476562
49.30107879638672 1361.470703125 299.0492858886719 1417.0677490234375
47.16659927368164 1898.5966796875 1121.243408203125 2172.024658203125
