53.218414306640625 1250.283447265625 808.919677734375 1298.732421875
433.19549560546875 394.4753112792969 736.7650756835938 696.4872436523438
613.6991577148438 2160.66064453125 1119.9132080078125 2311.70458984375
851.7267456054688 49.53753662109375 1109.3956298828125 278.9556884765625
482.228515625 8.524621963500977 687.7024536132812 155.35238647460938
432.9544677734375 394.6743469238281 736.72119140625 818.137451171875
118.04386901855469 229.74285888671875 232.7812957763672 277.6371154785156
26.344589233398438 59.695655822753906 65.32814025878906 120.81187438964844
224.5290985107422 1070.3936767578125 410.43841552734375 1120.147216796875
47.57435607910156 1402.9840087890625 1110.8460693359375 2085.1376953125
51.6114387512207 2161.18603515625 557.8733520507812 2312.057861328125
410.1409912109375 225.9612274169922 671.01953125 279.8179931640625
834.1456298828125 1235.973388671875 1117.27880859375 1319.9610595703125
426.239501953125 1069.20458984375 573.1567993164062 1124.5009765625
299.8353576660156 864.3636474609375 869.612548828125 988.2230834960938
