1032.6558837890625 260.13226318359375 1103.3536376953125 387.929931640625
775.6175537109375 45.69506072998047 1106.8560791015625 211.2598114013672
559.7175903320312 2180.510009765625 622.5239868164062 2295.508056640625
294.07757568359375 263.0558166503906 400.9924011230469 388.26995849609375
790.3458251953125 2181.476318359375 859.7754516601562 2295.889404296875
71.47970581054688 507.5 1112.1593017578125 1707.3916015625
73.09688568115234 45.959625244140625 1108.841796875 212.58680725097656
70.37837219238281 268.766357421875 145.46588134765625 390.380859375
1026.381591796875 2179.736328125 1094.7437744140625 2296.09716796875
71.59347534179688 1828.80908203125 1108.1563720703125 2154.3818359375
309.010009765625 2260.137451171875 398.33843994140625 2295.53369140625
1033.7149658203125 259.74249267578125 1102.068115234375 330.9041748046875
82.20635223388672 2178.19873046875 151.56883239746094 2296.461181640625
71.8397216796875 505.73944091796875 1112.953369140625 1491.894775390625
727.8505859375 253.68551635742188 918.53369140625 434.1485290527344
490.8108825683594 255.80575561523438 675.26806640625 434.1837463378906
