20.04650115966797 213.0307159423828 184.47174072265625 428.2268371582031
21.16908073425293 213.0307159423828 86.36091613769531 299.5219421386719
272.1015319824219 211.7224578857422 339.8052062988281 297.6137390136719
104.09269714355469 211.70941162109375 171.72731018066406 298.64532470703125
20.04650115966797 211.70941162109375 184.47174072265625 428.2268371582031
71.96570587158203 211.70941162109375 258.59039306640625 358.2551574707031
132.00796508789062 734.8983154296875 155.58799743652344 773.1669921875
189.48939514160156 213.46951293945312 254.44467163085938 297.84307861328125
71.96570587158203 213.46951293945312 258.59039306640625 358.2551574707031
206.88873291015625 734.4089965820312 252.82974243164062 773.69775390625
20.0721435546875 513.7706909179688 355.68402099609375 773.2429809570312
20.0721435546875 513.7706909179688 355.68402099609375 773.69775390625
20.0721435546875 513.7706909179688 355.68402099609375 773.1669921875
20.0721435546875 513.7706909179688 355.68402099609375 773.48681640625
35.99015808105469 735.6123046875 74.86456298828125 773.2429809570312
35.99015808105469 762.11865234375 74.86456298828125 773.2429809570312
292.83807373046875 453.75250244140625 362.2037658691406 490.0720520019531
19.773534774780273 454.14495849609375 65.96224212646484 489.8930358886719
206.88873291015625 761.8914184570312 252.82974243164062 773.69775390625
197.79872131347656 453.8069152832031 281.282470703125 489.9411926269531
78.00526428222656 453.9742126464844 185.97854614257812 490.07220458984375
65.97106170654297 541.5177001953125 153.2457275390625 555.0870971679688
132.00796508789062 761.9067993164062 155.58799743652344 773.1669921875
272.002197265625 211.41958618164062 339.93426513671875 279.19537353515625
287.00726318359375 284.94805908203125 325.2687683105469 297.6137390136719
103.94194793701172 211.3737030029297 172.106689453125 279.5193176269531
189.01177978515625 213.22488403320312 254.9434814453125 278.59393310546875
303.0703125 761.4905395507812 332.1707458496094 773.48681640625
205.56863403320312 285.34234619140625 237.88706970214844 297.84307861328125
119.64849090576172 285.09124755859375 156.21267700195312 298.64532470703125
21.0784969329834 212.58543395996094 86.63194274902344 278.6813049316406
36.693702697753906 678.02392578125 167.96304321289062 697.3385009765625
20.04650115966797 409.4837646484375 184.47174072265625 428.2268371582031
308.6275634765625 465.94366455078125 343.72467041015625 478.8562316894531
30.073251724243164 284.95379638671875 77.95883178710938 299.5219421386719
20.208242416381836 513.3985595703125 355.57080078125 717.8922729492188
93.88844299316406 464.96893310546875 161.8702392578125 480.2109069824219
32.5666618347168 11.005293846130371 58.44014358520508 25.534067153930664
21.16908073425293 213.0307159423828 86.36091613769531 277.96563720703125
272.1015319824219 211.7224578857422 339.8052062988281 278.60302734375
358.08868408203125 216.81802368164062 374.921875 273.7325439453125
74.12387084960938 129.52748107910156 282.7098693847656 184.6510009765625
104.09269714355469 211.70941162109375 171.72731018066406 278.84954833984375
133.14353942871094 734.8983154296875 155.4340057373047 755.4173583984375
119.79107666015625 797.7689208984375 255.58460998535156 805.3687133789062
189.48939514160156 213.46951293945312 254.44467163085938 277.91265869140625
293.6975402832031 70.57955169677734 312.5025939941406 93.10779571533203
214.08511352539062 465.2782897949219 257.2600402832031 478.80755615234375
20.70523452758789 324.0444641113281 354.86602783203125 375.9825134277344
71.96570587158203 341.26556396484375 258.59039306640625 358.2551574707031
220.11309814453125 734.4089965820312 242.66250610351562 755.8865356445312
20.787731170654297 0.22044219076633453 68.06371307373047 37.45848846435547
336.3273010253906 12.422245979309082 359.1448669433594 24.95706558227539
20.0721435546875 513.7706909179688 355.68402099609375 718.1083984375
36.32633972167969 528.8938598632812 165.32901000976562 566.2584228515625
47.09276580810547 735.3151245117188 67.7008285522461 755.691162109375
19.75855827331543 454.2844543457031 65.97225189208984 489.7466735839844
292.9761047363281 12.349322319030762 311.37799072265625 26.21150016784668
331.3810119628906 70.87568664550781 354.6744079589844 92.61415100097656
21.361331939697266 74.60236358642578 42.27447509765625 89.22171020507812
358.1148681640625 217.01052856445312 374.9166259765625 273.6214599609375
47.157432556152344 735.6123046875 67.55977630615234 755.6221923828125
315.9096984863281 11.853318214416504 330.5926513671875 25.60626792907715
