80.81825256347656 389.0982971191406 185.52403259277344 420.399169921875
10.800420761108398 0.6822091937065125 52.38140869140625 39.26882553100586
29.333152770996094 451.5570373535156 60.024757385253906 497.9737854003906
309.2569274902344 44.92519760131836 361.08642578125 79.90824890136719
233.50694274902344 763.4393920898438 276.1391906738281 796.2709350585938
19.723087310791016 329.48309326171875 43.202518463134766 349.9327087402344
19.56133460998535 682.2548828125 56.531707763671875 729.1605834960938
80.52674865722656 459.0251770019531 232.92425537109375 490.5278015136719
283.3011169433594 16.43498420715332 299.8440246582031 29.153505325317383
19.391592025756836 49.57304763793945 36.45256423950195 68.00304412841797
80.49678802490234 312.72125244140625 124.27967071533203 343.3238525390625
50.401344299316406 771.2938232421875 72.54178619384766 792.6082763671875
202.0648193359375 43.78175354003906 229.35964965820312 75.88750457763672
236.68565368652344 44.24916076660156 303.62115478515625 79.12716674804688
19.476604461669922 162.4401092529297 66.33122253417969 205.6074981689453
80.45907592773438 691.1701049804688 223.7318878173828 721.4382934570312
80.5992431640625 237.27413940429688 169.24258422851562 268.2127380371094
43.47483825683594 304.826904296875 66.41996765136719 328.1932067871094
80.71166229248047 535.51416015625 188.9761962890625 566.7588500976562
20.24527359008789 304.5820007324219 42.82483673095703 327.9468994140625
20.279787063598633 380.01922607421875 66.84819030761719 422.3531799316406
316.6880187988281 16.326324462890625 355.7257385253906 67.92256927490234
308.8009033203125 15.326539039611816 324.5738830566406 29.010150909423828
19.63806915283203 527.741943359375 65.99079895019531 574.2530517578125
112.17037200927734 769.2135009765625 135.46788024902344 792.5802612304688
20.033199310302734 451.2358093261719 66.00320434570312 497.9508972167969
174.562255859375 765.4255981445312 204.12918090820312 796.1748657226562
315.02215576171875 98.67568969726562 354.1988525390625 137.8565216064453
80.38197326660156 614.8578491210938 144.52365112304688 645.7695922851562
19.79827117919922 234.31590270996094 67.36952209472656 274.39892578125
19.753934860229492 606.3630981445312 56.33928680419922 652.9425659179688
20.273853302001953 106.2201919555664 84.75604248046875 127.98368835449219
303.67010498046875 770.531005859375 326.9441833496094 791.7906494140625
80.66549682617188 168.3734588623047 175.1848602294922 199.6199493408203
