19.791576385498047 398.2152099609375 83.74407196044922 428.5600280761719
275.68341064453125 0.4330437481403351 303.8397216796875 34.009910583496094
13.967334747314453 0.5113048553466797 49.76511764526367 33.73979568481445
196.9690399169922 154.87583923339844 354.338623046875 272.58319091796875
174.58352661132812 765.3903198242188 203.9641876220703 796.0050048828125
13.924878120422363 44.69285583496094 41.56317138671875 74.71578216552734
198.52133178710938 636.3529663085938 355.3062744140625 748.8540649414062
112.32205200195312 769.3101806640625 135.4849395751953 792.4789428710938
19.572620391845703 673.4163208007812 87.82716369628906 703.852783203125
49.42879104614258 770.8921508789062 74.14791870117188 793.2347412109375
20.974742889404297 96.43806457519531 105.9485092163086 118.02159118652344
196.53289794921875 280.0650634765625 260.6231994628906 310.0403137207031
174.63916015625 765.5831909179688 203.98423767089844 795.9169921875
198.44374084472656 636.5955200195312 355.3362121582031 791.5796508789062
243.4278564453125 769.6215209960938 265.9082946777344 792.3502807617188
20.139450073242188 454.5603332519531 177.02716064453125 666.4006958007812
276.69830322265625 43.96640396118164 304.79547119140625 75.7791748046875
197.35787963867188 336.3673095703125 354.4365234375 573.5494995117188
19.80922508239746 155.19313049316406 177.2821502685547 390.21221923828125
20.136287689208984 730.6670532226562 177.08718872070312 749.0241088867188
197.6401824951172 579.5547485351562 261.4065856933594 610.7373046875
330.650634765625 4.158808708190918 357.5881042480469 30.467042922973633
308.904052734375 10.602416038513184 324.5733337402344 23.743309020996094
311.89227294921875 44.340389251708984 352.3669738769531 78.17660522460938
