86.50750732421875 614.1185913085938 135.3633270263672 688.8114624023438
86.50750732421875 614.1185913085938 135.3633270263672 708.6749267578125
236.65286254882812 458.2716064453125 288.56982421875 534.2824096679688
238.72947692871094 458.2716064453125 287.3567199707031 554.43896484375
238.72947692871094 458.2716064453125 287.3567199707031 554.32373046875
238.72947692871094 458.2716064453125 287.3567199707031 552.8734130859375
238.6092529296875 302.098388671875 287.43304443359375 376.692626953125
238.6092529296875 302.098388671875 287.43304443359375 397.9920349121094
238.6092529296875 302.098388671875 287.43304443359375 396.9627990722656
238.6092529296875 302.098388671875 287.43304443359375 398.1565246582031
222.5751190185547 614.342529296875 305.38812255859375 694.912109375
84.82591247558594 301.6255187988281 141.15859985351562 376.8729553222656
86.31951141357422 301.6255187988281 135.7413787841797 397.83367919921875
86.31951141357422 301.6255187988281 135.7413787841797 398.18975830078125
86.5612564086914 458.12359619140625 135.30191040039062 532.8489379882812
86.5612564086914 458.12359619140625 135.30191040039062 553.8239135742188
86.5612564086914 458.12359619140625 135.30191040039062 554.3469848632812
122.46112823486328 107.94911193847656 259.8714904785156 250.48394775390625
144.6578826904297 107.94911193847656 234.7274932861328 217.9176788330078
193.87338256835938 281.81500244140625 332.2915954589844 534.2824096679688
193.87338256835938 281.81500244140625 332.2915954589844 554.43896484375
193.87338256835938 281.81500244140625 332.2915954589844 554.32373046875
193.87338256835938 281.81500244140625 332.2915954589844 552.8734130859375
41.831871032714844 281.59039306640625 180.0525360107422 532.8489379882812
41.831871032714844 281.59039306640625 180.0525360107422 553.8239135742188
41.831871032714844 281.59039306640625 180.0525360107422 554.3469848632812
89.78446197509766 674.9937133789062 132.29345703125 688.8114624023438
194.2945556640625 438.00531005859375 331.90045166015625 575.5573120117188
88.68061065673828 518.5885620117188 133.57608032226562 532.8489379882812
247.22584533691406 733.179443359375 269.1033630371094 756.4024658203125
42.0273551940918 281.4761047363281 179.9359893798828 420.0452880859375
42.30536651611328 437.8229064941406 179.7266845703125 575.4439086914062
161.23867797851562 719.2190551757812 212.63462829589844 770.4627075195312
236.65286254882812 518.481201171875 288.56982421875 534.2824096679688
194.11741638183594 281.5065002441406 332.1842956542969 420.0014343261719
315.62115478515625 66.13825988769531 336.5950927734375 87.49275970458984
222.5751190185547 680.431396484375 305.38812255859375 694.912109375
84.82591247558594 362.1128845214844 141.15859985351562 376.8729553222656
194.37332153320312 593.6808471679688 332.3278503417969 707.9628295898438
106.57230377197266 734.7318725585938 125.41416931152344 755.123046875
302.68463134765625 734.6768798828125 323.5540466308594 754.8375854492188
50.181949615478516 733.7245483398438 71.61792755126953 756.3646850585938
41.82839584350586 593.5589599609375 180.1551971435547 708.3939208984375
245.3848876953125 362.3211364746094 279.2967834472656 376.692626953125
86.50750732421875 614.1185913085938 135.3633270263672 663.4353637695312
122.46112823486328 233.52359008789062 259.8714904785156 250.48394775390625
238.72947692871094 458.2716064453125 287.3567199707031 507.1995849609375
93.05066680908203 697.4486083984375 131.01217651367188 708.6749267578125
301.8652038574219 52.916072845458984 349.34234619140625 100.71134185791016
103.38658142089844 384.81866455078125 131.146728515625 397.83367919921875
302.2599792480469 734.1520385742188 323.91168212890625 765.2182006835938
238.6092529296875 302.098388671875 287.43304443359375 351.004638671875
238.77317810058594 614.342529296875 287.3240051269531 663.2984008789062
255.73052978515625 385.093505859375 282.7265930175781 397.9920349121094
86.31951141357422 301.6255187988281 135.7413787841797 351.1194763183594
86.5612564086914 458.12359619140625 135.30191040039062 507.33026123046875
245.38922119140625 541.1168823242188 283.0141296386719 554.43896484375
103.39412689208984 541.2633056640625 130.92376708984375 553.8239135742188
256.2340087890625 541.2268676757812 282.9070129394531 554.32373046875
144.6578826904297 198.5310516357422 234.7274932861328 217.9176788330078
28.629653930664062 710.3859252929688 345.7374267578125 782.796875
143.36521911621094 94.07669830322266 231.98822021484375 179.7879638671875
165.66510009765625 107.94911193847656 209.47598266601562 161.9470672607422
245.25567626953125 542.027099609375 253.8137969970703 552.8734130859375
245.33262634277344 386.0882873535156 253.339599609375 396.9627990722656
245.38327026367188 384.9400939941406 282.8267822265625 398.1565246582031
92.80521392822266 540.842041015625 131.17030334472656 554.3469848632812
193.87338256835938 281.81500244140625 332.2915954589844 419.4485168457031
41.831871032714844 281.59039306640625 180.0525360107422 419.685302734375
93.49005889892578 384.6317138671875 131.22091674804688 398.18975830078125
