77.99532318115234 2145.478515625 217.10540771484375 2278.830078125
964.7175903320312 2143.9453125 1099.8623046875 2278.9169921875
964.7175903320312 2242.38330078125 1099.8623046875 2278.9169921875
216.37657165527344 1855.4295654296875 610.80810546875 1913.7813720703125
214.42709350585938 1404.5694580078125 719.98876953125 1464.4910888671875
215.7877960205078 955.3170166015625 643.919921875 1013.7059326171875
386.5332336425781 2240.9560546875 497.66961669921875 2278.56494140625
216.1532440185547 731.332275390625 625.2379760742188 788.1135864257812
767.2697143554688 1391.5771484375 929.1138305664062 1478.6343994140625
213.8455810546875 1630.9468994140625 821.58154296875 1689.2611083984375
216.46421813964844 2081.802490234375 577.84521484375 2118.63134765625
501.65673828125 414.3583984375 675.2839965820312 474.0588684082031
230.68804931640625 171.6697998046875 944.8201904296875 313.16448974609375
82.6375732421875 948.7615966796875 154.18798828125 1021.3048095703125
88.51692962646484 1173.7020263671875 155.28695678710938 1246.02001953125
77.99532318115234 2241.39013671875 217.10540771484375 2278.830078125
1.8519625663757324 1778.423095703125 1177.2265625 2006.280517578125
707.7488403320312 2240.17333984375 766.29150390625 2276.7900390625
83.51895904541016 722.4402465820312 155.3554229736328 799.273193359375
216.49818420410156 1180.1783447265625 925.7728881835938 1240.26953125
191.0795135498047 366.75018310546875 988.1024780273438 518.768310546875
82.13768768310547 1395.4639892578125 157.91903686523438 1474.0379638671875
2.3044209480285645 1327.8985595703125 1176.225830078125 1553.14404296875
2.582775831222534 1102.0147705078125 1175.802734375 1328.7789306640625
109.50936126708984 2145.478515625 184.1433563232422 2219.03955078125
993.1229248046875 2143.9453125 1067.81201171875 2219.97314453125
231.8704071044922 173.98324584960938 945.1254272460938 233.53135681152344
2.2561779022216797 34.259700775146484 1173.1634521484375 656.4566040039062
