8.590619087219238 173.70314025878906 131.33204650878906 308.4798278808594
120.45748901367188 772.300537109375 608.933837890625 818.2567138671875
484.80029296875 367.5694885253906 744.0077514648438 421.8810729980469
64.62100982666016 2016.4107666015625 198.1077880859375 2068.700927734375
299.51556396484375 173.32249450683594 425.3168029785156 307.2839660644531
365.5587463378906 1314.452880859375 523.0369873046875 1364.473388671875
56.60179901123047 1467.4949951171875 165.31446838378906 1520.8475341796875
701.432373046875 2209.65478515625 783.6036987304688 2257.0390625
581.8131713867188 181.53173828125 716.7568359375 304.33489990234375
568.9509887695312 483.9375305175781 743.3013916015625 568.6519165039062
249.1778564453125 930.851318359375 539.560546875 988.3795776367188
699.609130859375 1806.18505859375 850.4562377929688 1873.68603515625
730.5494995117188 1696.4329833984375 838.2869873046875 1737.7686767578125
50.322513580322266 1138.684814453125 201.3038787841797 1204.1217041015625
966.7955932617188 484.2303161621094 1148.5113525390625 569.079345703125
250.15859985351562 645.1025390625 426.7040100097656 705.3416748046875
354.669677734375 1259.8258056640625 531.1375122070312 1302.673828125
143.10525512695312 173.74566650390625 287.79156494140625 306.9759521484375
48.493560791015625 1279.4298095703125 181.33030700683594 1333.29345703125
698.2840576171875 1623.8572998046875 836.4617919921875 1679.7489013671875
583.1033935546875 1813.0595703125 696.8861694335938 1865.8924560546875
38.07002258300781 903.9788818359375 214.7332000732422 1072.0672607421875
873.6337280273438 367.9662170410156 1133.6357421875 421.22894287109375
767.07275390625 484.091064453125 940.9581298828125 568.4183959960938
441.1287841796875 2208.9306640625 524.01513671875 2257.945556640625
226.08395385742188 1149.7237548828125 537.3799438476562 1191.5279541015625
1004.0064697265625 2207.333251953125 1087.8243408203125 2257.336181640625
24.127120971679688 485.7665710449219 236.3079833984375 568.5911254882812
337.9537048339844 1721.572998046875 547.182373046875 1760.2950439453125
633.4096069335938 2085.416259765625 741.4228515625 2127.86279296875
860.6636962890625 164.36090087890625 1022.693603515625 314.6365966796875
168.75527954101562 1463.688232421875 309.2204895019531 1525.313720703125
308.8748779296875 2075.91796875 495.7619323730469 2140.544921875
48.54924392700195 1695.04541015625 157.0305633544922 1737.1455078125
59.896602630615234 2086.625244140625 169.30010986328125 2128.085205078125
56.461055755615234 1813.0926513671875 165.05923461914062 1865.719482421875
241.5475616455078 1937.240234375 386.1214294433594 1982.701171875
142.90415954589844 173.99118041992188 287.8546447753906 306.52862548828125
338.31988525390625 1376.34228515625 546.347412109375 1414.974365234375
583.5318603515625 1468.5135498046875 696.6952514648438 1521.767333984375
601.3982543945312 2014.390869140625 734.3817138671875 2067.6708984375
62.932037353515625 1937.4339599609375 232.86940002441406 1982.8609619140625
262.6763610839844 485.0468444824219 545.808349609375 568.3186645507812
699.8765258789062 1464.2386474609375 829.566650390625 1526.7642822265625
727.032958984375 177.73077392578125 852.8671875 310.2526550292969
250.33786010742188 1002.9298706054688 645.3436889648438 1046.687744140625
432.0792236328125 178.69735717773438 573.2584228515625 304.8430480957031
49.01789474487305 1349.387451171875 156.17886352539062 1390.4400634765625
72.75614929199219 644.6630249023438 249.4766082763672 704.6829833984375
559.86962890625 1147.8916015625 824.9454956054688 1192.651123046875
400.8034973144531 55.91445541381836 540.5029296875 109.61742401123047
93.3017578125 2207.6630859375 264.0085754394531 2258.45703125
375.2947998046875 1818.0252685546875 466.1055603027344 1860.4296875
1036.9100341796875 159.70321655273438 1165.5277099609375 320.52203369140625
730.310546875 1349.82177734375 837.7258911132812 1390.996826171875
388.0671691894531 1606.369384765625 496.90826416015625 1647.58837890625
366.45953369140625 1659.6851806640625 522.4814453125 1709.4744873046875
963.3650512695312 754.8779296875 1109.311279296875 838.8984375
874.7206420898438 2083.69775390625 1104.0706787109375 2123.727783203125
173.98831176757812 1818.5413818359375 284.38275146484375 1859.372314453125
52.75735855102539 1623.6849365234375 187.8627166748047 1678.7425537109375
