238.12879943847656 127.74018096923828 275.8415832519531 141.4438934326172
170.5999298095703 127.7975845336914 218.23204040527344 141.38381958007812
296.62579345703125 127.80176544189453 331.7017822265625 141.25958251953125
29.345579147338867 422.15252685546875 145.66595458984375 443.94415283203125
122.2303695678711 368.2633972167969 137.10061645507812 380.74713134765625
44.63339614868164 156.10255432128906 122.33313751220703 172.62623596191406
146.5050506591797 495.6900634765625 235.06546020507812 517.5840454101562
44.81568145751953 120.52850341796875 111.77875518798828 142.07899475097656
159.45037841796875 367.975830078125 177.6271514892578 381.0238037109375
197.5939178466797 368.1126403808594 212.2062225341797 381.0334167480469
155.74774169921875 47.086402893066406 219.2430419921875 66.5793685913086
83.43370819091797 368.1134338378906 101.40066528320312 381.13604736328125
302.3780822753906 734.2269897460938 323.80401611328125 755.4974365234375
235.123046875 368.3766174316406 247.3943328857422 380.89178466796875
265.1806945800781 363.12152099609375 291.58953857421875 388.3295593261719
50.09677505493164 733.8482055664062 71.6165542602539 756.31201171875
106.44866180419922 734.6492919921875 125.5901107788086 755.1176147460938
161.01084899902344 719.014404296875 212.94334411621094 770.5131225585938
118.1744384765625 363.32318115234375 141.24240112304688 385.3458557128906
50.11455535888672 198.60951232910156 64.03179931640625 210.9384765625
49.233699798583984 301.1867980957031 64.12045288085938 313.9537353515625
228.31884765625 362.713623046875 254.24314880371094 388.1154479980469
49.38869857788086 233.06776428222656 63.84962844848633 245.677001953125
271.4662170410156 368.4555969238281 286.0462951660156 381.10760498046875
49.365943908691406 335.171142578125 63.812435150146484 348.07086181640625
79.55532836914062 363.1217041015625 105.31707000732422 386.1337585449219
309.3743591308594 368.49566650390625 323.83270263671875 380.885498046875
235.11087036132812 122.17134857177734 278.8587646484375 147.71875
46.66926956176758 229.4045867919922 67.39559173583984 249.6234130859375
46.39344024658203 297.10626220703125 67.88617706298828 317.9306945800781
