66.23760986328125 1448.254150390625 382.6797790527344 1846.43115234375
66.23760986328125 1448.254150390625 382.6797790527344 1847.6839599609375
66.23760986328125 1448.254150390625 382.6797790527344 1846.7867431640625
66.23760986328125 1448.254150390625 382.6797790527344 1916.6082763671875
765.5935668945312 1449.2384033203125 1088.2325439453125 1847.59619140625
765.5935668945312 1449.2384033203125 1088.2325439453125 1915.99462890625
411.292236328125 1446.3896484375 739.9313354492188 1848.0919189453125
411.292236328125 1446.3896484375 739.9313354492188 1845.1798095703125
411.292236328125 1446.3896484375 739.9313354492188 1915.244384765625
411.292236328125 1446.3896484375 739.9313354492188 1849.344482421875
20.020362854003906 1039.0283203125 1151.369873046875 1404.0101318359375
20.020362854003906 1039.0283203125 1151.369873046875 1413.4281005859375
269.35931396484375 2079.7998046875 442.0118408203125 2170.0361328125
463.83392333984375 2079.620849609375 635.8070068359375 2170.220947265625
38.13509750366211 2080.133544921875 249.14962768554688 2170.56884765625
215.54684448242188 1865.858642578125 364.3626708984375 1920.3294677734375
567.8634033203125 1865.5877685546875 710.3729858398438 1920.1650390625
594.8408813476562 2203.77978515625 1120.6787109375 2424.615234375
918.5267333984375 1866.4677734375 1051.4661865234375 1919.8408203125
410.637451171875 1445.8531494140625 740.7550659179688 1780.1893310546875
690.1367797851562 2319.73388671875 840.7487182617188 2385.864013671875
49.52119827270508 2205.0380859375 572.4198608398438 2424.3037109375
169.5714569091797 1797.88720703125 342.1324462890625 1846.43115234375
384.4054870605469 872.3593139648438 577.4728393554688 933.6640014648438
810.4290161132812 1796.6541748046875 1042.0528564453125 1847.59619140625
703.6124267578125 873.0387573242188 915.1588134765625 934.1493530273438
562.5126953125 1989.9981689453125 760.177001953125 2044.4964599609375
384.4920654296875 646.153564453125 668.9370727539062 931.7970581054688
1019.854736328125 529.3283081054688 1146.7423095703125 651.5439453125
702.4805297851562 643.88916015625 986.88916015625 933.0524291992188
63.00886154174805 2099.61669921875 221.66043090820312 2150.01806640625
379.6641845703125 527.2997436523438 673.7801513671875 935.1107788085938
62.59305953979492 1446.34716796875 389.7034606933594 1775.2421875
923.8060302734375 1359.16015625 1072.034912109375 1404.0101318359375
110.73311614990234 1797.07373046875 342.4223327636719 1847.6839599609375
698.3829345703125 526.8633422851562 991.6800537109375 935.5992431640625
408.4366455078125 2283.3466796875 469.8147888183594 2424.27490234375
39.791831970214844 1987.7498779296875 250.03726196289062 2047.8778076171875
1021.6405639648438 646.2196044921875 1147.107177734375 932.1278076171875
417.359619140625 1797.247314453125 651.6380004882812 1848.0919189453125
694.4393920898438 1798.818115234375 735.5253295898438 1845.1798095703125
1018.5118408203125 527.6636962890625 1148.73486328125 934.9075927734375
762.8319091796875 1447.2293701171875 1090.4071044921875 1776.2244873046875
62.29747009277344 1356.6678466796875 266.9586181640625 1413.4281005859375
717.3399658203125 584.5358276367188 898.0049438476562 632.0450439453125
77.0113525390625 545.8755493164062 263.26824951171875 633.3590087890625
307.2277526855469 445.07208251953125 507.89617919921875 493.61328125
81.72845458984375 308.5771789550781 609.975830078125 359.84698486328125
66.23760986328125 1448.254150390625 382.6797790527344 1772.2161865234375
69.31537628173828 874.3023071289062 327.5321350097656 933.463623046875
61.48684310913086 439.4610290527344 261.5577697753906 498.4267883300781
111.55096435546875 1798.7642822265625 153.63235473632812 1846.7867431640625
379.438720703125 528.541015625 672.891357421875 655.9005737304688
443.51580810546875 1874.3935546875 554.341064453125 1915.244384765625
307.07440185546875 1990.3360595703125 503.6441955566406 2045.392822265625
550.5264282226562 80.51846313476562 748.1357421875 137.22457885742188
49.620609283447266 2205.850341796875 573.364501953125 2424.347412109375
699.893310546875 528.124267578125 990.3049926757812 651.6088256835938
79.3523178100586 585.216552734375 262.93170166015625 632.349365234375
399.1943359375 585.1680297851562 575.1845703125 632.2406616210938
269.2110595703125 1087.887451171875 948.8260498046875 1160.321044921875
83.98934936523438 880.0433959960938 265.1786804199219 925.9739990234375
800.6973876953125 1874.58154296875 903.9605712890625 1915.99462890625
302.6854248046875 79.1163101196289 496.7032165527344 135.72984313964844
1032.9412841796875 545.8412475585938 1142.9779052734375 582.6434936523438
65.58757019042969 646.5250854492188 201.086181640625 841.5599975585938
63.15904235839844 529.8673095703125 353.73187255859375 645.516357421875
765.5935668945312 1449.2384033203125 1088.2325439453125 1773.8861083984375
411.292236328125 1446.3896484375 739.9313354492188 1777.989013671875
25.061298370361328 1041.0931396484375 1150.3980712890625 1264.86962890625
1035.2303466796875 586.3253784179688 1145.170166015625 631.2842407226562
90.38340759277344 1874.1552734375 203.35568237304688 1916.6082763671875
594.8084716796875 2203.38427734375 1119.9012451171875 2427.867919921875
69.86257934570312 844.153564453125 191.0447998046875 875.81494140625
283.6075134277344 1976.1536865234375 525.733642578125 2060.002685546875
60.52606201171875 526.6945190429688 355.9649658203125 935.6792602539062
20.020362854003906 1039.0283203125 1151.369873046875 1260.67236328125
416.5188903808594 1796.908447265625 735.3878173828125 1849.344482421875
