602.6821899414062 1067.5687255859375 1122.544189453125 1266.703857421875
858.8375244140625 399.2539367675781 1006.5232543945312 464.0550231933594
474.2422180175781 514.3570556640625 692.8161010742188 792.8243408203125
115.72261810302734 2161.986572265625 178.13201904296875 2276.02099609375
48.16171646118164 834.68359375 570.1434326171875 1270.07568359375
50.64714431762695 156.15467834472656 510.1986389160156 200.14859008789062
1027.1461181640625 398.81787109375 1142.3138427734375 463.5772399902344
602.4288940429688 834.7959594726562 1122.4598388671875 1031.5220947265625
845.8399047851562 514.3792114257812 1089.0172119140625 792.7540893554688
53.477943420410156 1305.4322509765625 1120.18115234375 1549.5615234375
91.32453155517578 514.5105590820312 309.2607727050781 791.4266967773438
486.31329345703125 398.52978515625 602.2316284179688 463.8272399902344
393.1613464355469 2165.439697265625 483.92608642578125 2274.97998046875
49.540985107421875 1591.7196044921875 1121.542236328125 1835.19580078125
991.58740234375 2162.117431640625 1053.668212890625 2276.022705078125
50.01847839355469 1869.88525390625 1119.3172607421875 2133.71923828125
621.26171875 398.82440185546875 838.7128295898438 463.6000671386719
49.012821197509766 399.1707763671875 266.1470031738281 463.7227478027344
1053.8565673828125 79.20590209960938 1118.2652587890625 130.42367553710938
52.35245132446289 76.0372314453125 311.1825866699219 145.6475830078125
49.80804443359375 243.4428253173828 1123.0810546875 363.8604431152344
285.98797607421875 398.4065856933594 466.6553039550781 463.4477844238281
669.7979125976562 2157.894775390625 791.126953125 2275.583740234375
