924.2719116210938 1185.8280029296875 1070.1676025390625 1228.979736328125
52.57074737548828 1108.9661865234375 216.11318969726562 1170.150634765625
604.3863525390625 532.7684326171875 1121.208251953125 777.097900390625
50.74311828613281 100.66832733154297 338.4978332519531 224.33692932128906
604.3768310546875 813.830810546875 1121.343505859375 1059.3621826171875
369.2319641113281 180.03057861328125 661.5684204101562 224.3939971923828
51.150543212890625 1184.26806640625 330.4139404296875 1228.317626953125
50.395790100097656 1267.11669921875 1123.549560546875 1772.4019775390625
49.754852294921875 534.47802734375 566.5511474609375 777.441650390625
2.120889663696289 2164.103515625 1167.92529296875 2337.364990234375
51.50249099731445 1975.6685791015625 1121.72314453125 2155.609619140625
48.52329635620117 97.08704376220703 313.3322448730469 169.5261993408203
51.70851135253906 432.36865234375 272.4834289550781 495.19158935546875
48.99440002441406 814.9212646484375 566.7611694335938 1059.8028564453125
1054.1790771484375 98.67716979980469 1118.1566162109375 150.26724243164062
52.92432403564453 1821.439453125 214.18719482421875 1880.227783203125
924.2201538085938 1896.5350341796875 1069.888427734375 1940.11767578125
51.786190032958984 1895.562255859375 311.5873718261719 1939.3358154296875
49.793365478515625 263.0075988769531 1121.1685791015625 383.4338073730469
