997.2294921875 524.2086181640625 1380.5074462890625 616.1795654296875
57.86162185668945 537.9345092773438 118.00247955322266 601.6511840820312
195.62551879882812 47.863006591796875 661.9082641601562 260.5674133300781
1044.7047119140625 2892.15625 1113.1365966796875 3019.40869140625
674.1340942382812 25.752155303955078 764.5244140625 116.06598663330078
279.77685546875 1577.5291748046875 1159.3011474609375 1955.7801513671875
1311.418701171875 46.222007751464844 1343.625 96.08299255371094
299.13397216796875 2898.66796875 421.27484130859375 3021.4755859375
1195.5562744140625 187.95651245117188 1247.7156982421875 253.41598510742188
68.96126556396484 185.07896423339844 857.5834350585938 412.80377197265625
106.92630767822266 46.196739196777344 201.2691192626953 96.63412475585938
153.83010864257812 541.4326782226562 602.69482421875 605.5527954101562
