88.22798919677734 627.1968383789062 135.58306884765625 641.1065063476562
24.210390090942383 45.24467086791992 351.2873840332031 95.26591491699219
231.5548095703125 183.96670532226562 251.60321044921875 199.9165802001953
247.32546997070312 733.2967529296875 269.1034851074219 755.8417358398438
149.55784606933594 680.9397583007812 339.4635009765625 709.8912353515625
323.835693359375 183.9264678955078 344.24456787109375 199.4057159423828
23.78304100036621 269.2317810058594 79.74807739257812 291.5076904296875
34.561622619628906 488.7960205078125 70.64299774169922 504.15185546875
24.221208572387695 60.63357925415039 64.07955169677734 150.20285034179688
302.24444580078125 734.0722045898438 323.80078125 755.3037719726562
288.7398986816406 479.954345703125 374.6455078125 593.589599609375
39.12495422363281 212.96432495117188 55.50077819824219 226.90032958984375
50.2460823059082 733.7429809570312 71.58203887939453 756.24365234375
21.41097068786621 335.3728942871094 84.13720703125 369.84844970703125
314.0301513671875 349.1978454589844 374.90081787109375 367.23406982421875
114.0823745727539 172.242919921875 235.19998168945312 367.482421875
31.798051834106445 184.16909790039062 56.8928337097168 199.80226135253906
120.55867004394531 172.14730834960938 169.51803588867188 244.162109375
302.00543212890625 494.9855651855469 374.765625 538.9655151367188
24.98893928527832 620.759521484375 77.6689682006836 647.7164916992188
272.7918701171875 180.13253784179688 302.78021240234375 204.4618682861328
281.2888488769531 274.58502197265625 328.375244140625 306.3085021972656
288.54071044921875 334.02484130859375 374.6389465332031 447.42327880859375
276.4514465332031 627.328857421875 308.3383483886719 640.9743041992188
363.7085876464844 558.801513671875 374.9202575683594 578.6919555664062
313.3432922363281 375.4264831542969 374.68902587890625 390.9651794433594
89.15563201904297 480.0022277832031 278.9692687988281 593.4136962890625
314.091552734375 495.45745849609375 374.8627014160156 513.4630737304688
88.6624755859375 680.5459594726562 140.27914428710938 708.4615478515625
327.04278564453125 212.93582153320312 342.850341796875 226.54981994628906
161.08053588867188 718.8834838867188 212.7865447998047 770.345703125
144.4303436279297 627.9269409179688 261.7896728515625 641.3667602539062
363.7235107421875 412.5190124511719 374.89453125 432.5327453613281
281.62786865234375 213.16993713378906 296.52679443359375 226.57009887695312
90.09278869628906 212.70745849609375 106.00868225097656 226.96133422851562
29.23076629638672 683.634765625 79.27979278564453 708.5408935546875
89.06719970703125 334.0912170410156 278.8934020996094 447.5510559082031
86.00335693359375 183.77488708496094 106.17890930175781 199.7183380126953
