474.0238037109375 1420.968017578125 506.0940856933594 1444.4617919921875
675.268310546875 135.18527221679688 713.302001953125 173.52606201171875
41.09261703491211 1387.0509033203125 130.70689392089844 1479.0203857421875
37.86613082885742 842.2597045898438 354.6197814941406 1261.8853759765625
260.0562744140625 779.152587890625 352.74371337890625 805.6702880859375
399.1166687011719 388.89996337890625 712.6141357421875 804.32421875
374.3125 253.37229919433594 501.1396789550781 316.0645446777344
399.16070556640625 388.46771240234375 713.1136474609375 702.26416015625
630.5935668945312 1421.5167236328125 662.178466796875 1444.8134765625
676.056640625 268.03533935546875 749.2548217773438 298.5537109375
658.9573974609375 250.75711059570312 749.2361450195312 325.0365905761719
343.3182373046875 1518.215087890625 404.4112854003906 1597.7906494140625
519.5350952148438 249.451171875 646.4927368164062 318.61907958984375
399.4239196777344 841.709716796875 715.23193359375 1157.9635009765625
116.52593231201172 1573.9222412109375 174.07496643066406 1596.0863037109375
6.130199909210205 0.9514723420143127 114.05573272705078 78.47035217285156
39.53179168701172 1296.2265625 352.21356201171875 1378.5313720703125
633.7113037109375 25.81073570251465 663.7111206054688 51.81290817260742
27.638364791870117 251.6243133544922 190.20835876464844 319.7875061035156
38.686832427978516 841.292724609375 352.9793395996094 1157.8138427734375
38.53504943847656 389.1213684082031 352.84600830078125 703.6175537109375
619.6438598632812 778.4147338867188 713.6595458984375 805.9698486328125
399.2037048339844 1297.322998046875 712.5717163085938 1378.6600341796875
593.5894165039062 25.748464584350586 624.4413452148438 54.17610168457031
399.46246337890625 842.2106323242188 714.9136962890625 1260.2491455078125
675.3125 27.837844848632812 717.6344604492188 50.05074691772461
305.1048889160156 113.85926818847656 445.4168395996094 200.5063934326172
564.7717895507812 1572.958251953125 645.1390991210938 1597.953857421875
38.589900970458984 390.03289794921875 352.6649475097656 883.2747192382812
39.95098876953125 1296.24462890625 351.9307556152344 1378.685302734375
399.3182373046875 1188.4019775390625 469.6417541503906 1213.5462646484375
203.38851928710938 250.3788604736328 348.5565490722656 320.1106872558594
399.5971984863281 1296.6376953125 712.2739868164062 1378.6336669921875
