47.757484436035156 448.9937438964844 967.68359375 664.6000366210938
47.757484436035156 441.27978515625 967.68359375 664.6000366210938
47.757484436035156 447.9075622558594 967.68359375 664.6000366210938
47.757484436035156 614.8189697265625 967.68359375 664.6000366210938
46.92597961425781 296.5130615234375 305.2903747558594 353.6248474121094
493.3389892578125 58.47895050048828 679.0576171875 115.86444854736328
1064.56640625 52.13762664794922 1111.107421875 113.33617401123047
1039.798095703125 449.43231201171875 1086.1734619140625 499.4078674316406
835.02392578125 431.3316345214844 904.9694213867188 518.6651611328125
647.8603515625 448.9937438964844 712.5179443359375 497.0576477050781
613.2055053710938 420.8309020996094 743.4920654296875 525.8766479492188
632.7123413085938 430.05377197265625 727.078369140625 518.7428588867188
814.5886840820312 417.7261962890625 922.7816772460938 528.2440185546875
844.3976440429688 441.27978515625 896.1618041992188 507.3551025390625
467.7161865234375 19.883712768554688 702.9906616210938 151.07310485839844
245.15518188476562 435.3712463378906 348.7383728027344 513.8104248046875
1027.5098876953125 435.8081970214844 1098.528564453125 517.2811889648438
26.282543182373047 53.889671325683594 65.06952667236328 115.89604949951172
462.9783630371094 447.9075622558594 514.344970703125 500.395263671875
