171.60848999023438 759.0054931640625 202.26861572265625 799.0203857421875
58.21571350097656 787.1162719726562 86.9708480834961 798.0247192382812
171.60848999023438 786.8583984375 202.26861572265625 799.0203857421875
282.34515380859375 786.6027221679688 322.7423095703125 799.017333984375
267.77099609375 133.9084014892578 313.697998046875 149.48544311523438
80.91024017333984 607.4862060546875 263.3648986816406 622.5922241210938
81.05752563476562 548.9765014648438 240.17527770996094 564.0601806640625
19.105762481689453 132.57424926757812 87.13860321044922 156.01805114746094
191.58140563964844 133.17137145996094 244.69834899902344 149.3951416015625
110.47346496582031 133.33084106445312 168.81280517578125 150.12901306152344
176.43658447265625 759.0054931640625 197.46630859375 781.9595947265625
81.63858795166016 254.0369110107422 141.10989379882812 268.64227294921875
316.6871032714844 12.37881851196289 332.1932067871094 26.066492080688477
81.06471252441406 490.07196044921875 179.65036010742188 504.2903137207031
19.243350982666016 371.2949523925781 66.01303100585938 417.42083740234375
81.6084976196289 449.4893798828125 118.02339172363281 460.28912353515625
81.70807647705078 332.315185546875 123.90583801269531 343.7957458496094
81.74272155761719 314.0506896972656 153.91262817382812 327.5809020996094
81.0636978149414 666.2356567382812 167.75828552246094 681.3660278320312
19.638973236083984 548.7716064453125 66.74757385253906 594.6882934570312
337.8539123535156 133.8775177001953 374.7843017578125 149.42230224609375
20.17115592956543 194.59307861328125 65.8262710571289 240.51522827148438
121.01144409179688 508.5860595703125 161.78427124023438 519.771240234375
120.81748962402344 449.7565002441406 161.72647094726562 460.4523620605469
19.734498977661133 253.4453582763672 66.36323547363281 299.7889099121094
107.50709533691406 273.21356201171875 131.2097930908203 283.4414978027344
81.45340728759766 213.45338439941406 118.28266906738281 224.88638305664062
80.82807922363281 626.8258056640625 108.60070037841797 638.3546752929688
81.41271209716797 371.738525390625 215.77940368652344 387.46820068359375
296.5838317871094 12.845667839050293 312.7599182128906 26.933897018432617
19.53891372680664 489.7026672363281 65.84195709228516 535.8257446289062
20.02897071838379 312.40411376953125 65.8193130493164 359.0810852050781
81.38951110839844 508.22332763671875 118.19200897216797 519.5886840820312
337.5050964355469 67.22962951660156 356.517578125 86.87425231933594
20.00777816772461 430.18017578125 66.24979400634766 476.5449523925781
17.37946891784668 66.11131286621094 47.72749710083008 89.10970306396484
120.9854507446289 213.6781005859375 161.8777618408203 225.0182647705078
162.4347686767578 68.50858306884766 212.1168670654297 87.81236267089844
13.795814514160156 11.802854537963867 46.745567321777344 25.84210777282715
259.90570068359375 123.7380599975586 321.997314453125 161.00833129882812
20.005067825317383 312.5824890136719 65.66016387939453 358.77490234375
363.8174743652344 690.6746215820312 370.94830322265625 699.4058837890625
102.88477325439453 126.43357849121094 174.1253204345703 159.93670654296875
237.00941467285156 710.6590576171875 252.9104461669922 722.100830078125
184.80323791503906 125.19925689697266 251.145263671875 160.83551025390625
315.3891296386719 710.8916625976562 331.10400390625 722.2781372070312
20.465322494506836 666.4754028320312 66.21134948730469 689.5008544921875
19.81496238708496 607.7506103515625 65.62349700927734 653.7584838867188
81.67453002929688 195.1568145751953 110.513671875 208.50770568847656
81.63269805908203 272.5891418457031 105.49236297607422 283.5711364746094
20.33846664428711 693.5523071289062 65.3846206665039 739.6580810546875
20.16750144958496 133.4931640625 85.44107818603516 151.33934020996094
15.200080871582031 126.94793701171875 90.2794418334961 157.98309326171875
81.39437103271484 213.2200164794922 161.99942016601562 225.2164764404297
4.261083126068115 0.4031906723976135 56.52680587768555 39.0731086730957
81.46381378173828 390.7908020019531 147.55795288085938 402.2358093261719
81.69464111328125 272.6617736816406 131.3791961669922 283.8719482421875
337.3822021484375 13.812390327453613 358.700439453125 25.140188217163086
328.59259033203125 124.68395233154297 374.6998596191406 162.52659606933594
81.61823272705078 195.08824157714844 143.1812744140625 209.05935668945312
81.59514617919922 431.5469970703125 145.71250915527344 446.5260009765625
81.27865600585938 567.1204833984375 161.7425079345703 579.072509765625
81.4496841430664 449.29632568359375 161.8369598388672 460.7677307128906
