51.2981071472168 51.27676773071289 311.811279296875 120.2840347290039
73.21888732910156 1669.3900146484375 308.7384338378906 1903.7513427734375
286.276611328125 1966.182373046875 884.2933959960938 2082.9033203125
60.998043060302734 211.4446563720703 443.458984375 311.10430908203125
434.2249450683594 510.779296875 799.978271484375 556.8107299804688
351.6404113769531 350.13629150390625 494.9562683105469 393.7513732910156
75.27542114257812 592.1043701171875 1098.020263671875 836.6484985351562
75.06788635253906 1138.917236328125 1098.8199462890625 1384.821044921875
337.10797119140625 1669.4520263671875 571.7013549804688 1903.494140625
880.298583984375 40.45627212524414 1118.7022705078125 132.61083984375
254.49758911132812 2165.271484375 985.78564453125 2309.9912109375
61.70436477661133 351.52410888671875 103.9480209350586 394.3246765136719
520.3611450195312 328.0395202636719 752.0632934570312 412.799560546875
596.470703125 1669.7838134765625 832.5157470703125 1903.6265869140625
72.91716766357422 1412.3238525390625 309.099609375 1645.962646484375
104.64263153076172 339.3623046875 277.3730773925781 409.40997314453125
336.681640625 1412.3670654296875 571.7958984375 1646.0311279296875
369.0281066894531 504.7724914550781 426.2434997558594 562.5091552734375
598.857177734375 1412.41162109375 832.7991943359375 1645.6204833984375
112.06442260742188 2166.8876953125 180.52627563476562 2244.908935546875
76.09351348876953 861.7479248046875 1099.118896484375 1112.7093505859375
858.5333251953125 1412.18310546875 1094.1021728515625 1646.3162841796875
