61.60191345214844 1322.5621337890625 672.1947631835938 1440.4967041015625
619.1829223632812 633.2962646484375 688.9397583007812 705.1337890625
62.68534851074219 1445.533447265625 688.38232421875 1561.14697265625
64.80487060546875 1248.8817138671875 433.825927734375 1295.0555419921875
59.75192642211914 875.0570068359375 677.3099975585938 1205.8465576171875
64.57377624511719 803.889404296875 450.4063415527344 850.2861938476562
63.38739013671875 643.4594116210938 185.50872802734375 683.5065307617188
245.8656005859375 645.51220703125 401.843994140625 683.82080078125
266.49603271484375 1483.9228515625 483.1088562011719 1529.274658203125
619.6915893554688 634.2867431640625 688.4990844726562 704.114501953125
62.00825881958008 699.946044921875 110.39319610595703 712.3540649414062
61.44026565551758 414.8417663574219 672.670654296875 535.6029052734375
64.81493377685547 487.27301025390625 671.8272094726562 533.2054443359375
62.77430725097656 100.18438720703125 87.3006591796875 139.33944702148438
602.2962036132812 613.3325805664062 707.2454833984375 723.9913330078125
229.4093780517578 628.0169067382812 419.6574401855469 705.4258422851562
53.7090950012207 624.0935668945312 202.35992431640625 712.2677001953125
