92.89437866210938 1149.018798828125 158.2127227783203 1220.123046875
299.0705261230469 47.53716278076172 337.3616943359375 96.67886352539062
90.00839233398438 2268.268798828125 160.80868530273438 2338.239013671875
84.58264923095703 771.9367065429688 222.9290771484375 1032.2490234375
659.807861328125 2821.731201171875 777.1478881835938 3001.19873046875
92.0999526977539 1896.7091064453125 158.50608825683594 1970.7237548828125
223.83596801757812 1157.7315673828125 396.6863098144531 1219.7236328125
631.3732299804688 26.48546028137207 834.6488647460938 277.955322265625
224.4737091064453 1529.1103515625 515.2212524414062 1587.604248046875
95.9894790649414 586.3961791992188 155.505859375 660.7781372070312
224.7126007080078 2089.697021484375 523.7842407226562 2150.232177734375
2.873568534851074 2830.287841796875 1437.652587890625 3038.69970703125
107.0138931274414 45.233482360839844 265.06884765625 98.16703033447266
84.25343322753906 1520.147705078125 308.5172424316406 1781.0089111328125
1228.7413330078125 601.4719848632812 1355.7138671875 652.5538330078125
223.2638397216797 2464.866455078125 386.59527587890625 2521.475830078125
224.90867614746094 2651.05078125 429.6002197265625 2707.56982421875
224.15452575683594 1342.61279296875 718.8590698242188 1408.9412841796875
224.02764892578125 595.8397827148438 655.6856689453125 655.7221069335938
68.73693084716797 205.6681365966797 111.59494018554688 276.08721923828125
83.97308349609375 425.1136474609375 261.11639404296875 471.3810729980469
3.3650779724121094 719.71875 1436.7142333984375 902.145751953125
223.49903869628906 1906.88818359375 483.7142028808594 1968.97265625
93.66130828857422 2641.439697265625 158.26898193359375 2711.127197265625
1166.8221435546875 46.817344665527344 1231.351806640625 96.83041381835938
223.91737365722656 2279.06689453125 387.2784118652344 2336.01220703125
90.23724365234375 1333.9964599609375 160.36761474609375 1407.154052734375
