309.9625549316406 212.73568725585938 447.51611328125 359.531005859375
73.25314331054688 213.51303100585938 173.62242126464844 359.08740234375
549.1019897460938 212.0161590576172 714.5201416015625 357.4730529785156
549.1019897460938 321.2798156738281 714.5201416015625 357.4730529785156
73.25314331054688 317.0180969238281 173.62242126464844 359.08740234375
249.78175354003906 169.01930236816406 504.2333068847656 372.16754150390625
155.69590759277344 1080.0579833984375 1016.1865844726562 1157.552734375
342.5765686035156 212.73568725585938 417.9366455078125 289.1271667480469
91.83487701416016 213.51303100585938 164.0107879638672 288.095458984375
504.9577331542969 167.73095703125 757.4624633789062 371.97406005859375
600.7542724609375 212.0161590576172 665.169189453125 290.1339416503906
449.4250793457031 2093.378662109375 717.1100463867188 2155.123779296875
69.34676361083984 1244.5225830078125 1099.237060546875 1369.4776611328125
473.26202392578125 66.12398529052734 696.30224609375 130.57994079589844
4.09203577041626 168.83233642578125 250.03530883789062 381.9261169433594
759.25927734375 168.74673461914062 1168.4117431640625 370.51507568359375
309.9625549316406 317.41680908203125 447.51611328125 359.531005859375
451.62554931640625 5.888250827789307 745.8486328125 167.6883544921875
70.50444030761719 1247.3035888671875 1099.7998046875 1313.7012939453125
