646.03955078125 2970.97509765625 764.1420288085938 3009.068115234375
483.4586181640625 347.63555908203125 648.4249267578125 491.6413879394531
290.3031921386719 350.4328308105469 460.1607666015625 487.9281921386719
674.3348999023438 27.400087356567383 763.75537109375 116.6426010131836
1179.240478515625 550.081787109375 1327.5311279296875 704.8965454101562
102.42157745361328 2973.847900390625 167.0806884765625 3015.498291015625
107.49931335449219 46.37071990966797 202.8207550048828 96.60279083251953
100.14655303955078 1942.9481201171875 195.67938232421875 2039.775634765625
51.352500915527344 1388.1529541015625 1253.94091796875 1589.024169921875
36.069766998291016 659.8348388671875 510.7534484863281 708.6744995117188
842.3408203125 346.152099609375 1118.1795654296875 493.9235534667969
595.7794189453125 1812.411376953125 656.7785034179688 1876.1282958984375
408.8241882324219 1959.58154296875 491.0579833984375 2021.2598876953125
355.2576904296875 2973.46630859375 451.05535888671875 3014.185546875
1270.525634765625 2973.04736328125 1333.6463623046875 3014.11669921875
204.20509338378906 48.137184143066406 495.9884338378906 286.5523376464844
33.73128890991211 1717.0068359375 402.6154479980469 1774.8878173828125
1272.7801513671875 1925.065673828125 1428.626220703125 1976.4188232421875
984.0361328125 2972.4208984375 1050.0672607421875 3014.719970703125
61.59859848022461 1309.5723876953125 228.9470977783203 1364.73291015625
1129.268798828125 348.73321533203125 1433.8922119140625 493.5575866699219
674.7051391601562 1818.2708740234375 768.4417114257812 1878.427978515625
199.44406127929688 1938.0985107421875 387.6378173828125 2042.3126220703125
34.86850357055664 179.17218017578125 176.95974731445312 318.977294921875
1278.363525390625 177.943359375 1403.92041015625 305.7622375488281
1086.7333984375 2455.3896484375 1297.782470703125 2496.5517578125
661.9113159179688 346.4523010253906 834.1029663085938 492.9203796386719
106.21924591064453 562.6597290039062 439.995361328125 631.8026123046875
1130.602294921875 177.3723907470703 1258.4110107421875 305.4699401855469
107.15583801269531 2903.301513671875 161.70843505859375 2951.384521484375
6.507833003997803 350.9231262207031 276.751708984375 488.19793701171875
