990.710693359375 2174.261962890625 1115.2880859375 2301.057373046875
765.4747314453125 2177.418212890625 871.4717407226562 2301.39599609375
63.2225227355957 2180.79931640625 170.1499786376953 2299.922119140625
542.0175170898438 2175.160888671875 626.7514038085938 2299.97265625
990.710693359375 2263.210205078125 1115.2880859375 2301.057373046875
47.2470588684082 1243.0723876953125 135.9012908935547 1330.673095703125
180.8980255126953 2014.8804931640625 348.5379943847656 2067.6044921875
179.31312561035156 1099.8603515625 658.1034545898438 1205.67041015625
47.30137634277344 600.9784545898438 136.37246704101562 690.7446899414062
46.76534652709961 1995.6741943359375 135.63290405273438 2085.0517578125
765.4747314453125 2262.550048828125 871.4717407226562 2301.39599609375
46.69142150878906 1862.825927734375 135.8851318359375 1951.7445068359375
63.2225227355957 2263.97802734375 170.1499786376953 2299.922119140625
47.43461227416992 1102.121337890625 135.6645965576172 1190.484375
178.61798095703125 1721.7818603515625 383.3631896972656 1821.94677734375
542.0175170898438 2263.95751953125 626.7514038085938 2299.97265625
181.49024963378906 1879.0958251953125 333.10943603515625 1935.6280517578125
179.0745086669922 893.3259887695312 505.6175231933594 996.3214111328125
308.8353271484375 2263.58154296875 391.7789306640625 2300.3095703125
179.70147705078125 1632.158203125 687.3618774414062 1676.7193603515625
47.11437225341797 747.7098388671875 135.74176025390625 837.3018798828125
46.43133544921875 1722.0833740234375 136.13824462890625 1810.9552001953125
486.10772705078125 54.46847152709961 685.7604370117188 111.38207244873047
178.935302734375 1390.6650390625 621.3677368164062 1450.9422607421875
46.75872039794922 1375.1668701171875 135.60618591308594 1464.451171875
46.83802795410156 1574.8970947265625 135.09922790527344 1664.9320068359375
47.14006042480469 895.3765869140625 135.41014099121094 984.4234008789062
46.66695022583008 461.2603454589844 136.91021728515625 550.9450073242188
180.8319549560547 1257.79443359375 629.2625732421875 1317.380859375
47.29019546508789 1575.3934326171875 134.70753479003906 1663.931396484375
179.27639770507812 601.4805908203125 1063.593505859375 712.115966796875
47.23373031616211 895.8270874023438 135.3424835205078 984.1212768554688
286.837890625 182.44288635253906 884.6210327148438 409.956787109375
180.1687469482422 800.5147094726562 1045.33935546875 851.4231567382812
614.4374389648438 657.6054077148438 1058.0069580078125 701.5441284179688
47.06510543823242 1375.6744384765625 135.3899383544922 1463.7891845703125
1013.5980834960938 2174.261962890625 1092.1883544921875 2251.92333984375
308.8960876464844 2171.75732421875 390.1884460449219 2249.6728515625
780.1746215820312 2177.418212890625 858.169677734375 2250.921875
48.09147644042969 1103.462890625 135.0054168701172 1189.7440185546875
173.65248107910156 892.9907836914062 1131.95849609375 1006.1753540039062
179.4744873046875 749.5398559570312 1049.0201416015625 855.4772338867188
75.7520980834961 2180.79931640625 152.2584686279297 2246.5322265625
47.35261535644531 748.5836791992188 135.51785278320312 836.5750122070312
47.666683197021484 1865.19775390625 134.4436492919922 1949.8863525390625
46.882835388183594 2126.99560546875 136.1518096923828 2159.7001953125
180.01214599609375 481.2570495605469 486.5600280761719 532.2459106445312
1054.5003662109375 150.4464111328125 1167.6226806640625 267.8653869628906
176.9382781982422 1724.67529296875 1125.6807861328125 1829.767822265625
545.2713012695312 2175.160888671875 624.4600830078125 2251.72998046875
