43.092044830322266 852.9963989257812 1106.71630859375 1142.175048828125
19.560768127441406 1675.4813232421875 1161.843505859375 1840.6922607421875
2.716120481491089 1338.6217041015625 1177.2391357421875 1471.7108154296875
161.225341796875 1545.3499755859375 1091.0697021484375 1802.417724609375
48.00143051147461 517.7628173828125 304.2095031738281 772.4170532226562
2.078068733215332 2128.339111328125 1177.076904296875 2422.37353515625
47.25956726074219 1931.1741943359375 1132.2559814453125 2082.76220703125
48.08939743041992 1253.9053955078125 329.2692565917969 1299.951416015625
2.2021725177764893 2133.3125 1177.409912109375 2320.46240234375
903.057373046875 1252.1973876953125 1121.7247314453125 1300.4639892578125
