36.089378356933594 503.9936828613281 274.3379821777344 688.6261596679688
35.615657806396484 503.9936828613281 347.6187438964844 689.9117431640625
35.692142486572266 302.1233215332031 274.8603515625 487.8793029785156
34.31890869140625 130.98117065429688 346.9460144042969 288.0125427246094
35.953826904296875 207.00706481933594 274.6086730957031 287.05108642578125
34.31890869140625 207.00706481933594 346.9460144042969 288.0125427246094
35.692142486572266 340.4029235839844 274.8603515625 487.8793029785156
35.692142486572266 302.8468017578125 274.8603515625 487.8793029785156
35.953826904296875 130.63426208496094 274.6086730957031 287.05108642578125
34.31890869140625 130.63426208496094 346.9460144042969 288.0125427246094
35.615657806396484 503.12237548828125 347.6187438964844 689.9117431640625
35.615657806396484 540.4763793945312 347.6187438964844 689.9117431640625
57.23493576049805 302.3673095703125 120.94938659667969 316.91864013671875
164.53436279296875 503.20269775390625 268.07696533203125 518.2138671875
35.692142486572266 467.224853515625 274.8603515625 487.8793029785156
164.5348663330078 704.6010131835938 268.2364501953125 719.0307006835938
35.953826904296875 266.6201477050781 274.6086730957031 287.05108642578125
213.45005798339844 130.5003204345703 288.5302429199219 148.01805114746094
35.86555480957031 131.03968811035156 93.91356658935547 149.1741180419922
57.09463119506836 503.4604187011719 120.71707153320312 517.3516845703125
20.78400230407715 72.0644302368164 139.81248474121094 97.21155548095703
144.89788818359375 503.9936828613281 159.7090301513672 519.3193359375
310.5564270019531 130.53506469726562 329.11199951171875 146.91549682617188
35.7256965637207 704.3510131835938 52.345760345458984 720.7887573242188
40.78412628173828 747.766845703125 62.9774055480957 770.0067138671875
34.7760124206543 14.784238815307617 59.413333892822266 29.52467918395996
36.089378356933594 668.9405517578125 274.3379821777344 688.6261596679688
336.3570556640625 16.629207611083984 359.1488952636719 28.594219207763672
36.03537368774414 302.1233215332031 52.49150085449219 318.7887878417969
311.635986328125 747.5538330078125 332.5950012207031 769.6734008789062
36.484615325927734 541.7813110351562 51.426204681396484 557.08642578125
56.95125961303711 705.0233154296875 120.9218521118164 718.5432739257812
55.9979133605957 541.2689819335938 136.8085479736328 555.8404541015625
310.8382873535156 130.98117065429688 328.85919189453125 146.57891845703125
38.207054138183594 207.00706481933594 68.24784088134766 237.70358276367188
144.69615173339844 705.1094970703125 159.71517944335938 720.2930908203125
164.79391479492188 302.1323547363281 268.08233642578125 317.53216552734375
36.51953125 340.4029235839844 51.44310760498047 356.2808532714844
144.900146484375 302.8468017578125 159.94468688964844 318.59619140625
56.39903259277344 340.0318298339844 136.92724609375 354.3655700683594
112.55223083496094 130.34178161621094 130.70213317871094 146.96554565429688
130.66204833984375 747.4675903320312 153.1778564453125 769.8494873046875
20.158533096313477 390.380615234375 354.9271545410156 455.1841125488281
112.75211334228516 130.63426208496094 130.45245361328125 146.6279754638672
221.08204650878906 748.29150390625 242.63623046875 768.1619873046875
282.7840881347656 339.52642822265625 299.5267639160156 357.6736145019531
35.91131591796875 503.12237548828125 52.11868667602539 519.9898681640625
336.3810729980469 16.820606231689453 359.1379699707031 28.548919677734375
19.952516555786133 591.2611083984375 354.75732421875 656.2545166015625
282.64923095703125 540.4763793945312 299.7350158691406 558.5416870117188
20.076770782470703 189.76248168945312 355.2786560058594 254.19642639160156
35.615657806396484 668.898193359375 347.6187438964844 689.9117431640625
34.31890869140625 266.4540100097656 346.9460144042969 288.0125427246094
