863.41943359375 1612.8057861328125 1129.6383056640625 1955.48779296875
37.70226287841797 186.14410400390625 319.02825927734375 296.2533264160156
37.88023376464844 343.6912536621094 229.070556640625 388.4958801269531
37.80876922607422 1612.38427734375 301.4549865722656 1877.005615234375
1063.7796630859375 333.7743835449219 1167.131103515625 399.9288635253906
489.9650573730469 28.213403701782227 677.9293212890625 135.3372039794922
792.564453125 924.4193725585938 915.400390625 1032.2889404296875
38.28395080566406 1496.8109130859375 574.404541015625 1604.64111328125
587.5737915039062 659.772705078125 859.2540893554688 887.0442504882812
916.811279296875 924.998046875 1133.7088623046875 1032.5091552734375
1049.7427978515625 193.47666931152344 1145.8375244140625 296.3155212402344
311.3116149902344 660.0372924804688 584.7210083007812 887.1937866210938
311.96441650390625 429.0284729003906 584.9661254882812 657.4816284179688
37.05781936645508 1886.776611328125 300.68243408203125 2294.511474609375
414.3178405761719 924.4998779296875 601.3399047851562 1032.3934326171875
863.0049438476562 1885.1077880859375 1130.429443359375 2293.78125
518.444091796875 2252.852294921875 651.2234497070312 2294.06982421875
65.86035919189453 1358.529052734375 200.6135711669922 1578.7308349609375
591.2710571289062 1495.2841796875 1130.5126953125 1608.6416015625
310.62646484375 1887.20458984375 573.1336669921875 2145.80419921875
609.9972534179688 330.86505126953125 818.3320922851562 401.80535888671875
302.82232666015625 2160.347412109375 402.3647155761719 2293.603271484375
587.4803466796875 428.65936279296875 859.8995971679688 657.1199340820312
837.8499145507812 331.2358093261719 1043.813720703125 402.6909484863281
591.4312744140625 1612.9351806640625 855.8635864257812 1957.325439453125
39.02147674560547 186.70269775390625 1022.7523193359375 296.19683837890625
767.5294799804688 1363.35009765625 1090.863037109375 1411.1583251953125
603.6051025390625 924.5654296875 789.881591796875 1032.1275634765625
311.5318603515625 1612.0755615234375 572.6526489257812 1877.086669921875
591.5301513671875 1611.93359375 855.0239868164062 1875.3204345703125
36.80159378051758 924.236083984375 222.15611267089844 1032.5103759765625
36.3299674987793 428.98419189453125 310.3692321777344 888.1077880859375
36.72624206542969 1884.94482421875 300.9225158691406 2147.82666015625
862.18505859375 658.7777099609375 1134.6082763671875 887.8868408203125
873.0711669921875 2.004800796508789 1119.2647705078125 174.74488830566406
310.6688232421875 1885.801025390625 572.77978515625 2146.34912109375
420.3371887207031 330.382568359375 591.47412109375 400.8605041503906
40.37689208984375 1067.76513671875 1136.362060546875 1291.34912109375
862.2186889648438 426.4206848144531 1132.938720703125 658.1210327148438
592.0653686523438 1885.2232666015625 856.0505981445312 2144.42919921875
863.1860961914062 1883.7606201171875 1130.1817626953125 2146.590087890625
225.5733642578125 924.2183837890625 411.76220703125 1032.4893798828125
592.1646118164062 1883.6610107421875 855.5808715820312 2145.115234375
862.82080078125 1612.90087890625 1129.7586669921875 1874.933349609375
159.37469482421875 1360.5733642578125 577.8944091796875 1418.31982421875
684.9100341796875 25.428647994995117 881.3449096679688 135.8412628173828
269.9056091308594 330.7812194824219 403.4834289550781 401.004638671875
293.2113952636719 30.950956344604492 480.8594055175781 130.60118103027344
751.682373046875 2253.02783203125 885.3092041015625 2293.822021484375
491.4927062988281 28.920692443847656 677.5443115234375 135.6529998779297
