48.952552795410156 406.3335266113281 210.41256713867188 565.7819213867188
708.211669921875 2254.9658203125 766.755615234375 2290.989990234375
49.57595443725586 1018.3274536132812 208.35467529296875 1178.165771484375
78.32076263427734 2158.282958984375 216.63099670410156 2293.488525390625
52.88938522338867 112.40475463867188 1128.4635009765625 246.02755737304688
49.204036712646484 1221.901123046875 208.2710723876953 1382.1077880859375
49.67859649658203 610.0226440429688 209.20761108398438 769.9003295898438
46.316280364990234 1589.637451171875 957.4573974609375 2129.562744140625
45.18986129760742 1222.3406982421875 362.5038757324219 1535.5125732421875
917.1306762695312 1485.6702880859375 1132.0078125 1531.262939453125
918.03515625 309.19512939453125 1132.9044189453125 354.79644775390625
50.06454849243164 307.03424072265625 372.3633728027344 357.2551574707031
1049.2982177734375 1842.0321044921875 1178.362548828125 2127.6201171875
1052.2105712890625 1841.742919921875 1178.441650390625 2001.4962158203125
386.3538513183594 2254.48974609375 496.3597412109375 2293.171875
49.85880661010742 813.9119873046875 208.9045867919922 974.1248779296875
256.53753662109375 611.8511962890625 1112.6837158203125 768.8746337890625
256.845947265625 1067.2005615234375 1124.2447509765625 1178.0445556640625
49.69587707519531 610.5447387695312 209.31393432617188 768.854736328125
1001.7640991210938 1591.103271484375 1178.2122802734375 2127.710205078125
964.4984741210938 2157.854248046875 1098.3623046875 2293.037841796875
251.4390869140625 407.78985595703125 1151.440673828125 574.1368408203125
255.92575073242188 1225.0780029296875 1123.6610107421875 1382.81640625
49.526145935058594 1018.7120361328125 208.72052001953125 1176.9443359375
256.3349609375 818.6929321289062 1123.5650634765625 972.82275390625
257.1946105957031 407.4323425292969 1116.130859375 565.5737915039062
259.9299621582031 816.599365234375 347.30218505859375 854.0211181640625
