485.15191650390625 394.7423400878906 626.7108764648438 481.5931396484375
388.23150634765625 1526.6456298828125 475.3544006347656 1552.0543212890625
245.1428680419922 1471.4305419921875 318.8100891113281 1548.9227294921875
0.36556971073150635 1525.564453125 30.683130264282227 1547.827392578125
148.72894287109375 427.5619812011719 653.2274780273438 614.7619018554688
586.2464599609375 32.578060150146484 623.3212890625 60.39239501953125
300.34283447265625 1341.1295166015625 455.5174255371094 1375.0325927734375
535.76611328125 1470.8447265625 596.3638305664062 1550.4364013671875
118.6445541381836 1524.8245849609375 161.20040893554688 1549.5545654296875
121.99771881103516 407.1640319824219 337.19970703125 441.0128173828125
539.295654296875 133.93850708007812 698.7755126953125 205.8055877685547
360.553955078125 951.1111450195312 606.0594482421875 998.3111572265625
122.91551208496094 124.779541015625 331.353515625 210.2686767578125
47.59307098388672 1.2423319816589355 139.86532592773438 83.9649658203125
657.6704711914062 1527.13671875 705.7789916992188 1550.0621337890625
146.9609375 629.4908447265625 608.9525756835938 871.9544067382812
122.6944351196289 1469.8377685546875 162.73191833496094 1510.097412109375
