47.11597442626953 475.1183166503906 276.4724426269531 795.7449340820312
586.1050415039062 32.4359130859375 623.562744140625 60.514976501464844
46.36357498168945 129.50523376464844 90.2638931274414 159.18359375
355.159423828125 1286.1400146484375 394.86944580078125 1324.8116455078125
106.7729721069336 1401.91162109375 247.02572631835938 1542.3758544921875
311.6078796386719 474.871337890625 539.9197998046875 795.3411254882812
575.1365356445312 769.5284423828125 670.5897827148438 795.8898315429688
311.1885986328125 723.6661987304688 407.38555908203125 754.0283203125
175.73052978515625 1061.50244140625 344.2859191894531 1206.8223876953125
46.36298751831055 1167.31103515625 152.267333984375 1274.4080810546875
311.5895080566406 474.48968505859375 540.1478271484375 700.2429809570312
575.2391967773438 475.267578125 749.1197509765625 795.30419921875
46.592262268066406 945.4307250976562 152.5693359375 1052.9254150390625
68.60230255126953 33.40336227416992 121.46971130371094 61.61241149902344
534.9569702148438 264.9790344238281 569.9745483398438 302.1321716308594
177.0772705078125 1002.8124389648438 292.3427429199219 1029.061767578125
292.11090087890625 1359.2996826171875 515.9285278320312 1583.1961669921875
176.33084106445312 1061.50244140625 292.15264892578125 1251.376953125
46.3613166809082 1167.425048828125 152.4490509033203 1275.06689453125
292.4617614746094 1358.8514404296875 515.9957275390625 1583.85302734375
333.6308898925781 1064.02001953125 429.0537109375 1251.580322265625
631.7360229492188 30.679351806640625 661.8511352539062 58.899757385253906
413.18035888671875 1068.9090576171875 478.0705871582031 1096.47314453125
106.16505432128906 111.82880401611328 375.7728271484375 188.6386260986328
567.325927734375 402.4744873046875 654.8662719726562 432.8791809082031
246.77723693847656 1291.5338134765625 302.1046447753906 1317.759521484375
175.8553924560547 952.7598876953125 358.3625793457031 984.2056884765625
574.9305419921875 724.4054565429688 661.96923828125 753.9443359375
48.042945861816406 241.78485107421875 470.37310791015625 326.6221618652344
673.5579833984375 33.761390686035156 716.4389038085938 57.06563186645508
238.34359741210938 1059.8380126953125 314.59930419921875 1106.412841796875
47.28955841064453 474.9237060546875 276.4075622558594 700.0386352539062
106.69120788574219 1402.2906494140625 247.0087127685547 1541.736328125
179.93212890625 1283.5467529296875 219.9466094970703 1323.3115234375
48.65446853637695 874.3876342773438 277.281982421875 909.2885131835938
575.3614501953125 474.7974853515625 749.0437622070312 700.078857421875
48.06167221069336 401.7231750488281 209.60916137695312 440.8044738769531
334.1964111328125 1002.4563598632812 429.1517028808594 1028.8363037109375
630.665283203125 269.7413024902344 658.0985107421875 300.9166259765625
