47.57162094116211 261.4056396484375 104.33207702636719 318.19488525390625
676.7294921875 408.6619873046875 689.451416015625 427.7109680175781
673.3677368164062 33.95354080200195 716.4077758789062 56.45920944213867
127.23521423339844 274.4024353027344 426.0628356933594 311.13433837890625
127.55902862548828 497.70013427734375 268.0926818847656 534.2351684570312
124.31486511230469 817.7098388671875 191.12646484375 854.3788452148438
47.6691780090332 595.0057373046875 104.20375061035156 651.6004638671875
45.13672637939453 1019.3928833007812 561.94677734375 1119.671630859375
608.8699951171875 771.2230224609375 671.0484008789062 795.5504760742188
127.87989044189453 608.6695556640625 237.0921173095703 640.88916015625
621.8472290039062 403.95684814453125 654.0119018554688 430.92193603515625
47.93756866455078 809.0803833007812 103.85556030273438 865.53369140625
602.8755493164062 475.5927734375 748.9172973632812 699.0518798828125
47.65971755981445 596.1417236328125 113.87367248535156 774.0689697265625
47.84138870239258 373.64898681640625 104.28536987304688 429.75042724609375
673.2312622070312 33.505348205566406 716.4966430664062 56.411216735839844
601.6039428710938 725.52294921875 662.0977783203125 753.9219970703125
123.59265899658203 931.9091186523438 410.2156982421875 968.3822021484375
631.9929809570312 31.038515090942383 661.7825927734375 58.045528411865234
602.5130615234375 32.745121002197266 623.9945068359375 59.099735260009766
47.62405776977539 485.6443786621094 103.84712982177734 541.7539672851562
127.6131362915039 386.0699768066406 307.4816589355469 420.30810546875
630.9131469726562 269.7002258300781 657.9423828125 300.9068603515625
47.874637603759766 921.7691650390625 103.635009765625 977.417724609375
114.0020751953125 125.89981079101562 283.9259948730469 171.0873565673828
45.11106872558594 120.24433135986328 101.68870544433594 172.93849182128906
