177.31455993652344 1002.7106323242188 292.8529968261719 1029.1796875
46.42774200439453 1.1102179288864136 139.90167236328125 83.65734100341797
673.613037109375 34.10673522949219 716.2708129882812 56.866722106933594
575.05419921875 769.606689453125 670.7297973632812 796.1455688476562
586.309326171875 32.053131103515625 624.1041870117188 60.55278778076172
311.527587890625 474.5493469238281 540.2861328125 700.591064453125
632.1416625976562 31.027002334594727 661.6552124023438 58.254005432128906
112.5319595336914 1214.75537109375 358.46484375 1251.543701171875
175.8817138671875 952.3883666992188 358.6051940917969 984.170654296875
311.43743896484375 474.94671630859375 540.1426391601562 795.5452880859375
48.53957748413086 873.9044189453125 277.4253845214844 909.3057250976562
47.00541305541992 1212.81396484375 84.67801666259766 1250.824951171875
46.550048828125 945.4832763671875 152.6396484375 1053.365966796875
311.18316650390625 723.3245849609375 407.6582946777344 753.9063720703125
103.59197235107422 109.55516052246094 378.0384521484375 191.85400390625
476.45916748046875 246.14141845703125 730.8294067382812 325.47052001953125
575.3304443359375 474.6707458496094 748.75341796875 700.3573608398438
46.50798034667969 129.74044799804688 90.25071716308594 158.8646240234375
46.73429489135742 945.7442626953125 152.32601928710938 1162.255126953125
48.166996002197266 241.59803771972656 470.4947814941406 326.80224609375
111.60126495361328 1416.00244140625 312.5926818847656 1451.820556640625
567.4444580078125 402.2678527832031 654.9202880859375 432.766845703125
333.9671630859375 1002.0908203125 429.6506042480469 1029.005126953125
575.3381958007812 475.2688903808594 748.768798828125 699.9070434570312
574.9213256835938 724.2379760742188 662.052978515625 754.0357666015625
47.21696090698242 475.29473876953125 276.668701171875 795.9566040039062
111.71865844726562 1516.5096435546875 313.9043884277344 1552.6494140625
48.27199935913086 401.4016418457031 209.2599639892578 440.8323669433594
47.446903228759766 474.9853820800781 276.59820556640625 700.3893432617188
