619.465576171875 1393.622802734375 716.2399291992188 1513.2684326171875
168.5819854736328 1436.1806640625 210.4477081298828 1481.113037109375
521.12109375 1435.555419921875 571.389892578125 1513.166748046875
165.8475341796875 1491.4267578125 208.9622039794922 1512.7620849609375
148.73760986328125 427.410888671875 652.613037109375 614.4486694335938
177.20509338378906 142.7511444091797 556.0260620117188 177.19676208496094
39.096519470214844 1436.4400634765625 99.67162322998047 1514.028076171875
270.7631530761719 1358.8414306640625 480.8387756347656 1568.1102294921875
485.1114196777344 394.8086853027344 626.77685546875 481.5560302734375
122.00714874267578 407.1536865234375 337.2834167480469 440.9287109375
147.1131591796875 459.3777160644531 608.7858276367188 871.5823364257812
632.2916870117188 32.001441955566406 661.6009521484375 58.52397155761719
673.5868530273438 34.481754302978516 716.7891235351562 56.0192756652832
360.4987487792969 951.0385131835938 605.9036865234375 998.38916015625
