276.753173828125 819.4603881835938 303.0899658203125 856.4401245117188
26.880985260009766 819.264892578125 55.23374938964844 856.7340698242188
54.74628448486328 281.2490539550781 362.2701416015625 425.7200927734375
55.858497619628906 281.2490539550781 361.56756591796875 425.1194763183594
103.83685302734375 818.8782348632812 144.55580139160156 856.7948608398438
363.16815185546875 818.58642578125 382.3526306152344 856.6244506835938
279.5046691894531 819.4603881835938 300.6954040527344 840.7581176757812
28.792797088623047 819.264892578125 53.079708099365234 841.58935546875
103.83685302734375 845.2869873046875 144.55580139160156 856.7948608398438
276.753173828125 845.2943115234375 303.0899658203125 856.4401245117188
26.880985260009766 845.4761962890625 55.23374938964844 856.7340698242188
374.47149658203125 54.306129455566406 397.22406005859375 75.71568298339844
173.06280517578125 281.2490539550781 240.47666931152344 350.1112365722656
185.6000213623047 820.5001220703125 228.9071502685547 850.1642456054688
113.08969116210938 818.8782348632812 134.76361083984375 840.6232299804688
159.0233612060547 55.466087341308594 236.68582153320312 74.58924865722656
98.4342269897461 379.7538757324219 237.16159057617188 398.8943786621094
363.16815185546875 818.58642578125 382.3526306152344 841.7144165039062
249.28335571289062 380.23504638671875 328.0995788574219 398.86883544921875
38.898780822753906 13.622936248779297 65.23515319824219 29.279434204101562
365.8702087402344 845.3256225585938 381.2374572753906 856.6244506835938
54.74628448486328 378.8846130371094 362.2701416015625 425.7200927734375
55.858497619628906 408.7344970703125 361.56756591796875 425.1194763183594
375.1064453125 16.40070343017578 397.03570556640625 27.741209030151367
323.80157470703125 15.277886390686035 343.93853759765625 29.369731903076172
348.9549865722656 14.31092643737793 365.1714782714844 28.24139404296875
30.271982192993164 0.5386288166046143 73.52596282958984 42.31744384765625
268.59228515625 813.1838989257812 312.96722412109375 863.3348999023438
