256.560302734375 665.6851806640625 399.3315734863281 750.1399536132812
559.392333984375 1550.938232421875 983.9351806640625 1609.2757568359375
387.4130554199219 2171.60009765625 780.209228515625 2215.718994140625
665.3065795898438 1830.6708984375 993.1159057617188 1874.87109375
529.4874267578125 547.1629638671875 748.0418090820312 637.0400390625
468.7007141113281 1027.466552734375 553.3065795898438 1076.298095703125
1094.596435546875 279.4064025878906 1169.202880859375 487.3756103515625
388.36822509765625 1168.6575927734375 680.4656372070312 1212.5010986328125
630.0484008789062 665.5907592773438 785.7490844726562 749.6777954101562
387.6189880371094 1226.0545654296875 1078.77880859375 1274.0933837890625
619.6829833984375 186.07579040527344 818.6875610351562 239.33062744140625
384.5841369628906 1360.8623046875 599.9857177734375 1403.9376220703125
423.6360778808594 666.6290893554688 606.305908203125 749.6553955078125
386.39996337890625 2230.105712890625 1096.2373046875 2339.88525390625
387.6455993652344 1168.9256591796875 1081.509033203125 1275.251708984375
565.7623291015625 286.53973388671875 1077.2445068359375 617.9168701171875
387.3570251464844 1109.7030029296875 458.2415771484375 1150.6888427734375
809.97509765625 665.5902099609375 953.6633911132812 749.7977294921875
954.2107543945312 2066.49267578125 1108.203369140625 2222.473876953125
387.0901794433594 1700.2943115234375 1080.5137939453125 1805.9169921875
35.35764694213867 2081.22900390625 351.8480224609375 2412.255859375
34.866050720214844 1016.693359375 352.7318115234375 1478.2825927734375
39.13933181762695 807.466064453125 1135.5535888671875 974.1801147460938
832.3658447265625 1428.181640625 1135.52294921875 1480.63623046875
36.14609909057617 291.8564758300781 548.334716796875 618.5057373046875
629.6915893554688 1109.9765625 737.5753784179688 1150.5662841796875
832.7372436523438 1960.2623291015625 1134.99853515625 2011.1378173828125
383.6589050292969 2081.880615234375 972.2263793945312 2140.332763671875
35.756229400634766 1550.2542724609375 351.0336608886719 2124.744384765625
981.9559326171875 524.7612915039062 1165.4677734375 645.6548461914062
147.8367462158203 2080.960205078125 349.79266357421875 2132.29150390625
255.95040893554688 544.0512084960938 517.3654174804688 641.878662109375
970.7621459960938 1356.525146484375 1132.8851318359375 1407.9501953125
147.8495330810547 1548.4573974609375 350.10198974609375 1600.4169921875
381.0353698730469 1559.0972900390625 461.98797607421875 1606.02197265625
380.8458251953125 1027.798583984375 462.23602294921875 1075.8929443359375
25.22102165222168 557.6917724609375 243.6077117919922 642.6106567382812
36.72197341918945 2081.071533203125 155.16653442382812 2134.252685546875
949.375 1888.5438232421875 1133.20166015625 1938.21240234375
468.68804931640625 1027.589599609375 553.1932983398438 1076.175048828125
130.0543670654297 180.99365234375 486.7404479980469 249.912353515625
469.3006896972656 1558.10693359375 552.4938354492188 1608.0343017578125
37.52994155883789 665.8389282226562 230.86351013183594 749.4922485351562
561.323974609375 1019.2669677734375 1024.9139404296875 1076.9749755859375
832.3251342773438 1960.587646484375 973.3759155273438 2010.4638671875
978.5907592773438 666.6480102539062 1163.9344482421875 748.6141357421875
678.7586059570312 1299.887939453125 1001.5535278320312 1342.5048828125
952.0322875976562 187.59507751464844 1039.42724609375 239.0569305419922
41.20713424682617 280.0093994140625 334.0591735839844 322.0924072265625
467.7845764160156 1109.1461181640625 611.534912109375 1150.4271240234375
143.05606079101562 41.78538131713867 872.988525390625 141.61090087890625
752.0077514648438 531.0741577148438 980.9049682617188 643.9379272460938
643.9331665039062 1641.390869140625 788.2726440429688 1683.2322998046875
378.46929931640625 2364.4306640625 1002.4932861328125 2411.24853515625
35.86845016479492 1548.0137939453125 157.0557403564453 1602.500244140625
756.862060546875 1108.7752685546875 970.95849609375 1150.9722900390625
