20.4273681640625 635.0272827148438 355.33544921875 711.6510009765625
35.91779708862305 772.1728515625 49.89040756225586 785.7537231445312
34.762027740478516 14.737961769104004 59.44020462036133 29.56974220275879
35.593868255615234 593.60595703125 141.13185119628906 669.1734008789062
336.4861755371094 16.8267879486084 358.6371154785156 28.463468551635742
19.18747329711914 332.3338928222656 337.91705322265625 437.5577392578125
131.44630432128906 80.54312133789062 231.00216674804688 97.75701141357422
315.8060302734375 15.395225524902344 331.0245666503906 28.976776123046875
19.892681121826172 130.77859497070312 355.6724548339844 243.0940399169922
19.74593162536621 151.93984985351562 343.3778381347656 315.1877136230469
20.035329818725586 545.903076171875 355.2689208984375 624.4761962890625
213.50559997558594 477.90576171875 270.3555603027344 494.1947326660156
284.7518310546875 335.3719482421875 352.9655456542969 354.9532775878906
35.92771911621094 478.54010009765625 93.7983169555664 494.0110168457031
19.969482421875 715.6372680664062 355.03253173828125 772.668212890625
293.3141784667969 16.139114379882812 311.5418395996094 29.96540069580078
336.45233154296875 16.672643661499023 358.59332275390625 28.481103897094727
57.234920501708984 772.60400390625 86.52740478515625 784.7619018554688
