35.20387649536133 326.2240295410156 202.0399932861328 461.7314758300781
242.88189697265625 309.7287902832031 374.6042785644531 379.5193176269531
333.2277526855469 188.556640625 352.5360412597656 204.6849365234375
232.36061096191406 631.7061767578125 374.5130920410156 694.3798217773438
35.96677017211914 326.2240295410156 116.07849884033203 534.2752075195312
256.0165710449219 91.43356323242188 274.70343017578125 110.11312866210938
130.69171142578125 747.1925048828125 153.17381286621094 769.8345947265625
19.621213912963867 68.54673767089844 195.983642578125 207.8845672607422
291.92169189453125 269.48980712890625 331.5704650878906 284.2388000488281
258.08203125 270.8619689941406 374.6510009765625 461.7124328613281
72.6504898071289 68.79776763916016 210.36831665039062 111.23483276367188
315.9301452636719 15.514181137084961 330.8062744140625 29.17418670654297
329.09912109375 82.38468170166016 355.311279296875 110.2767562866211
19.570690155029297 68.54673767089844 109.8755111694336 288.2161560058594
293.1305847167969 16.297224044799805 311.47540283203125 30.006855010986328
41.491092681884766 748.248046875 62.40055465698242 769.5985107421875
23.500057220458984 0.2652626633644104 67.74726104736328 40.987953186035156
220.41017150878906 747.2084350585938 242.98255920410156 768.79736328125
19.700294494628906 476.92742919921875 181.1604461669922 607.3216552734375
291.9937744140625 590.31298828125 331.5527648925781 605.0094604492188
311.6477966308594 747.5335083007812 332.5604553222656 769.5552978515625
312.7565612792969 668.0978393554688 374.71954345703125 680.9358520507812
258.8346862792969 326.58990478515625 339.1519775390625 534.273681640625
236.3208465576172 91.01626586914062 254.3562469482422 110.45365142822266
19.9544620513916 309.6002502441406 223.1544647216797 379.8111572265625
214.7208709716797 91.01526641845703 235.10060119628906 110.21215057373047
279.88507080078125 478.68658447265625 350.4453125 491.8375549316406
20.483427047729492 632.176025390625 215.88832092285156 694.609619140625
