288.18353271484375 2195.902587890625 417.1436767578125 2320.3857421875
523.7538452148438 594.4865112304688 672.0259399414062 822.4108276367188
789.0648193359375 2194.492919921875 857.7399291992188 2320.781982421875
815.283447265625 594.6976318359375 963.144287109375 741.33154296875
486.29345703125 2194.283447265625 689.4257202148438 2321.512451171875
71.93355560302734 956.5670166015625 341.2096862792969 1014.193115234375
72.95082092285156 1733.55859375 1105.767578125 1909.1761474609375
1020.5906372070312 2282.7861328125 1099.451904296875 2319.331298828125
72.6754150390625 1562.5238037109375 1107.0572509765625 1734.015869140625
748.2857055664062 594.7835693359375 1029.175048828125 823.2230224609375
251.267333984375 2145.994384765625 515.7197875976562 2181.689453125
48.44982147216797 2195.515869140625 187.51364135742188 2319.8994140625
75.24707794189453 89.98026275634766 268.609375 181.78565979003906
152.2433319091797 2137.060302734375 205.3607177734375 2177.822998046875
150.65960693359375 595.3229370117188 448.2582092285156 825.5009155273438
86.8182601928711 2195.20361328125 146.5314178466797 2258.1875
72.65204620361328 234.02838134765625 1109.132568359375 341.4917907714844
71.5433349609375 1432.0582275390625 305.1383972167969 1486.5362548828125
73.00383758544922 466.73028564453125 330.213134765625 518.6270751953125
73.38311004638672 1907.6417236328125 1104.5875244140625 2082.743408203125
72.8006820678711 1087.1689453125 1107.438720703125 1354.11474609375
