993.3167724609375 71.53807830810547 1108.36328125 185.66783142089844
119.81771087646484 260.4002685546875 262.4830017089844 391.00714111328125
70.8857192993164 796.7078247070312 1111.2056884765625 1784.09521484375
719.9624633789062 2008.9466552734375 837.3518676757812 2060.478515625
87.13001251220703 2260.3173828125 148.44549560546875 2297.478271484375
1026.3665771484375 2180.14599609375 1095.18212890625 2297.264892578125
73.2190170288086 46.74814224243164 965.296142578125 213.18658447265625
790.2817993164062 2181.590576171875 859.9182739257812 2297.004638671875
1056.2008056640625 346.668701171875 1177.8150634765625 388.89910888671875
841.0768432617188 346.9394226074219 982.9802856445312 390.0433044433594
559.6328125 2180.72998046875 623.2239379882812 2296.5927734375
450.0585021972656 1949.4354248046875 728.8828735351562 2077.65380859375
993.236328125 71.83824920654297 1108.32666015625 184.9241485595703
71.31477355957031 507.50482177734375 1108.8446044921875 725.8790893554688
70.76909637451172 1819.187255859375 480.9948425292969 2142.458984375
309.3945617675781 2260.868896484375 398.3424987792969 2296.441650390625
360.86663818359375 346.96209716796875 503.9580993652344 390.3207702636719
449.17340087890625 1949.26904296875 729.16748046875 2076.613525390625
877.2633666992188 260.5893859863281 948.4495239257812 333.5338134765625
636.2433471679688 347.64068603515625 706.775146484375 389.2379150390625
