39.791831970214844 1987.7498779296875 250.03726196289062 2047.8778076171875
698.3829345703125 526.8633422851562 991.6800537109375 935.5992431640625
410.637451171875 1445.8531494140625 740.7550659179688 1780.1893310546875
411.292236328125 1446.3896484375 739.9313354492188 1915.244384765625
302.6854248046875 79.1163101196289 496.7032165527344 135.72984313964844
66.23760986328125 1448.254150390625 382.6797790527344 1916.6082763671875
62.59305953979492 1446.34716796875 389.7034606933594 1775.2421875
765.5935668945312 1449.2384033203125 1088.2325439453125 1915.99462890625
594.8408813476562 2203.77978515625 1120.6787109375 2424.615234375
269.35931396484375 2079.7998046875 442.0118408203125 2170.0361328125
1018.5118408203125 527.6636962890625 1148.73486328125 934.9075927734375
550.5264282226562 80.51846313476562 748.1357421875 137.22457885742188
215.54684448242188 1865.858642578125 364.3626708984375 1920.3294677734375
61.48684310913086 439.4610290527344 261.5577697753906 498.4267883300781
379.6641845703125 527.2997436523438 673.7801513671875 935.1107788085938
562.5126953125 1989.9981689453125 760.177001953125 2044.4964599609375
379.438720703125 528.541015625 672.891357421875 655.9005737304688
49.52119827270508 2205.0380859375 572.4198608398438 2424.3037109375
283.6075134277344 1976.1536865234375 525.733642578125 2060.002685546875
463.83392333984375 2079.620849609375 635.8070068359375 2170.220947265625
38.13509750366211 2080.133544921875 249.14962768554688 2170.56884765625
918.5267333984375 1866.4677734375 1051.4661865234375 1919.8408203125
49.620609283447266 2205.850341796875 573.364501953125 2424.347412109375
81.72845458984375 308.5771789550781 609.975830078125 359.84698486328125
567.8634033203125 1865.5877685546875 710.3729858398438 1920.1650390625
762.8319091796875 1447.2293701171875 1090.4071044921875 1776.2244873046875
20.020362854003906 1039.0283203125 1151.369873046875 1413.4281005859375
307.2277526855469 445.07208251953125 507.89617919921875 493.61328125
594.8084716796875 2203.38427734375 1119.9012451171875 2427.867919921875
60.52606201171875 526.6945190429688 355.9649658203125 935.6792602539062
