89.1829605102539 628.0139770507812 137.91558837890625 808.560302734375
375.01116943359375 16.595897674560547 397.1846008300781 28.0412654876709
183.83908081054688 828.50146484375 229.67225646972656 844.651611328125
296.3951416015625 627.9039306640625 344.1870422363281 795.922119140625
88.88539123535156 628.0139770507812 139.7078857421875 710.6049194335938
226.37985229492188 627.18896484375 276.356201171875 795.5564575195312
295.455810546875 777.369384765625 349.1579895019531 812.617431640625
20.47920799255371 627.9302368164062 68.0739517211914 796.3424072265625
132.2549285888672 57.778526306152344 200.9336395263672 75.33734130859375
359.7428283691406 431.524169921875 408.1545715332031 566.7965087890625
365.3563232421875 685.3370971679688 413.69671630859375 697.9165649414062
154.37051391601562 681.2091064453125 214.28546142578125 711.6123657226562
293.5830383300781 627.9039306640625 348.7610168457031 698.0632934570312
19.372943878173828 627.9302368164062 70.61205291748047 699.487548828125
348.9433288574219 14.640655517578125 365.2693176269531 28.017967224121094
222.85829162597656 56.71061706542969 285.498291015625 73.64944458007812
14.084458351135254 680.6404418945312 78.3922348022461 711.7198486328125
323.4200134277344 15.186925888061523 343.7392272949219 29.570110321044922
155.3422393798828 627.4356079101562 208.30723571777344 795.6798706054688
88.16741943359375 783.0179443359375 138.88941955566406 810.6810302734375
181.67837524414062 597.2113037109375 230.4786834716797 611.516357421875
364.5927734375 627.057861328125 413.471435546875 810.5350341796875
