1184.9105224609375 46.169158935546875 1239.902099609375 97.53004455566406
166.24795532226562 1282.7489013671875 589.2491455078125 1335.3665771484375
56.38052749633789 1265.4459228515625 139.8273468017578 1349.64990234375
674.2774658203125 25.90914535522461 765.0180053710938 116.75435638427734
57.064964294433594 676.0386962890625 1382.71875 871.1337280273438
57.118263244628906 549.3690185546875 923.21728515625 612.2257080078125
55.071414947509766 1181.546875 734.3073120117188 1233.7171630859375
52.34526062011719 1470.4093017578125 1358.1041259765625 1855.566162109375
55.77281951904297 1367.8419189453125 138.91209411621094 1450.7164306640625
217.2554168701172 48.02785110473633 264.3176574707031 95.72079467773438
56.346988677978516 1971.00439453125 1383.02978515625 2169.198486328125
57.50480270385742 927.32275390625 1382.0394287109375 1124.2310791015625
56.04413604736328 2345.058837890625 1382.3902587890625 2542.82763671875
299.2601623535156 47.66896438598633 337.6881408691406 96.73451232910156
56.08045196533203 1469.7994384765625 139.131103515625 1554.2962646484375
1311.481689453125 46.82081604003906 1343.265625 95.91119384765625
55.261573791503906 410.99041748046875 1158.510498046875 501.1695556640625
