104.12100982666016 122.66935729980469 270.6249084472656 331.5899963378906
104.12100982666016 122.66935729980469 270.6249084472656 350.82843017578125
63.788944244384766 790.6329956054688 100.39519500732422 804.6569213867188
111.67329406738281 740.9286499023438 158.08914184570312 754.1005859375
166.1374053955078 320.2464294433594 209.7613983154297 331.5899963378906
63.24635314941406 586.124267578125 154.9157257080078 618.7830200195312
120.62875366210938 672.9326171875 163.4827423095703 686.169921875
32.94765853881836 14.571357727050781 63.48204803466797 30.332914352416992
267.5043029785156 336.51849365234375 314.0426330566406 351.1008605957031
64.2163314819336 673.2991943359375 163.5269775390625 686.44775390625
278.82489013671875 320.3290710449219 303.5749206542969 331.5245361328125
15.667336463928223 722.1046142578125 48.08766174316406 753.6466064453125
34.73386764526367 387.4872741699219 53.118412017822266 411.09771728515625
104.12100982666016 122.66935729980469 270.6249084472656 288.1448669433594
64.12008666992188 741.991455078125 109.55851745605469 753.7240600585938
63.471351623535156 319.694580078125 102.35497283935547 351.292236328125
70.98674011230469 674.4534301757812 119.03180694580078 685.6723022460938
71.01661682128906 320.2788391113281 95.91081237792969 331.5525207519531
63.7988166809082 538.1502685546875 104.11642456054688 549.7835693359375
63.63148498535156 451.31488037109375 96.26255798339844 465.94281005859375
63.820648193359375 655.4808959960938 108.99329376220703 669.6613159179688
63.62904357910156 518.417724609375 107.12177276611328 532.6795654296875
63.813472747802734 336.5790710449219 101.96678161621094 350.8782043457031
63.595855712890625 384.9147033691406 151.6448211669922 399.6227111816406
167.6669158935547 336.93865966796875 206.78054809570312 350.82843017578125
15.893967628479004 653.9449462890625 47.82426071166992 686.8426513671875
95.98772430419922 64.23241424560547 279.1126403808594 90.12699127197266
15.607745170593262 585.7950439453125 47.78140640258789 617.4408569335938
316.66851806640625 15.918173789978027 331.8439636230469 29.02228355407715
63.73562240600586 586.6448364257812 128.59176635742188 600.68701171875
64.12399291992188 469.1393127441406 160.5485382080078 482.4079895019531
63.778690338134766 722.8097534179688 100.00106811523438 737.0400390625
15.648003578186035 449.8597412109375 48.2648811340332 481.6727600097656
292.962890625 17.322710037231445 310.96966552734375 29.54872703552246
336.4172668457031 16.12180519104004 360.18731689453125 28.859634399414062
63.32946014404297 403.952392578125 258.9333801269531 416.331787109375
64.47618865966797 605.4109497070312 154.7849884033203 617.9459838867188
158.67478942871094 314.51983642578125 216.72132873535156 356.385986328125
