644.287353515625 1410.142578125 791.2486572265625 1533.2608642578125
447.87725830078125 1953.27783203125 516.5278930664062 2023.06396484375
115.7589111328125 2184.703857421875 178.15438842773438 2247.79345703125
950.9264526367188 1412.385009765625 1021.47314453125 1532.4794921875
377.88970947265625 1414.406982421875 521.4065551757812 1532.2904052734375
526.302734375 1963.121826171875 730.4612426757812 2017.66552734375
108.26956176757812 1409.643798828125 251.70387268066406 1532.6524658203125
670.0602416992188 432.0716247558594 775.4647216796875 538.3418579101562
49.040653228759766 974.4998168945312 1120.369384765625 1221.4251708984375
393.1732482910156 2188.0595703125 482.91827392578125 2297.6875
670.3098754882812 2180.49658203125 790.175537109375 2298.810791015625
132.48223876953125 431.4554138183594 204.5260009765625 538.7784423828125
991.315185546875 2184.6953125 1053.5618896484375 2298.846435546875
473.427490234375 2045.664306640625 729.769775390625 2087.45166015625
946.5413208007812 431.8787536621094 1052.1868896484375 539.0725708007812
49.07890319824219 615.134765625 1122.4320068359375 937.7738037109375
264.5168151855469 165.5366668701172 681.9425048828125 238.73825073242188
409.46453857421875 431.83673095703125 481.4961242675781 539.4110717773438
1052.382080078125 169.4318084716797 1117.8177490234375 222.62393188476562
48.898868560791016 137.3097686767578 226.91323852539062 318.6228332519531
108.36906433105469 1307.492919921875 277.9643859863281 1357.84716796875
107.2547378540039 1623.7430419921875 253.75172424316406 1743.2735595703125
