517.960205078125 1052.798828125 779.7672119140625 1149.07470703125
49.509517669677734 605.9694213867188 571.265625 842.7741088867188
283.6701354980469 1052.484130859375 477.60101318359375 1147.3516845703125
50.51570510864258 37.27867126464844 974.0942993164062 146.9447479248047
820.7008666992188 1052.703857421875 1005.2566528320312 1148.6822509765625
47.745849609375 63.053924560546875 250.90887451171875 265.7341003417969
600.5968017578125 604.7926635742188 1122.7000732421875 843.0374755859375
47.37889862060547 640.7799072265625 250.99725341796875 994.599365234375
236.26014709472656 1181.6859130859375 459.71435546875 1274.7603759765625
49.282711029052734 339.2264709472656 571.4879150390625 575.0322265625
1022.3788452148438 68.8080825805664 1110.3253173828125 118.55602264404297
49.61628341674805 1182.1025390625 195.52734375 1274.37744140625
600.5858154296875 337.56427001953125 1122.9573974609375 575.465576171875
49.90302658081055 1053.3189697265625 243.3325653076172 1147.9141845703125
