45.98964309692383 210.31857299804688 306.3401794433594 448.459228515625
45.98964309692383 208.64358520507812 306.3401794433594 448.459228515625
527.3698120117188 627.87255859375 798.304931640625 716.7301635742188
376.41375732421875 502.3364562988281 693.3281860351562 588.501708984375
47.92549133300781 503.39654541015625 356.2300109863281 588.1669311523438
48.7559700012207 755.1179809570312 359.4606018066406 841.0944213867188
317.8909912109375 213.75479125976562 472.02191162109375 266.2701721191406
48.54767990112305 628.9669189453125 510.08624267578125 715.2150268554688
90.61329650878906 770.5704956054688 323.4536437988281 824.104736328125
45.98964309692383 390.69000244140625 306.3401794433594 448.459228515625
88.13093566894531 45.41187286376953 168.64340209960938 91.13905334472656
417.69476318359375 518.85009765625 654.09716796875 571.9913330078125
168.44976806640625 184.2711639404297 1078.1390380859375 296.0547790527344
90.11795806884766 520.618408203125 319.2020568847656 573.8389892578125
947.7427978515625 47.63359069824219 992.3804931640625 88.03194427490234
1008.7994384765625 49.749427795410156 1076.022216796875 86.55618286132812
1009.4906005859375 50.01094436645508 1075.279052734375 85.42768096923828
77.17198181152344 27.90521812438965 181.8772735595703 112.72232055664062
59.89558029174805 210.31857299804688 119.82744598388672 267.6477966308594
572.3897705078125 646.067626953125 754.7152099609375 700.8558959960938
55.638980865478516 2.4649717807769775 200.79576110839844 127.54834747314453
214.61892700195312 208.64358520507812 274.93316650390625 268.67803955078125
878.7202758789062 48.69482421875 935.4486083984375 90.7497329711914
19.339113235473633 181.5626678466797 155.8249969482422 295.6366271972656
90.93991088867188 642.3292236328125 471.7611999511719 704.849853515625
