58.05518341064453 99.48480224609375 230.32957458496094 306.69439697265625
95.35347747802734 1288.3612060546875 441.9263916015625 1339.4857177734375
96.63417053222656 1595.1827392578125 553.3006591796875 1644.52734375
95.11326599121094 1444.5921630859375 407.989990234375 1493.6309814453125
95.57916259765625 534.3101806640625 551.6838989257812 585.62158203125
56.18795394897461 2052.24755859375 485.881591796875 2110.02001953125
56.89836883544922 1757.1673583984375 498.9811706542969 1812.2611083984375
96.30990600585938 983.4853515625 646.6593627929688 1034.1102294921875
96.31103515625 1890.544921875 319.2637023925781 1937.8660888671875
95.6802749633789 1135.2398681640625 611.8220825195312 1187.7493896484375
95.566162109375 690.5377197265625 457.5126647949219 741.1300048828125
95.76641082763672 384.87493896484375 339.7302551269531 432.37347412109375
43.71565628051758 1550.6097412109375 1136.3619384765625 1704.232666015625
132.94700622558594 61.20320510864258 1143.7984619140625 191.7259979248047
116.6529769897461 2217.58740234375 176.53619384765625 2276.517822265625
695.5545043945312 2205.806640625 781.0108032226562 2281.592529296875
58.05518341064453 253.0023193359375 230.32957458496094 306.69439697265625
37.96904373168945 103.0113525390625 95.56928253173828 153.345947265625
43.86186218261719 1842.485107421875 1136.4625244140625 1998.3944091796875
412.9303894042969 2212.219970703125 471.74090576171875 2277.89111328125
94.346435546875 1440.11669921875 1090.4979248046875 1498.2362060546875
162.06304931640625 99.48480224609375 214.96163940429688 153.4771270751953
45.86094284057617 339.4566955566406 1137.3525390625 487.32635498046875
45.02141571044922 1244.286865234375 1137.765380859375 1397.110595703125
1062.6796875 1443.1466064453125 1090.1051025390625 1491.2572021484375
2.942823886871338 2169.619384765625 1176.5198974609375 2416.368408203125
915.239013671875 93.26859283447266 973.8364868164062 155.60382080078125
245.09390258789062 106.26873016357422 708.61181640625 157.25527954101562
57.160892486572266 853.9905395507812 304.7754211425781 909.0191040039062
54.95585632324219 1753.0452880859375 1144.221435546875 1826.735595703125
91.49317932128906 382.3558654785156 1092.1787109375 436.30047607421875
92.36366271972656 533.5986328125 1092.353515625 590.07177734375
93.7168197631836 1133.8465576171875 1092.578369140625 1190.9478759765625
94.13691711425781 982.015625 1093.216796875 1037.7969970703125
93.00947570800781 688.6734008789062 1092.017822265625 744.3146362304688
43.37651443481445 644.69140625 1136.645751953125 799.3650512695312
94.26284790039062 1591.73193359375 1091.785888671875 1651.103759765625
53.11531448364258 2051.115234375 1152.1920166015625 2112.20654296875
55.466609954833984 851.1893310546875 1139.2073974609375 914.9580078125
45.2706413269043 936.3699340820312 1138.3526611328125 1090.4056396484375
