1049.2982177734375 1842.0321044921875 1178.362548828125 2127.6201171875
46.9222526550293 1591.486083984375 957.3036499023438 2128.723388671875
45.18986129760742 1222.3406982421875 362.5038757324219 1535.5125732421875
78.32076263427734 2158.282958984375 216.63099670410156 2293.488525390625
964.4984741210938 2157.854248046875 1098.3623046875 2293.037841796875
49.204036712646484 1221.901123046875 208.2710723876953 1382.1077880859375
48.952552795410156 406.3335266113281 210.41256713867188 565.7819213867188
49.67859649658203 610.0226440429688 209.20761108398438 769.9003295898438
49.57595443725586 1018.3274536132812 208.35467529296875 1178.165771484375
49.85880661010742 813.9119873046875 208.9045867919922 974.1248779296875
95.94886779785156 1843.5086669921875 257.9558410644531 2002.2811279296875
95.60954284667969 2075.614501953125 857.5918579101562 2128.723388671875
78.32076263427734 2255.44970703125 216.63099670410156 2293.488525390625
1052.2105712890625 1841.742919921875 1178.441650390625 2001.4962158203125
964.4984741210938 2256.555908203125 1098.3623046875 2293.037841796875
394.2897033691406 1337.4239501953125 537.7220458984375 1377.5943603515625
255.92575073242188 1225.0780029296875 1123.6610107421875 1382.81640625
394.1606750488281 1133.2254638671875 537.2788696289062 1174.0572509765625
394.406494140625 929.1432495117188 537.5506591796875 969.2479858398438
66.8125 469.43585205078125 192.91366577148438 501.062255859375
256.3349609375 818.6929321289062 1123.5650634765625 972.82275390625
50.06454849243164 307.03424072265625 372.3633728027344 357.2551574707031
386.3538513183594 2254.48974609375 496.3597412109375 2293.171875
257.1946105957031 407.4323425292969 1116.130859375 565.5737915039062
256.845947265625 1067.2005615234375 1124.2447509765625 1178.0445556640625
584.2537231445312 1337.9530029296875 792.75732421875 1381.0025634765625
917.1306762695312 1485.6702880859375 1132.0078125 1531.262939453125
1001.7640991210938 1591.103271484375 1178.2122802734375 2127.710205078125
256.53753662109375 611.8511962890625 1112.6837158203125 768.8746337890625
187.25918579101562 149.18609619140625 510.236083984375 201.93617248535156
259.4058837890625 1337.64697265625 382.6589660644531 1377.724853515625
1049.2982177734375 2076.42431640625 1178.362548828125 2127.6201171875
52.88938522338867 112.40475463867188 1128.4635009765625 246.02755737304688
72.52657318115234 664.8750610351562 185.23097229003906 711.0869140625
50.03606414794922 814.5231323242188 208.80419921875 973.1414184570312
47.428504943847656 1591.6580810546875 956.1934204101562 1961.5914306640625
259.97991943359375 725.477294921875 382.63299560546875 765.3402099609375
708.211669921875 2254.9658203125 766.755615234375 2290.989990234375
1052.205322265625 1842.0321044921875 1178.3363037109375 2000.8936767578125
259.6895446777344 1133.1026611328125 382.338623046875 1173.9154052734375
394.45587158203125 521.9776000976562 538.0345458984375 562.3184814453125
259.7059020996094 929.0339965820312 382.7189636230469 969.236083984375
259.726806640625 612.688232421875 407.7666015625 649.7252197265625
46.9222526550293 1591.486083984375 957.3036499023438 1959.7757568359375
49.69587707519531 610.5447387695312 209.31393432617188 768.854736328125
259.9299621582031 816.599365234375 347.30218505859375 854.0211181640625
45.18986129760742 1482.9747314453125 362.5038757324219 1535.5125732421875
49.07229232788086 1222.3406982421875 208.71011352539062 1380.78564453125
394.4497375488281 725.7349853515625 537.7609252929688 765.5167846679688
259.7999572753906 521.3516845703125 382.9764404296875 561.7991333007812
109.26365661621094 2158.282958984375 184.2313232421875 2233.3037109375
49.526145935058594 1018.7120361328125 208.72052001953125 1176.9443359375
918.03515625 309.19512939453125 1132.9044189453125 354.79644775390625
257.60028076171875 662.293212890625 1110.80322265625 710.0103149414062
993.08251953125 2157.854248046875 1069.05126953125 2233.906005859375
46.316280364990234 1589.637451171875 957.4573974609375 2129.562744140625
251.4390869140625 407.78985595703125 1151.440673828125 574.1368408203125
