642.4598388671875 1366.24755859375 827.0285034179688 1622.6322021484375
53.657386779785156 0.5592050552368164 154.16619873046875 86.65354919433594
262.4602966308594 366.36041259765625 454.2007751464844 400.87774658203125
750.4631958007812 35.07109832763672 793.5079956054688 56.86817932128906
129.13343811035156 815.16015625 309.1796569824219 853.0907592773438
46.576576232910156 118.22119903564453 159.0562286376953 230.08981323242188
128.6719970703125 592.421142578125 204.57740783691406 628.0366821289062
47.95387649536133 366.15301513671875 239.82821655273438 403.0194091796875
44.145652770996094 1647.288818359375 93.00338745117188 1699.312255859375
803.052978515625 1382.3187255859375 827.459716796875 1578.0509033203125
112.94034576416016 464.2837829589844 244.67800903320312 534.8673095703125
48.069854736328125 249.9492950439453 178.998291015625 334.2774353027344
546.133544921875 118.10028839111328 610.7742309570312 184.0528564453125
721.1480102539062 1649.5926513671875 765.9552001953125 1693.0606689453125
48.13310623168945 815.8072509765625 86.20246887207031 860.1257934570312
49.6319465637207 922.8856201171875 369.8924560546875 1128.9189453125
551.5977172851562 1649.5467529296875 597.131591796875 1697.501220703125
50.31720733642578 1199.521240234375 236.15591430664062 1239.186767578125
697.6922607421875 488.75970458984375 772.5838623046875 563.2971801757812
679.654296875 233.2109375 790.3609619140625 343.0382385253906
128.36642456054688 703.939208984375 235.44775390625 743.5386962890625
50.10112762451172 699.0159912109375 85.94590759277344 744.0894165039062
646.8534545898438 32.15074920654297 687.9249267578125 60.302242279052734
449.54998779296875 117.59286499023438 514.6776123046875 184.63771057128906
47.90925598144531 590.6719360351562 88.78585052490234 631.986328125
546.1307983398438 118.5888671875 610.4658203125 183.8883056640625
51.035465240478516 476.0874328613281 84.79035949707031 520.483642578125
351.12994384765625 109.76466369628906 435.4949645996094 186.3787841796875
642.965087890625 580.7574462890625 827.032958984375 777.0538330078125
680.1121215820312 841.9699096679688 789.5276489257812 953.5010375976562
697.5485229492188 30.24349594116211 730.1309204101562 57.937835693359375
