293.85479736328125 67.87651824951172 370.49700927734375 224.18853759765625
293.85479736328125 128.7781219482422 370.49700927734375 224.18853759765625
34.628597259521484 578.1591796875 149.9443359375 718.2531127929688
35.4073486328125 578.1591796875 157.6609649658203 638.4949340820312
35.88162612915039 578.1591796875 89.80641174316406 760.1824340820312
19.49793243408203 146.0135955810547 124.62001037597656 278.7027587890625
33.430076599121094 146.0135955810547 111.29645538330078 224.4161834716797
209.87440490722656 566.7240600585938 324.8421630859375 718.4541015625
210.47940063476562 566.7240600585938 294.2763977050781 638.2969360351562
34.68496322631836 317.8186340332031 149.98294067382812 469.7567443847656
35.1981086730957 317.8186340332031 138.91233825683594 389.6549987792969
34.628597259521484 566.8202514648438 149.9443359375 718.2531127929688
35.4073486328125 566.8202514648438 157.6609649658203 638.4949340820312
35.88162612915039 566.8202514648438 89.80641174316406 760.1824340820312
209.70899963378906 317.58868408203125 324.3934326171875 469.7825927734375
210.0637664794922 317.58868408203125 287.9042053222656 389.3971862792969
19.802419662475586 205.79786682128906 130.13720703125 232.93638610839844
280.1647033691406 205.84886169433594 374.44647216796875 232.9261932373047
209.70899963378906 398.62078857421875 324.3934326171875 469.7825927734375
36.01312255859375 566.6842041015625 80.15438079833984 610.523193359375
34.628597259521484 647.676025390625 149.9443359375 718.2531127929688
19.49793243408203 259.8891296386719 124.62001037597656 278.7027587890625
34.68496322631836 398.7221374511719 149.98294067382812 469.7567443847656
209.87440490722656 647.7574462890625 324.8421630859375 718.4541015625
298.6437072753906 128.6363525390625 355.9431457519531 185.9852294921875
135.95826721191406 205.6125946044922 274.11541748046875 232.7357177734375
275.4512634277344 301.96173095703125 355.0730895996094 347.81842041015625
35.1981086730957 376.8539733886719 138.91233825683594 389.6549987792969
194.83714294433594 551.2058715820312 356.3509521484375 780.7537841796875
79.653564453125 150.81790161132812 127.60193634033203 168.98619079589844
21.2572021484375 72.41942596435547 108.07766723632812 94.36093139648438
274.7599792480469 551.1637573242188 355.0509033203125 596.7852172851562
328.9682312011719 67.87651824951172 355.5364685058594 97.06777954101562
35.942535400390625 317.5599670410156 80.2027587890625 361.7673034667969
20.16579818725586 129.7842254638672 285.2629089355469 185.75967407226562
35.4073486328125 626.1544799804688 157.6609649658203 638.4949340820312
293.85479736328125 212.2042236328125 370.49700927734375 224.18853759765625
34.805389404296875 14.894696235656738 59.344215393066406 29.39823341369629
36.064247131347656 492.476318359375 89.4561767578125 511.24505615234375
210.0637664794922 377.20501708984375 287.9042053222656 389.3971862792969
298.47650146484375 128.7781219482422 355.9393310546875 185.7310791015625
100.1094741821289 302.19793701171875 178.7848358154297 348.4035949707031
315.8518371582031 15.25366497039795 331.0220947265625 29.167978286743164
294.8746032714844 261.294189453125 351.2162170410156 276.30712890625
99.72591400146484 551.353515625 179.1818389892578 597.1380004882812
211.23207092285156 492.431884765625 264.287109375 511.6278076171875
19.807767868041992 551.3768920898438 180.9752655029297 780.2802734375
47.87493896484375 578.1591796875 67.61205291748047 598.8712768554688
44.34736633300781 146.0135955810547 67.5108871459961 169.892822265625
35.88162612915039 741.7500610351562 89.80641174316406 760.1824340820312
210.47940063476562 626.3942260742188 294.2763977050781 638.2969360351562
210.8922882080078 741.4345703125 264.46624755859375 760.2860717773438
293.281005859375 16.34977149963379 311.71484375 30.035776138305664
210.59317016601562 566.7240600585938 255.24085998535156 610.5393676757812
19.6721248626709 302.6365966796875 180.86077880859375 530.9627075195312
194.93759155273438 302.1092529296875 356.1428527832031 531.22509765625
150.079833984375 211.7360382080078 252.91482543945312 224.59840393066406
336.3860778808594 16.745758056640625 359.21063232421875 28.596508026123047
35.942115783691406 317.8186340332031 80.09036254882812 361.5444641113281
35.88357162475586 566.8202514648438 80.06884765625 610.2932739257812
210.6720733642578 317.58868408203125 255.36080932617188 361.8799743652344
33.430076599121094 212.10919189453125 111.29645538330078 224.4161834716797
