691.623046875 1487.962890625 805.881103515625 1602.4212646484375
691.4615478515625 1488.14306640625 806.0939331054688 1601.6966552734375
739.732177734375 108.67300415039062 786.3040771484375 155.90011596679688
43.487545013427734 1426.0318603515625 148.4901885986328 1537.6302490234375
162.31483459472656 107.54329681396484 729.3317260742188 437.1180114746094
168.2291717529297 1603.91796875 200.35165405273438 1626.9368896484375
80.7601547241211 1653.1729736328125 126.81377410888672 1697.58837890625
163.91355895996094 731.279052734375 774.0086059570312 966.6619873046875
39.51732635498047 100.13568115234375 104.34249877929688 165.6610870361328
38.98176574707031 236.61366271972656 149.98495483398438 347.8040771484375
58.118797302246094 492.42291259765625 132.04965209960938 567.96728515625
697.7809448242188 29.016538619995117 730.048583984375 56.32333755493164
163.77210998535156 999.8185424804688 770.0717163085938 1120.2611083984375
657.0526123046875 457.98333740234375 689.958984375 490.86273193359375
166.6228790283203 512.7507934570312 395.49395751953125 546.1927490234375
500.5900573730469 1654.736083984375 539.2847290039062 1696.7662353515625
163.80313110351562 1155.2161865234375 787.5691528320312 1271.2969970703125
164.19227600097656 1311.9354248046875 730.2564697265625 1585.6724853515625
40.692848205566406 845.6905517578125 149.0004119873047 957.8974609375
122.73568725585938 1388.451416015625 148.46755981445312 1414.860595703125
40.11180114746094 636.1802368164062 149.08966064453125 748.1535034179688
290.6573791503906 1653.2467041015625 332.88616943359375 1695.7705078125
704.9306640625 1656.58837890625 746.9929809570312 1695.00830078125
