509.8883972167969 712.2088623046875 657.645751953125 857.002685546875
553.0132446289062 2185.205322265625 614.0928344726562 2305.64404296875
978.0504760742188 473.2938537597656 1124.043701171875 615.5762939453125
744.5029296875 475.12255859375 888.6376342773438 615.30908203125
276.7529296875 475.404296875 422.4017639160156 615.4786376953125
282.128662109375 712.98095703125 415.9169921875 856.1696166992188
553.0132446289062 2186.220703125 614.0928344726562 2305.64404296875
43.861656188964844 718.2114868164062 189.26605224609375 856.2713012695312
320.92022705078125 2183.27685546875 412.6109313964844 2306.086181640625
763.7144775390625 718.3857421875 872.2374877929688 856.0958862304688
494.1336364746094 481.2969055175781 675.7421875 615.3857421875
82.43096923828125 203.2734832763672 207.1014404296875 372.70184326171875
744.5029296875 475.4158630371094 888.6376342773438 615.30908203125
1020.2739868164062 2183.419677734375 1082.344482421875 2306.489013671875
644.5897827148438 1674.2481689453125 1040.857421875 1787.087158203125
645.0148315429688 1674.2481689453125 1028.2060546875 1895.31005859375
937.08740234375 203.44993591308594 1107.92333984375 371.9361877441406
389.46563720703125 203.4832305908203 488.15093994140625 372.380615234375
681.7849731445312 203.42005920410156 779.858642578125 372.0662536621094
61.620113372802734 479.96441650390625 169.8145751953125 615.774169921875
43.861656188964844 810.94482421875 189.26605224609375 856.2713012695312
48.91667938232422 937.6364135742188 250.87429809570312 1036.0379638671875
92.02328491210938 2065.750732421875 429.0702209472656 2111.826416015625
82.43096923828125 324.8332214355469 207.1014404296875 372.70184326171875
1020.2739868164062 2268.62548828125 1082.344482421875 2306.489013671875
1015.5374145507812 811.5271606445312 1089.372802734375 855.6926879882812
763.7144775390625 810.8648071289062 872.2374877929688 856.0958862304688
45.19369125366211 1522.2491455078125 270.0148010253906 1584.6005859375
281.2596435546875 959.2758178710938 1034.8262939453125 1014.0947875976562
646.0542602539062 2085.37451171875 754.93798828125 2128.754150390625
378.05853271484375 1270.715087890625 542.6197509765625 1310.0023193359375
276.7529296875 571.599853515625 422.4017639160156 615.4786376953125
452.9632263183594 1084.9593505859375 724.9061279296875 1145.7952880859375
320.92022705078125 2272.1865234375 412.6109313964844 2306.086181640625
787.6333618164062 2271.021240234375 848.6578979492188 2306.5712890625
87.29962921142578 2270.205322265625 147.3910369873047 2307.364501953125
978.0504760742188 571.3487548828125 1124.043701171875 615.5762939453125
646.1067504882812 2012.3427734375 840.5973510742188 2067.111083984375
97.14244842529297 202.75396728515625 195.19232177734375 302.62701416015625
598.6068115234375 1971.2547607421875 1122.3082275390625 2162.4306640625
475.16131591796875 1414.5595703125 542.9247436523438 1437.360595703125
744.5029296875 571.5635375976562 888.6376342773438 615.30908203125
788.8036499023438 2183.345703125 850.999267578125 2239.666015625
598.3646850585938 1626.734375 1123.2230224609375 1938.788818359375
681.8478393554688 202.78126525878906 780.0564575195312 302.74761962890625
975.164306640625 202.9691162109375 1072.8848876953125 302.4671630859375
282.128662109375 812.295654296875 415.9169921875 856.1696166992188
687.6644287109375 324.2678527832031 773.2081298828125 372.0662536621094
45.53962707519531 1085.398193359375 1123.6236572265625 1453.757080078125
782.5682373046875 2086.066162109375 1058.9195556640625 2128.9873046875
61.620113372802734 571.8104858398438 169.8145751953125 615.774169921875
474.4418640136719 1413.1231689453125 695.0360717773438 1438.812744140625
88.2096939086914 2183.343017578125 147.57347106933594 2241.389892578125
397.0712890625 323.68621826171875 480.7218322753906 372.380615234375
547.6002197265625 712.2088623046875 619.2614135742188 784.713134765625
555.0723266601562 2185.205322265625 611.8223266601562 2239.196044921875
139.7181854248047 963.3564453125 213.62539672851562 1006.1337890625
80.36750030517578 479.27911376953125 153.8480987548828 538.6168212890625
1022.2010498046875 473.2938537597656 1085.196533203125 547.0660400390625
645.6343994140625 2084.445556640625 1059.67041015625 2129.870849609375
644.5897827148438 1741.851318359375 1040.857421875 1787.087158203125
519.1444702148438 1093.601318359375 654.6514282226562 1132.795654296875
553.0132446289062 2271.802978515625 614.0928344726562 2305.64404296875
783.8043212890625 475.12255859375 853.3154296875 544.7821655273438
1035.71728515625 1530.1318359375 1119.1427001953125 1579.8131103515625
91.27973175048828 1670.5411376953125 274.91693115234375 1724.6104736328125
319.8616943359375 475.404296875 383.2232360839844 548.7899169921875
314.37506103515625 712.98095703125 387.6610107421875 785.4750366210938
555.4480590820312 2186.220703125 611.1353759765625 2238.336181640625
646.311279296875 1742.7574462890625 755.2322387695312 1785.279052734375
645.5609741210938 1849.4053955078125 869.0294189453125 1893.4547119140625
80.05062103271484 718.2114868164062 154.25839233398438 779.0379638671875
364.0921936035156 1334.247314453125 805.255615234375 1405.707275390625
323.2046203613281 2183.27685546875 379.0583801269531 2239.82080078125
509.8883972167969 811.4505004882812 657.645751953125 857.002685546875
267.2334899902344 800.1928100585938 434.010986328125 872.4464111328125
782.87841796875 718.3857421875 856.1685791015625 779.426513671875
546.389892578125 481.2969055175781 621.8194580078125 540.8815307617188
645.0148315429688 1847.401611328125 1028.2060546875 1895.31005859375
97.08265686035156 203.2734832763672 195.02792358398438 302.00921630859375
646.5455322265625 1670.0013427734375 843.7935180664062 1725.0279541015625
93.59244537353516 1952.869873046875 225.6382293701172 1995.53173828125
783.9945068359375 475.4158630371094 853.3245239257812 544.7478637695312
1027.716064453125 2183.419677734375 1077.264892578125 2243.342041015625
174.10845947265625 42.08988952636719 864.2373046875 135.05831909179688
856.8043212890625 1674.2481689453125 932.7266235351562 1718.826171875
494.1336364746094 570.9419555664062 675.7421875 615.3857421875
97.74773406982422 1742.9554443359375 283.9324951171875 1787.3349609375
937.08740234375 323.2098083496094 1107.92333984375 371.9361877441406
46.24393844604492 1628.5352783203125 568.0526733398438 2161.36767578125
922.0337524414062 60.9199333190918 979.3151245117188 114.97490692138672
975.1016235351562 203.44993591308594 1072.672607421875 301.9102478027344
389.46563720703125 203.4832305908203 488.15093994140625 302.0028381347656
681.7849731445312 203.42005920410156 779.858642578125 301.9219055175781
563.3853149414062 1270.590576171875 793.2647094726562 1310.5382080078125
94.86009979248047 1866.1688232421875 290.3709411621094 1933.1422119140625
56.353973388671875 55.010494232177734 118.08905792236328 119.1165542602539
80.62818908691406 479.96441650390625 153.47930908203125 538.0625
42.74142837524414 557.2890625 195.3138427734375 642.998779296875
1054.2969970703125 35.43513107299805 1147.489990234375 112.40556335449219
