31.136457443237305 91.82931518554688 1170.4158935546875 338.13916015625
688.6947631835938 677.13623046875 1007.016845703125 975.5458984375
395.7649841308594 1515.3433837890625 1058.68017578125 1703.8740234375
1117.5970458984375 1938.8089599609375 1145.3863525390625 1986.321533203125
397.4184265136719 1904.3284912109375 905.9049072265625 2034.6517333984375
2.6902947425842285 2167.666015625 1176.987548828125 2416.245361328125
1022.908447265625 676.9641723632812 1178.274658203125 979.4861450195312
133.25961303710938 59.65529251098633 1142.872314453125 189.66958618164062
972.597412109375 415.6692199707031 1140.5076904296875 616.6953125
421.34197998046875 1024.388916015625 756.9451293945312 1066.5728759765625
3.333019733428955 368.8466491699219 921.63037109375 522.1651000976562
357.0101013183594 676.1140747070312 673.5409545898438 977.0098876953125
394.18585205078125 1152.2843017578125 1050.781005859375 1342.3956298828125
921.6168823242188 367.37628173828125 1176.8885498046875 518.6640625
39.95136642456055 570.2808227539062 287.7953186035156 630.2002563476562
2.8079333305358887 219.56275939941406 1176.28662109375 364.1539306640625
21.887676239013672 675.8860473632812 340.573486328125 975.206298828125
