24.618392944335938 62.251197814941406 59.544960021972656 134.14251708984375
156.28355407714844 57.11740493774414 218.13766479492188 76.5849838256836
299.86907958984375 43.72565841674805 350.4332275390625 93.93553924560547
25.10811424255371 318.018310546875 350.8375549316406 392.5616455078125
24.649658203125 490.9835205078125 350.4808349609375 555.3862915039062
86.8198013305664 637.762451171875 276.1151428222656 721.9381713867188
24.748172760009766 43.874786376953125 75.07040405273438 93.59081268310547
311.58551025390625 634.069091796875 349.94049072265625 781.2239379882812
24.09274673461914 422.877685546875 80.30299377441406 594.8451538085938
24.656105041503906 232.75979614257812 350.71246337890625 306.9433288574219
24.917184829711914 404.90167236328125 350.522216796875 477.9820861816406
25.00336265563965 147.67552185058594 350.6478576660156 220.2984161376953
24.947874069213867 608.3831787109375 350.4453430175781 681.8300170898438
25.426916122436523 694.3660278320312 350.45294189453125 728.4935913085938
0.4626139998435974 727.2448120117188 374.56658935546875 811.6956787109375
24.805110931396484 43.62837600708008 75.08780670166016 93.77539825439453
