25.326143264770508 444.6092224121094 350.36309814453125 495.051025390625
25.439422607421875 640.0548706054688 350.2397766113281 690.3391723632812
132.58700561523438 126.64173889160156 240.55711364746094 266.4541320800781
25.37442398071289 510.15057373046875 350.617919921875 560.71435546875
24.749357223510742 43.68534851074219 75.08944702148438 93.90519714355469
25.46068000793457 575.046142578125 350.3399963378906 625.1128540039062
114.26887512207031 126.64173889160156 257.62030029296875 243.11587524414062
143.740478515625 126.48503875732422 229.34442138671875 210.9653778076172
25.46651268005371 314.44622802734375 350.50048828125 365.5184631347656
25.592554092407227 380.6254577636719 350.5045166015625 430.10015869140625
0.5083568096160889 727.0051879882812 374.7613830566406 811.534423828125
158.8360595703125 56.982032775878906 216.8633270263672 76.0794677734375
299.9613342285156 43.767662048339844 350.2665100097656 93.85807037353516
24.714906692504883 43.82365036010742 75.12103271484375 93.72438049316406
