25.007049560546875 43.911075592041016 74.97795867919922 93.82169342041016
24.853885650634766 726.7283935546875 350.7017822265625 811.46484375
25.26883316040039 504.188720703125 349.8406677246094 555.6668701171875
24.886110305786133 44.07084655761719 135.98245239257812 235.25230407714844
261.04925537109375 618.5655517578125 332.2385559082031 692.0687255859375
25.883562088012695 570.27783203125 350.8242492675781 648.766845703125
24.8903751373291 119.13407135009766 349.94189453125 195.54660034179688
293.32977294921875 44.09290313720703 350.2354736328125 234.65118408203125
98.34446716308594 304.5762634277344 149.72589111328125 377.2944641113281
25.576013565063477 257.0284729003906 350.9547424316406 343.2472839355469
156.39422607421875 57.1440544128418 218.0743865966797 76.75030517578125
98.51631927490234 618.866943359375 149.94061279296875 691.2952880859375
25.888715744018555 413.0351257324219 351.1938171386719 496.95709228515625
300.101318359375 44.023170471191406 350.15948486328125 93.75760650634766
25.313404083251953 657.7611694335938 349.9725341796875 712.3282470703125
25.45731544494629 349.48114013671875 349.8089904785156 398.5092468261719
