24.47038459777832 114.5910415649414 350.8152770996094 194.645263671875
24.859556198120117 43.96880340576172 75.08366394042969 93.61527252197266
299.9952087402344 43.8244514465332 350.1852111816406 93.73188781738281
77.96540069580078 44.75385284423828 297.20928955078125 92.99520111083984
82.75743865966797 578.6661376953125 198.70535278320312 595.1630249023438
25.199722290039062 369.003173828125 350.8736267089844 419.2713317871094
24.87518310546875 43.7778434753418 75.04591369628906 93.77381134033203
25.166072845458984 238.6009521484375 350.5442810058594 289.0712585449219
25.28071403503418 628.919677734375 350.3875732421875 679.3673706054688
82.88742065429688 579.2362060546875 329.3507995605469 596.2413330078125
24.921131134033203 727.1911010742188 350.2669372558594 778.5779418945312
25.0405330657959 304.097900390625 350.304443359375 354.1783447265625
25.36036491394043 434.1432800292969 350.43914794921875 484.2978820800781
25.340024948120117 499.1661682128906 350.2955627441406 549.3904418945312
39.98016357421875 573.7728271484375 69.84838104248047 603.359619140625
