101.61627197265625 2200.43994140625 191.07180786132812 2310.69140625
987.9202270507812 2201.11474609375 1075.8009033203125 2310.091552734375
372.17913818359375 646.0482177734375 562.7858276367188 914.416259765625
393.6710205078125 2206.052734375 489.3973083496094 2313.171875
667.089111328125 2200.7900390625 805.9268188476562 2312.578857421875
38.135833740234375 647.2357788085938 247.7252197265625 917.2088012695312
47.058040618896484 264.37115478515625 362.6707458496094 573.8560791015625
92.66255187988281 1099.43896484375 680.4075317382812 1391.1715087890625
987.9202270507812 2275.888427734375 1075.8009033203125 2310.091552734375
667.089111328125 2277.317626953125 805.9268188476562 2312.578857421875
38.135833740234375 867.5961303710938 247.7252197265625 917.2088012695312
95.63431549072266 1545.772705078125 403.5802307128906 1596.1112060546875
116.66007995605469 2200.43994140625 177.40347290039062 2263.560546875
1002.4464721679688 2201.11474609375 1060.444580078125 2260.572021484375
1030.6064453125 37.48099899291992 1131.4281005859375 140.613525390625
101.61627197265625 2276.185546875 191.07180786132812 2310.69140625
47.058040618896484 510.424560546875 362.6707458496094 573.8560791015625
48.246742248535156 1746.107421875 813.5843505859375 1809.9002685546875
46.909873962402344 37.68411636352539 150.43931579589844 139.87754821777344
612.3549194335938 2002.0196533203125 1130.7017822265625 2148.99951171875
903.552978515625 37.722415924072266 1006.1744995117188 139.3828125
397.9100036621094 868.3151245117188 536.5953369140625 914.416259765625
393.6710205078125 2277.733642578125 489.3973083496094 2313.171875
777.3992919921875 36.64333724975586 879.2171020507812 140.0207977294922
775.6663208007812 2048.78271484375 969.6302490234375 2101.08837890625
372.17913818359375 646.0482177734375 562.7858276367188 835.3489379882812
826.1178588867188 1365.8477783203125 1056.8145751953125 1542.3489990234375
46.93040466308594 192.15626525878906 1132.9617919921875 431.5752258300781
415.5477600097656 2206.052734375 472.4702453613281 2258.7666015625
47.45974349975586 2002.71484375 567.84326171875 2149.224609375
49.802059173583984 646.7899780273438 238.16285705566406 835.6100463867188
713.2324829101562 2200.7900390625 758.4332275390625 2263.518798828125
49.40142059326172 647.2357788085938 238.3639678955078 835.1956176757812
1039.9306640625 1098.4757080078125 1080.447509765625 1144.0777587890625
240.78167724609375 338.4583435058594 539.063720703125 384.6250915527344
47.18844985961914 1045.9273681640625 1132.5526123046875 1644.205322265625
96.30809783935547 261.72442626953125 191.0508270263672 358.07977294921875
1056.4947509765625 59.508792877197266 1108.5869140625 122.29287719726562
906.4072265625 40.408790588378906 1004.1798095703125 137.84207153320312
98.12887573242188 264.37115478515625 190.00428771972656 356.3938903808594
777.6766967773438 36.981727600097656 878.721435546875 139.29002380371094
