275.1354675292969 801.9767456054688 461.86907958984375 945.1586303710938
81.549560546875 576.5115356445312 227.61953735351562 712.8915405273438
263.0223388671875 574.7528076171875 486.28692626953125 712.4031982421875
726.7886352539062 568.6696166992188 873.539306640625 714.7831420898438
923.0302734375 801.8831176757812 1108.553466796875 946.0238037109375
725.600830078125 798.9390869140625 872.8218994140625 946.2708740234375
941.7098999023438 570.9484252929688 1088.3106689453125 714.2173461914062
511.6661682128906 801.943359375 659.1217651367188 945.410888671875
79.65953826904297 805.744140625 229.38479614257812 945.5313110351562
511.46258544921875 569.3869018554688 660.2584228515625 713.7208251953125
94.92208099365234 1376.2913818359375 491.1298522949219 1583.187744140625
631.0826416015625 1229.5343017578125 808.5733032226562 1330.931640625
79.65953826904297 901.2426147460938 229.38479614257812 945.5313110351562
856.732177734375 1229.9161376953125 1061.2664794921875 1331.3095703125
94.38939666748047 1229.6409912109375 274.2577209472656 1331.16015625
726.7886352539062 669.5482177734375 873.539306640625 714.7831420898438
263.0223388671875 669.0565795898438 486.28692626953125 712.4031982421875
275.1354675292969 900.9620971679688 461.86907958984375 945.1586303710938
94.92208099365234 1522.83642578125 491.1298522949219 1583.187744140625
318.98480224609375 1229.776611328125 584.110595703125 1330.38818359375
725.600830078125 901.24365234375 872.8218994140625 946.2708740234375
46.360572814941406 2135.735595703125 270.0331726074219 2197.3408203125
923.0302734375 900.7664184570312 1108.553466796875 946.0238037109375
94.18612670898438 2290.972900390625 193.77952575683594 2347.870849609375
94.54884338378906 1375.0283203125 340.75006103515625 1432.06787109375
941.7098999023438 670.4755859375 1088.3106689453125 714.2173461914062
511.46258544921875 669.2119140625 660.2584228515625 713.7208251953125
511.6661682128906 901.5394897460938 659.1217651367188 945.410888671875
64.8522720336914 336.99969482421875 507.5602111816406 391.3739013671875
94.0478515625 1673.8409423828125 390.99896240234375 1733.2301025390625
94.92778015136719 1974.3280029296875 290.4866027832031 2031.0941162109375
523.3905029296875 1523.720947265625 583.3775634765625 1587.239501953125
404.0705261230469 40.06792068481445 758.8272705078125 102.6158218383789
373.7619934082031 1373.839111328125 435.75433349609375 1435.899658203125
902.7194213867188 1253.9144287109375 1028.4412841796875 1307.479248046875
92.05517578125 1117.7459716796875 315.0055847167969 1178.78662109375
81.549560546875 669.299560546875 227.61953735351562 712.8915405273438
364.1627502441406 1253.2545166015625 538.095703125 1306.1170654296875
95.78128051757812 1823.9813232421875 639.96875 1882.3916015625
331.15875244140625 574.2416381835938 407.2320251464844 639.0355224609375
332.5773620605469 801.9767456054688 406.5132141113281 872.7150268554688
62.65815353393555 222.95654296875 190.88648986816406 288.0761413574219
116.33184051513672 576.5115356445312 194.263427734375 639.6220703125
120.2623519897461 805.2615356445312 188.7941436767578 872.2845458984375
331.3199768066406 574.7528076171875 406.949951171875 638.2735595703125
595.6940307617188 2247.616455078125 798.1408081054688 2374.952880859375
675.7095336914062 1255.12890625 760.4010009765625 1306.660888671875
595.9995727539062 2243.8974609375 1123.662841796875 2395.46435546875
525.49560546875 1527.305419921875 581.5051879882812 1585.737060546875
769.9500122070312 568.6696166992188 833.4722900390625 643.1685791015625
93.38672637939453 1818.119873046875 1104.3033447265625 1894.4034423828125
46.942726135253906 2245.237060546875 573.0321655273438 2394.7978515625
983.2118530273438 801.8831176757812 1049.814453125 874.0853881835938
762.3270263671875 798.9390869140625 837.0051879882812 875.8058471679688
983.289306640625 570.9484252929688 1046.864990234375 642.3930053710938
546.672607421875 801.943359375 623.434814453125 872.0679321289062
120.341064453125 805.744140625 188.62977600097656 872.1423950195312
547.4478149414062 569.3869018554688 617.5171508789062 638.6878662109375
711.5332641601562 656.2801513671875 891.5283813476562 745.8456420898438
1072.539794921875 18.924856185913086 1146.9095458984375 79.55656433105469
702.7105102539062 887.2252197265625 891.1923828125 971.586181640625
376.45806884765625 1376.2913818359375 433.5721435546875 1432.779296875
230.38352966308594 222.20938110351562 452.6410827636719 286.7829895019531
1072.2998046875 18.917287826538086 1147.5174560546875 80.29684448242188
923.8583984375 656.7750244140625 1102.11328125 748.8394165039062
492.345947265625 886.90087890625 668.6942138671875 986.4902954101562
256.0400085449219 887.8302612304688 477.0368347167969 972.3919677734375
906.2252807617188 887.3037719726562 1120.24267578125 984.223388671875
62.433780670166016 220.85153198242188 454.68206787109375 288.9017333984375
500.8569030761719 652.94970703125 676.1848754882812 745.0166625976562
44.81568145751953 2131.953857421875 1139.6649169921875 2200.597412109375
253.00559997558594 657.7837524414062 491.993408203125 746.6011962890625
