35.621055603027344 546.973876953125 162.45263671875 609.2113647460938
249.42176818847656 773.0004272460938 331.4929504394531 811.6314697265625
336.1697082519531 16.337417602539062 359.5699157714844 28.998737335205078
20.785411834716797 0.27983227372169495 76.86421203613281 42.03524398803711
116.23196411132812 136.10830688476562 247.44126892089844 294.70416259765625
240.09718322753906 545.3182983398438 338.75311279296875 683.1333618164062
35.46461868286133 650.365478515625 199.46160888671875 792.38720703125
293.0140686035156 16.237144470214844 311.5917663574219 30.03632354736328
31.85999298095703 323.0117492675781 343.6040344238281 393.0564880371094
136.7765655517578 66.62831115722656 230.058837890625 112.66539001464844
185.6504669189453 417.1589050292969 351.1258239746094 467.1227111816406
53.97775650024414 623.3023681640625 143.22500610351562 635.649658203125
137.48704528808594 136.10830688476562 237.17298889160156 377.3050842285156
235.56201171875 253.53561401367188 252.76083374023438 270.9710693359375
238.31431579589844 725.3577880859375 338.3345642089844 811.5723266601562
25.21934700012207 416.9595031738281 351.4399719238281 466.7676696777344
305.1468200683594 67.5401382446289 349.5188903808594 112.10655975341797
23.473281860351562 67.34967041015625 68.16519165039062 112.32142639160156
36.9763069152832 805.0723266601562 144.03286743164062 811.958251953125
24.020416259765625 494.1883850097656 142.7341766357422 511.8051452636719
137.30679321289062 135.53173828125 237.61911010742188 235.81288146972656
240.0947723388672 543.9615478515625 338.70306396484375 683.79296875
