94.93328094482422 741.3759155273438 129.63568115234375 786.9863891601562
321.28961181640625 742.108154296875 354.2203063964844 787.2023315429688
22.30756378173828 742.2216796875 52.975101470947266 786.965576171875
23.512699127197266 163.55030822753906 110.88269805908203 282.4783630371094
171.33795166015625 741.7318115234375 203.69906616210938 787.9050903320312
23.582490921020508 305.50390625 164.16104125976562 574.010986328125
310.8960876464844 605.7221069335938 351.242431640625 645.5342407226562
233.76953125 774.5641479492188 290.7569885253906 787.8064575195312
22.30756378173828 775.1060180664062 52.975101470947266 786.965576171875
184.6571807861328 245.1848602294922 264.3955993652344 278.31390380859375
94.93328094482422 775.16796875 129.63568115234375 786.9863891601562
171.33795166015625 774.566162109375 203.69906616210938 787.9050903320312
272.1595764160156 245.3382568359375 351.4716491699219 278.2420654296875
321.28961181640625 774.4481201171875 354.2203063964844 787.2023315429688
310.99835205078125 677.4984130859375 351.2459411621094 717.790283203125
96.11691284179688 604.4175415039062 215.9589080810547 645.5927734375
179.7206268310547 305.67022705078125 320.136474609375 515.9564208984375
23.512699127197266 242.60400390625 110.88269805908203 282.4783630371094
23.225812911987305 597.5914916992188 79.957763671875 654.1209106445312
24.06563377380371 556.5917358398438 91.68878173828125 574.010986328125
39.76759719848633 479.2255554199219 93.0276107788086 496.56341552734375
23.784549713134766 669.2335205078125 80.20811462402344 726.1240234375
335.6918029785156 305.2771911621094 374.9367980957031 515.8560791015625
23.789857864379883 305.3264465332031 164.1360321044922 515.5477905273438
33.61112594604492 13.551900863647461 61.54680252075195 28.020450592041016
179.6810760498047 306.098388671875 320.19305419921875 515.7467041015625
96.85269927978516 630.7613525390625 204.6457061767578 644.9277954101562
62.590980529785156 103.52503967285156 311.307373046875 118.43046569824219
102.14524841308594 741.3759155273438 123.95372772216797 763.8294677734375
329.33721923828125 742.108154296875 347.286865234375 763.4417724609375
29.451261520385742 742.2216796875 47.428138732910156 762.69091796875
49.012001037597656 163.55030822753906 67.14596557617188 181.40069580078125
23.787302017211914 669.3983154296875 80.11919403076172 726.0507202148438
23.87565040588379 143.657958984375 351.4985656738281 201.8596649169922
177.02691650390625 741.7318115234375 199.43699645996094 763.2052612304688
120.07282257080078 76.9091567993164 253.7533416748047 98.92594909667969
23.317325592041016 597.7241821289062 79.93167114257812 653.8131713867188
23.582490921020508 305.50390625 164.16104125976562 515.46435546875
95.79509735107422 676.787109375 204.8859405517578 717.8580932617188
293.2106628417969 16.156259536743164 311.5030517578125 30.06662368774414
96.24343872070312 677.192626953125 190.1305694580078 694.2658081054688
294.451171875 255.18490600585938 329.0036315917969 268.6214904785156
315.81805419921875 15.323801040649414 331.00958251953125 29.100217819213867
311.0110778808594 605.9302978515625 351.1709899902344 645.2449951171875
311.14208984375 677.7086791992188 351.2841491699219 717.6409301757812
351.7949523925781 479.2994689941406 374.7691650390625 495.6306457519531
305.7160949707031 559.7642211914062 350.4399108886719 573.0411987304688
335.4978942871094 305.52325439453125 374.87005615234375 515.4522705078125
96.80937194824219 702.8226928710938 204.6798858642578 717.075439453125
336.7762756347656 16.95210838317871 357.7967529296875 27.981847763061523
195.65435791015625 479.35455322265625 251.00205993652344 496.856201171875
24.652803421020508 0.2998104691505432 71.02884674072266 40.726985931396484
96.43214416503906 605.1077880859375 215.72305297851562 621.451171875
