407.5005187988281 1178.3594970703125 754.5509643554688 1387.3660888671875
780.6605224609375 1177.4471435546875 1127.638427734375 1387.4117431640625
37.07273483276367 1178.2535400390625 382.75048828125 1387.0623779296875
695.3599243164062 1961.2181396484375 984.4735717773438 2079.985107421875
90.0295639038086 1871.7528076171875 424.1112976074219 1924.576416015625
384.22979736328125 1961.5980224609375 672.5744018554688 2076.435302734375
90.74124145507812 1706.836181640625 343.0830383300781 1750.8983154296875
78.1615982055664 1229.018310546875 329.5130615234375 1340.36474609375
1007.664306640625 1959.88623046875 1099.933837890625 2075.146484375
494.8749084472656 2104.65380859375 674.174072265625 2281.12744140625
70.7626953125 1961.5360107421875 359.4125671386719 2077.685791015625
746.1008911132812 1527.3564453125 1133.747802734375 1802.9100341796875
37.97471618652344 1534.394287109375 1136.212158203125 1804.705078125
78.98278045654297 1294.5631103515625 329.3666687011719 1338.0557861328125
89.8514633178711 824.9598388671875 303.8094482421875 867.4476318359375
823.4790649414062 1294.5311279296875 1070.9384765625 1338.5906982421875
89.86698913574219 1059.4283447265625 586.7388305664062 1105.6573486328125
58.73715591430664 142.94265747070312 852.5309448242188 266.7726745605469
935.1854248046875 980.7577514648438 1077.69091796875 1114.587158203125
36.990234375 654.558349609375 1135.8289794921875 920.982177734375
90.6188735961914 1604.3038330078125 335.7794494628906 1688.2244873046875
89.5363998413086 822.7313842773438 497.85693359375 868.7837524414062
315.9938049316406 823.199951171875 496.7768249511719 867.92529296875
1007.6209716796875 1960.7467041015625 1099.8648681640625 2074.39990234375
450.7248229980469 1294.483642578125 666.2991943359375 1337.9537353515625
71.32649230957031 297.701904296875 369.6584167480469 348.3518981933594
451.5287170410156 1230.7677001953125 638.5325317382812 1284.3238525390625
93.46824645996094 720.9945068359375 334.3995666503906 805.6969604492188
80.43486022949219 1229.992919921875 266.0722351074219 1285.4149169921875
60.54413986206055 289.26171875 535.4540405273438 358.2782897949219
822.2704467773438 1230.1842041015625 1071.81689453125 1340.3994140625
383.5623779296875 1962.40966796875 672.41064453125 2075.836669921875
494.705078125 2105.043212890625 673.8292846679688 2280.5341796875
38.27800750732422 943.89990234375 1134.274169921875 1154.468505859375
695.0977783203125 1962.0377197265625 984.2032470703125 2079.694091796875
449.404052734375 1229.1387939453125 668.15380859375 1340.4248046875
70.40008544921875 1961.47021484375 360.1370544433594 2077.082763671875
91.84088134765625 996.4360961914062 278.5627746582031 1050.5982666015625
