355.4440612792969 2898.26708984375 451.2095642089844 3015.7666015625
646.065673828125 2894.99853515625 764.7249145507812 3010.135986328125
355.4440612792969 2974.77197265625 451.2095642089844 3015.7666015625
102.55037689208984 2975.161376953125 167.36355590820312 3016.501953125
268.76580810546875 2357.472412109375 602.9664916992188 2425.74072265625
265.58642578125 2591.5537109375 489.44683837890625 2658.123291015625
270.80853271484375 958.5919189453125 603.113525390625 1027.1744384765625
269.666015625 495.40277099609375 381.6055908203125 561.0155639648438
267.9851379394531 263.1315002441406 378.2061767578125 326.529296875
267.13311767578125 1192.767578125 377.2108459472656 1259.6668701171875
266.6891174316406 726.2796630859375 492.337158203125 794.3912963867188
646.065673828125 2972.12158203125 764.7249145507812 3010.135986328125
1298.1160888671875 239.0087432861328 1405.3758544921875 345.71282958984375
984.5397338867188 2973.511474609375 1050.052734375 3015.243896484375
57.21428680419922 1866.476318359375 170.37734985351562 1978.3243408203125
52.20613479614258 1390.7777099609375 177.30319213867188 1520.923583984375
268.3947448730469 1890.9302978515625 491.2803955078125 1959.463134765625
1297.501708984375 471.4095153808594 1405.717041015625 578.2047119140625
50.332637786865234 1159.9754638671875 179.30921936035156 1286.0250244140625
268.48583984375 1425.2115478515625 377.5826721191406 1493.1983642578125
673.688232421875 25.707170486450195 763.9036254882812 117.1463623046875
267.7284851074219 2123.32421875 491.1487731933594 2194.149169921875
49.9556884765625 460.6828918457031 178.00282287597656 591.8153686523438
49.092926025390625 226.52401733398438 177.9614715576172 357.9385986328125
298.2415771484375 46.77549362182617 337.7942810058594 97.50044250488281
268.2546691894531 1657.6123046875 488.90631103515625 1726.343994140625
59.575401306152344 927.8355712890625 168.61314392089844 1054.164794921875
975.5125732421875 2895.79052734375 1032.6297607421875 2960.576171875
1297.706787109375 2567.53564453125 1405.4049072265625 2675.998046875
57.650943756103516 2110.192626953125 172.0825653076172 2205.20703125
1298.2811279296875 705.0620727539062 1404.9571533203125 811.4742431640625
1297.337158203125 1402.8160400390625 1404.472412109375 1509.8023681640625
372.572021484375 2898.26708984375 441.1199951171875 2962.355712890625
1297.3294677734375 1868.881591796875 1404.1202392578125 1976.5364990234375
50.150577545166016 692.6151123046875 178.90481567382812 823.449951171875
106.88903045654297 2905.20263671875 162.421142578125 2955.4658203125
48.91584777832031 2325.3525390625 179.2184295654297 2455.3349609375
678.5159912109375 2894.99853515625 729.3235473632812 2965.032470703125
49.66086959838867 1623.818115234375 178.98387145996094 1755.232421875
1297.495849609375 1635.3697509765625 1404.66455078125 1744.3878173828125
1270.25830078125 2974.51123046875 1335.003662109375 3015.55078125
50.937965393066406 2564.832275390625 177.51455688476562 2679.861572265625
107.59880065917969 46.395809173583984 203.13595581054688 96.66026306152344
1297.406494140625 936.1002807617188 1405.4273681640625 1044.1771240234375
1298.11572265625 1169.929931640625 1404.7608642578125 1277.0938720703125
1298.3345947265625 2335.9794921875 1404.6253662109375 2443.1376953125
1297.739013671875 2102.032470703125 1405.033935546875 2208.69873046875
216.43765258789062 47.81551742553711 264.3323974609375 96.08230590820312
645.0341796875 1.803706407546997 795.5384521484375 157.90725708007812
233.0974884033203 222.41151428222656 406.79437255859375 368.0830993652344
1166.5924072265625 46.519287109375 1231.171142578125 96.63360595703125
