314.4750671386719 739.4869384765625 341.56982421875 776.567138671875
128.87832641601562 742.301025390625 151.66384887695312 776.4625244140625
32.55150604248047 740.6918334960938 60.94593048095703 776.4449462890625
220.17138671875 742.0404663085938 247.6919708251953 776.3925170898438
114.85227966308594 336.76885986328125 258.6578063964844 469.8572692871094
119.30374145507812 336.76885986328125 160.4857940673828 393.57696533203125
256.7270202636719 16.102102279663086 358.8837585449219 181.07479858398438
114.85227966308594 337.0203857421875 258.6578063964844 469.8572692871094
207.98675537109375 337.0203857421875 244.57830810546875 393.6293640136719
32.55150604248047 740.719482421875 60.94593048095703 776.4449462890625
15.551799774169922 336.12127685546875 105.63421630859375 529.4022827148438
295.6822814941406 336.4344787597656 343.58447265625 393.75067138671875
295.6822814941406 326.062744140625 343.58447265625 393.75067138671875
114.85227966308594 326.2631530761719 258.6578063964844 469.8572692871094
191.84249877929688 309.6401062011719 272.0337829589844 425.3273620605469
15.414138793945312 309.7966003417969 96.05093383789062 425.50439453125
103.93122100830078 309.8800354003906 184.08245849609375 425.34503173828125
279.9311828613281 309.8465270996094 360.161865234375 425.3783264160156
128.87832641601562 765.0262451171875 151.66384887695312 776.4625244140625
32.55150604248047 765.2845458984375 60.94593048095703 776.4449462890625
295.6822814941406 381.6686096191406 343.58447265625 393.75067138671875
55.888328552246094 640.0546875 158.90081787109375 654.9306030273438
319.6036071777344 739.4869384765625 336.8797912597656 761.7266845703125
55.91071319580078 571.5496215820312 185.18435668945312 588.5419921875
129.98121643066406 742.301025390625 151.2584991455078 759.50146484375
220.17138671875 764.7176513671875 247.6919708251953 776.3925170898438
314.4750671386719 765.1738891601562 341.56982421875 776.567138671875
114.85227966308594 453.753173828125 258.6578063964844 469.8572692871094
119.30374145507812 381.7441711425781 160.4857940673828 393.57696533203125
316.083984375 514.4015502929688 358.1726379394531 528.9143676757812
15.551799774169922 514.112060546875 105.63421630859375 529.4022827148438
36.94267272949219 740.6918334960938 56.853023529052734 761.4932250976562
221.9951934814453 742.0404663085938 246.700927734375 759.4246826171875
137.8275604248047 218.21844482421875 236.03053283691406 232.998291015625
15.522930145263672 278.3385314941406 101.12218475341797 293.977783203125
31.78178596496582 381.9119873046875 59.17345428466797 393.4794006347656
296.4665832519531 326.08416748046875 343.4664001464844 373.4494934082031
208.33253479003906 326.2980041503906 255.65480041503906 373.3611145019531
33.071311950683594 14.777155876159668 63.46247482299805 30.28231430053711
333.75970458984375 641.6867065429688 358.6115417480469 653.6036376953125
120.25997161865234 326.204833984375 167.3681182861328 373.39752197265625
131.70379638671875 336.76885986328125 156.65452575683594 362.4352111816406
316.8717041015625 16.102102279663086 331.6640930175781 28.91047477722168
316.0063781738281 278.3697814941406 358.23077392578125 292.9610595703125
32.29768753051758 326.4700012207031 79.36213684082031 373.4211730957031
207.98675537109375 381.89910888671875 244.57830810546875 393.6293640136719
15.908733367919922 150.07406616210938 40.94244384765625 161.13458251953125
15.503682136535645 563.3536376953125 48.060062408447266 596.6484375
320.8865966796875 150.0312042236328 358.9893493652344 161.9794158935547
123.57421875 710.5418701171875 198.53225708007812 724.6015625
219.90374755859375 337.0203857421875 244.26553344726562 362.368896484375
256.7270202636719 165.74063110351562 358.8837585449219 181.07479858398438
15.746970176696777 632.0468139648438 48.11885070800781 662.7208251953125
142.99114990234375 64.7222671508789 231.4480438232422 87.25920104980469
36.87263870239258 740.719482421875 56.795562744140625 761.524169921875
201.56927490234375 710.1949462890625 249.3984375 725.4647216796875
42.19053268432617 336.12127685546875 70.02218627929688 363.4161071777344
307.52117919921875 336.4344787597656 333.4126281738281 363.08404541015625
15.883977890014648 166.99607849121094 43.30628967285156 180.6944122314453
26.03760528564453 0.24696028232574463 73.29723358154297 42.47483444213867
16.196083068847656 115.2265625 272.31256103515625 134.34754943847656
293.09051513671875 17.307849884033203 310.9443664550781 29.587831497192383
296.8125305175781 326.062744140625 343.2430419921875 373.1701965332031
123.32388305664062 709.9949951171875 249.6890106201172 725.349853515625
208.4586944580078 326.2631530761719 255.35130310058594 373.2037048339844
