223.9569091796875 95.89979553222656 323.9107971191406 127.94287872314453
119.98502349853516 95.8251724243164 220.07020568847656 127.9259262084961
15.941570281982422 95.53142547607422 116.49300384521484 128.4552764892578
274.14678955078125 146.78836059570312 374.30499267578125 178.79698181152344
274.17645263671875 586.984375 374.27081298828125 618.9140014648438
274.11297607421875 476.8478088378906 374.0021057128906 508.8379211425781
274.0969543457031 256.65826416015625 374.23980712890625 288.7800598144531
274.17718505859375 311.9625549316406 374.1750793457031 343.4169616699219
328.1246643066406 96.03759765625 389.7502136230469 127.95064544677734
274.1435852050781 641.8338623046875 374.23876953125 673.8472290039062
274.2771301269531 421.65460205078125 373.97161865234375 453.783935546875
274.1716613769531 531.97021484375 374.06341552734375 563.8705444335938
274.22796630859375 201.97860717773438 374.2542419433594 233.75741577148438
16.485319137573242 55.399444580078125 138.42776489257812 89.33039093017578
68.01478576660156 146.358642578125 118.09107208251953 161.09115600585938
274.0684509277344 697.246826171875 374.1935119628906 728.74267578125
68.06988525390625 201.51478576660156 100.27882385253906 215.91970825195312
68.02116394042969 256.16009521484375 120.01427459716797 270.92364501953125
67.9480209350586 641.0838012695312 101.38848114013672 655.6802978515625
67.9241714477539 421.43212890625 112.57125854492188 437.18658447265625
68.125244140625 310.9622497558594 101.6862564086914 325.410888671875
274.17767333984375 366.917724609375 374.1091003417969 399.0032043457031
68.1882553100586 439.87066650390625 198.6912078857422 455.9079284667969
68.05899047851562 586.3917846679688 135.40296936035156 601.0970458984375
68.04242706298828 329.9331359863281 198.86708068847656 345.8765869140625
67.81491088867188 715.0771484375 198.75192260742188 730.8721923828125
68.3071060180664 550.1203002929688 198.5089569091797 566.245361328125
244.0875244140625 104.12017059326172 303.3499450683594 120.08411407470703
353.09503173828125 104.09844207763672 389.6882629394531 119.15544891357422
68.12735748291016 660.1409912109375 198.54342651367188 676.0112915039062
67.84237670898438 476.0360412597656 109.95877075195312 491.1241149902344
68.3208999633789 220.1834716796875 198.7095947265625 235.90077209472656
104.16121673583984 768.11767578125 128.9410858154297 793.37841796875
311.86419677734375 18.671348571777344 328.954345703125 32.77531433105469
68.11849975585938 366.97119140625 103.66678619384766 381.9235534667969
67.81855010986328 696.2186889648438 94.11509704589844 710.863037109375
68.0994644165039 275.04400634765625 198.9596710205078 290.9411926269531
39.04418182373047 440.7956848144531 55.09471893310547 457.1240234375
67.63330841064453 531.4278564453125 88.29853057861328 545.792236328125
336.21978759765625 18.491960525512695 361.64630126953125 31.85438346862793
38.94895935058594 715.6932983398438 55.18818283081055 732.9379272460938
68.26254272460938 494.9145812988281 198.64112854003906 511.0214538574219
39.09795379638672 220.62701416015625 55.215171813964844 237.18484497070312
25.139915466308594 769.9584350585938 52.63943099975586 795.6404418945312
39.22477722167969 166.04556274414062 55.089481353759766 181.66856384277344
260.34423828125 769.0026245117188 285.98681640625 793.0628662109375
39.07379150390625 495.60845947265625 54.926185607910156 511.6471252441406
38.94050216674805 605.52880859375 55.12229919433594 622.2018432617188
38.972957611083984 660.7017822265625 55.02801513671875 677.6716918945312
183.12149047851562 768.7219848632812 207.34835815429688 794.024658203125
39.07836151123047 275.58087158203125 55.17302703857422 292.3929443359375
68.16993713378906 165.19554138183594 198.8007354736328 181.2996063232422
67.43762969970703 493.9255676269531 202.27288818359375 520.0775146484375
