42.44364929199219 960.9993286132812 354.21429443359375 1087.4266357421875
41.832740783691406 814.7498779296875 461.93768310546875 870.2986450195312
1311.19189453125 46.155494689941406 1343.9945068359375 96.4053726196289
40.460243225097656 185.34556579589844 760.4727783203125 441.0356140136719
40.16035079956055 1176.1807861328125 589.6041259765625 1323.6898193359375
107.02185821533203 46.375064849853516 200.41017150878906 96.12338256835938
194.68585205078125 47.418113708496094 618.3474731445312 259.7205810546875
674.22265625 26.041738510131836 765.0267944335938 116.13557434082031
42.82181167602539 722.7315063476562 491.3442077636719 797.8889770507812
1245.7447509765625 48.95018768310547 1293.7490234375 97.7603530883789
1200.0975341796875 747.8997802734375 1397.7462158203125 840.8214721679688
39.20054244995117 487.9800109863281 137.5484161376953 561.31396484375
39.19794845581055 488.3534851074219 137.71478271484375 560.8712158203125
176.18150329589844 496.8034362792969 710.5740966796875 555.354248046875
