941.7098999023438 570.9484252929688 1088.3106689453125 714.2173461914062
923.8583984375 656.7750244140625 1102.11328125 748.8394165039062
331.15875244140625 574.2416381835938 407.2320251464844 639.0355224609375
92.05517578125 1117.7459716796875 315.0055847167969 1178.78662109375
373.7619934082031 1373.839111328125 435.75433349609375 1435.899658203125
318.98480224609375 1229.776611328125 584.110595703125 1330.38818359375
79.65953826904297 805.744140625 229.38479614257812 945.5313110351562
1072.2998046875 18.917287826538086 1147.5174560546875 80.29684448242188
726.7886352539062 568.6696166992188 873.539306640625 714.7831420898438
256.0400085449219 887.8302612304688 477.0368347167969 972.3919677734375
404.0705261230469 40.06792068481445 758.8272705078125 102.6158218383789
725.600830078125 798.9390869140625 872.8218994140625 946.2708740234375
44.81568145751953 2131.953857421875 1139.6649169921875 2200.597412109375
81.549560546875 576.5115356445312 227.61953735351562 712.8915405273438
511.6661682128906 801.943359375 659.1217651367188 945.410888671875
120.2623519897461 805.2615356445312 188.7941436767578 872.2845458984375
93.38672637939453 1818.119873046875 1104.3033447265625 1894.4034423828125
523.3905029296875 1523.720947265625 583.3775634765625 1587.239501953125
906.2252807617188 887.3037719726562 1120.24267578125 984.223388671875
263.0223388671875 574.7528076171875 486.28692626953125 712.4031982421875
500.8569030761719 652.94970703125 676.1848754882812 745.0166625976562
275.1354675292969 801.9767456054688 461.86907958984375 945.1586303710938
856.732177734375 1229.9161376953125 1061.2664794921875 1331.3095703125
711.5332641601562 656.2801513671875 891.5283813476562 745.8456420898438
62.433780670166016 220.85153198242188 454.68206787109375 288.9017333984375
511.46258544921875 569.3869018554688 660.2584228515625 713.7208251953125
64.8522720336914 336.99969482421875 507.5602111816406 391.3739013671875
94.54884338378906 1375.0283203125 340.75006103515625 1432.06787109375
253.00559997558594 657.7837524414062 491.993408203125 746.6011962890625
94.38939666748047 1229.6409912109375 274.2577209472656 1331.16015625
702.7105102539062 887.2252197265625 891.1923828125 971.586181640625
923.0302734375 801.8831176757812 1108.553466796875 946.0238037109375
595.9995727539062 2243.8974609375 1123.662841796875 2395.46435546875
492.345947265625 886.90087890625 668.6942138671875 986.4902954101562
631.0826416015625 1229.5343017578125 808.5733032226562 1330.931640625
94.92778015136719 1974.3280029296875 290.4866027832031 2031.0941162109375
94.0478515625 1673.8409423828125 390.99896240234375 1733.2301025390625
46.942726135253906 2245.237060546875 573.0321655273438 2394.7978515625
94.92208099365234 1376.2913818359375 491.1298522949219 1583.187744140625
595.6940307617188 2247.616455078125 798.1408081054688 2374.952880859375
