514.0223388671875 344.6902160644531 657.1329345703125 487.9736633300781
93.90079498291016 1516.988037109375 808.0488891601562 1570.693603515625
1046.8033447265625 57.211063385009766 1124.6019287109375 134.76698303222656
944.2896118164062 1079.5958251953125 1029.798828125 1130.78369140625
450.2830810546875 757.117919921875 625.9285278320312 807.7517700195312
93.2833023071289 1839.658203125 625.1283569335938 1891.48876953125
981.6305541992188 344.2402648925781 1121.638916015625 487.7582092285156
642.8233642578125 755.200927734375 743.8745727539062 817.86572265625
669.8076171875 344.9161071777344 812.7862548828125 488.3139953613281
944.3222045898438 1401.1258544921875 1029.934814453125 1453.1412353515625
824.8978271484375 344.7125549316406 968.9359130859375 487.9826965332031
878.7542724609375 1843.469482421875 1074.7734375 1889.9052734375
93.82500457763672 1395.1590576171875 490.11370849609375 1458.2203369140625
356.8365478515625 344.6059265136719 500.5766296386719 488.56195068359375
508.4167175292969 1077.5924072265625 682.9865112304688 1131.070556640625
94.07781982421875 1071.6185302734375 490.38861083984375 1135.5968017578125
202.24166870117188 344.50604248046875 344.7969055175781 488.0224609375
973.5299682617188 577.8677368164062 1061.103759765625 628.2764892578125
47.5223388671875 578.3997802734375 222.82943725585938 629.7669677734375
94.15975952148438 1193.79931640625 847.4544677734375 1247.1488037109375
878.4963989257812 1518.7801513671875 1075.1307373046875 1568.02001953125
483.1569519042969 64.12187957763672 686.517822265625 123.60829162597656
509.2692565917969 1722.9351806640625 682.8793334960938 1777.558837890625
48.12189483642578 345.7682800292969 187.3607635498047 486.9572448730469
944.7451782226562 755.8885498046875 1030.3433837890625 807.8738403320312
48.41162109375 1986.2491455078125 1120.76171875 2271.9091796875
52.0084342956543 208.6120147705078 1124.269775390625 299.4073791503906
94.15817260742188 1716.853515625 490.7273254394531 1780.471435546875
944.5825805664062 1723.1204833984375 1029.8428955078125 1774.1475830078125
94.28089904785156 749.7041625976562 433.8852233886719 814.6978149414062
94.57756042480469 872.7964477539062 621.4361572265625 923.528076171875
