23.123348236083984 139.85855102539062 404.7561950683594 494.5244445800781
106.19770812988281 403.8536376953125 161.80084228515625 436.5174865722656
23.9426326751709 73.53308868408203 59.96348190307617 109.86576080322266
24.302989959716797 403.74072265625 93.92217254638672 436.4051818847656
22.266210556030273 526.4263305664062 398.43463134765625 593.6779174804688
43.39250564575195 689.6950073242188 104.18669128417969 749.8384399414062
117.2175064086914 822.502685546875 310.61773681640625 878.4745483398438
389.8543701171875 16.99847984313965 411.1236572265625 29.02348518371582
173.69287109375 407.1820983886719 256.3208923339844 433.0086669921875
357.5174560546875 625.9895629882812 405.44573974609375 643.2767333984375
123.28177642822266 727.0537109375 163.44479370117188 739.1476440429688
43.346214294433594 689.8028564453125 104.1512451171875 749.6785278320312
23.31997299194336 623.560546875 222.15908813476562 646.4454956054688
23.99893569946289 467.2147216796875 211.93772888183594 494.5244445800781
161.30197143554688 840.9879150390625 264.1358337402344 860.742919921875
123.93789672851562 701.730224609375 268.0989990234375 720.1463623046875
33.709197998046875 15.205018997192383 60.22580337524414 30.44951629638672
23.123348236083984 139.85855102539062 404.7561950683594 380.0661926269531
79.2564468383789 86.23507690429688 268.1513366699219 113.18722534179688
34.16875457763672 677.3388671875 403.0062255859375 765.9076538085938
23.990692138671875 73.75243377685547 59.90907669067383 109.65717315673828
389.8896789550781 17.26998519897461 411.068603515625 28.78843879699707
346.2442932128906 16.4842586517334 364.8977355957031 30.43277931213379
117.04032897949219 822.5460815429688 310.85858154296875 878.4447021484375
135.03118896484375 843.8132934570312 153.909423828125 857.9567260742188
25.61737060546875 0.44018515944480896 68.755615234375 43.481178283691406
368.8636474609375 15.672551155090332 384.3067626953125 29.018455505371094
353.6536865234375 709.0385131835938 374.27215576171875 730.1019287109375
