490.87030029296875 899.283203125 643.64697265625 1118.7054443359375
93.47730255126953 915.3360595703125 200.35903930664062 1117.7435302734375
490.54266357421875 899.8906860351562 643.4537353515625 1118.7054443359375
679.71484375 910.9065551757812 868.5740966796875 1117.8115234375
283.4725646972656 903.7384643554688 434.148193359375 1118.1793212890625
292.80731201171875 912.6830444335938 425.14111328125 1118.1793212890625
72.36937713623047 2159.70556640625 296.2501220703125 2249.489013671875
578.3585205078125 2159.126708984375 842.1376953125 2249.65087890625
72.87335968017578 1801.8685302734375 330.1136779785156 1846.99267578125
679.71484375 1075.8040771484375 868.5740966796875 1117.8115234375
71.32552337646484 2087.818115234375 212.11929321289062 2133.57763671875
71.94445037841797 1232.9752197265625 174.54905700683594 1277.0821533203125
72.89728546142578 831.048095703125 355.3609313964844 875.8402099609375
566.904541015625 2468.52099609375 672.6847534179688 2515.989501953125
71.16459655761719 1599.0069580078125 291.126220703125 1653.0120849609375
71.68260192871094 1314.72412109375 396.2134704589844 1374.070556640625
493.5433654785156 1075.66796875 639.97607421875 1118.7054443359375
320.7481689453125 2148.36279296875 566.2501220703125 2250.36376953125
97.30778503417969 1076.1419677734375 196.91363525390625 1117.7435302734375
896.04443359375 2186.70947265625 932.4225463867188 2225.52783203125
967.5462646484375 48.425174713134766 1031.0762939453125 90.72454071044922
490.87030029296875 899.283203125 643.64697265625 1051.57470703125
366.3262939453125 2181.598876953125 523.2095336914062 2225.67236328125
71.1985092163086 2409.71044921875 1172.014892578125 2576.2607421875
117.5556869506836 2182.937255859375 250.76519775390625 2225.85595703125
664.9268798828125 1517.7830810546875 847.3692016601562 1562.0340576171875
909.2525024414062 895.360107421875 1065.4644775390625 1055.6920166015625
93.47730255126953 915.3360595703125 200.35903930664062 1052.5400390625
666.5947265625 1597.895263671875 881.328369140625 1653.8167724609375
292.80731201171875 1076.1082763671875 425.14111328125 1118.1793212890625
204.978759765625 1519.2674560546875 291.28485107421875 1560.263916015625
490.54266357421875 899.8906860351562 643.4537353515625 1052.316162109375
320.7179870605469 2147.876708984375 567.5873413085938 2249.73828125
718.67529296875 910.9065551757812 837.8660888671875 1051.871826171875
283.4725646972656 903.7384643554688 434.148193359375 1055.70166015625
533.8825073242188 1611.3294677734375 579.9281005859375 1646.6531982421875
1046.250732421875 47.33647155761719 1095.9620361328125 86.80924224853516
1112.15625 1306.15576171875 1174.30126953125 1376.99658203125
72.01492309570312 1519.1552734375 188.9948272705078 1561.015869140625
1117.66552734375 52.7598876953125 1183.1541748046875 83.22616577148438
141.6063995361328 199.72280883789062 489.2783203125 270.92132568359375
71.2595443725586 544.86328125 295.9022521972656 590.1133422851562
71.76107025146484 1517.87939453125 291.59991455078125 1562.371337890625
300.3012390136719 912.6830444335938 416.4660339355469 1053.1163330078125
