79.1947021484375 1233.092529296875 352.15728759765625 1262.0093994140625
530.0879516601562 1245.994873046875 550.1314086914062 1265.9788818359375
673.9252319335938 33.06809616088867 718.2916259765625 57.99216079711914
78.6574478149414 572.8692626953125 192.9876251220703 599.062744140625
586.8370971679688 32.31231689453125 623.7322998046875 60.13717269897461
546.4937133789062 861.6659545898438 637.2547607421875 885.4267578125
79.78024291992188 1374.326171875 318.83172607421875 1399.317626953125
283.3920593261719 1455.45751953125 428.3544006347656 1549.25439453125
80.37125396728516 1044.3900146484375 276.3592529296875 1056.187744140625
79.07379913330078 722.7619018554688 201.0945281982422 757.1893920898438
78.99964141845703 1103.8939208984375 200.5009307861328 1136.67431640625
47.801719665527344 368.2978820800781 229.52406311035156 405.90533447265625
527.6430053710938 457.950439453125 654.4771728515625 522.4197387695312
522.8875122070312 1455.515869140625 684.2650756835938 1548.393310546875
67.9033432006836 30.730854034423828 120.17047119140625 60.717533111572266
47.823150634765625 1454.4517822265625 179.80032348632812 1551.565673828125
639.5784912109375 168.89816284179688 701.5780639648438 232.64015197753906
79.35594940185547 472.5816955566406 361.3575134277344 502.4095764160156
78.72540283203125 1332.739990234375 198.02972412109375 1359.1229248046875
554.3777465820312 1240.7698974609375 652.7605590820312 1268.57958984375
78.71866607666016 951.92822265625 344.83868408203125 980.9478149414062
79.69355010986328 852.973876953125 352.17022705078125 882.0630493164062
78.26268768310547 950.791015625 344.8338317871094 1019.2803955078125
632.3370971679688 30.70241355895996 662.552490234375 58.10776901245117
80.42044067382812 613.7731323242188 328.5854797363281 639.29296875
47.49991989135742 177.8558807373047 359.3626708984375 230.98696899414062
