91.55327606201172 997.5266723632812 268.5912780761719 1238.23828125
321.2148742675781 205.5704803466797 841.9568481445312 362.04010009765625
41.010887145996094 2186.2421875 182.08731079101562 2311.109619140625
895.3497314453125 997.52734375 1071.9283447265625 1286.77099609375
895.3497314453125 997.52734375 1071.9283447265625 1285.6539306640625
895.3497314453125 997.52734375 1071.9283447265625 1236.15625
343.8539123535156 998.0073852539062 551.8985595703125 1238.1092529296875
478.6678466796875 2184.812255859375 683.8602294921875 2313.233154296875
343.8539123535156 1038.189453125 551.8985595703125 1238.1092529296875
782.1117553710938 2186.14111328125 848.875732421875 2312.473876953125
281.1854553222656 2186.230224609375 409.39593505859375 2311.648681640625
627.0320434570312 998.6029663085938 804.4102172851562 1240.8314208984375
41.010887145996094 2273.713134765625 182.08731079101562 2311.109619140625
281.1854553222656 2272.43017578125 409.39593505859375 2311.648681640625
1013.2300415039062 2273.609619140625 1091.2431640625 2309.881103515625
782.1117553710938 2273.05810546875 848.875732421875 2312.473876953125
478.6678466796875 2272.528076171875 683.8602294921875 2313.233154296875
995.8548583984375 1930.7293701171875 1082.02783203125 2016.8385009765625
907.6162109375 1196.1441650390625 1058.3828125 1286.77099609375
343.8539123535156 1196.4908447265625 551.8985595703125 1238.1092529296875
640.1971435546875 1196.7239990234375 789.8223876953125 1240.8314208984375
91.68110656738281 997.1552734375 268.60693359375 1173.9351806640625
241.1539764404297 1425.2313232421875 924.4708251953125 1497.8726806640625
1022.3945922851562 40.74557876586914 1114.1483154296875 126.09566497802734
908.3285522460938 1245.466064453125 1056.9315185546875 1285.6539306640625
270.4959716796875 507.91424560546875 894.0784301757812 552.43212890625
433.53558349609375 58.76633071899414 730.1524658203125 116.77315521240234
895.4724731445312 997.2000732421875 1072.0928955078125 1174.246826171875
91.55327606201172 997.5266723632812 268.5912780761719 1173.6646728515625
97.4385757446289 1196.0177001953125 264.1904296875 1238.23828125
358.35882568359375 997.4293212890625 536.6387939453125 1173.9342041015625
85.9731674194336 804.9303588867188 900.3665161132812 905.1903686523438
548.3953857421875 205.5704803466797 617.956298828125 280.4238586425781
321.2148742675781 306.4991149902344 841.9568481445312 362.04010009765625
80.0747299194336 2186.2421875 139.13124084472656 2249.1875
626.9992065429688 998.023193359375 804.6571044921875 1174.026611328125
895.3497314453125 997.52734375 1071.9283447265625 1173.669921875
39.307334899902344 50.087257385253906 114.66412353515625 128.7301483154297
358.3941955566406 998.0073852539062 536.6178588867188 1173.328857421875
42.48495864868164 667.42626953125 1123.89404296875 949.8524780273438
549.5719604492188 2184.812255859375 612.1517944335938 2247.278564453125
785.6754150390625 2185.139892578125 848.0245971679688 2247.87060546875
400.1386413574219 1038.189453125 498.0753479003906 1137.427734375
929.9268798828125 1196.6175537109375 1038.091552734375 1236.15625
87.73334503173828 715.694580078125 778.1441650390625 776.1143798828125
785.9498901367188 2186.14111328125 847.578125 2246.987060546875
40.40833282470703 1578.1761474609375 1125.14013671875 2169.369140625
996.2401123046875 1932.23193359375 1081.3223876953125 2015.6719970703125
313.6815185546875 2186.230224609375 377.93426513671875 2248.709228515625
627.0320434570312 998.6029663085938 804.4102172851562 1173.2879638671875
84.09252166748047 804.5070190429688 1108.6168212890625 906.2998046875
