293.08306884765625 16.088449478149414 311.5574951171875 30.114124298095703
20.963563919067383 0.18420496582984924 76.07845306396484 42.52008056640625
137.1971893310547 679.8390502929688 236.9349822998047 744.6513061523438
22.922739028930664 485.73968505859375 361.0586853027344 573.6892700195312
315.6014404296875 15.129170417785645 331.1929016113281 29.50425148010254
22.48914909362793 485.73968505859375 335.2567138671875 651.114501953125
23.582181930541992 67.59449005126953 68.07550811767578 112.32247161865234
23.50562858581543 136.55914306640625 352.881103515625 385.45159912109375
306.91552734375 67.7478256225586 351.27581787109375 112.08086395263672
23.764450073242188 485.3965759277344 66.25733947753906 527.9940795898438
335.97845458984375 16.11623191833496 359.7328796386719 29.198457717895508
151.4319610595703 733.2816162109375 351.66082763671875 790.5889892578125
23.95452880859375 679.9544677734375 123.60935974121094 746.3665771484375
23.30498695373535 413.808837890625 360.7522277832031 466.3698425292969
250.54197692871094 679.8008422851562 350.34808349609375 737.347412109375
24.02726173400879 738.7787475585938 56.39985275268555 752.23828125
24.36147117614746 759.6328735351562 77.41690826416016 784.046875
