307.9185485839844 759.820068359375 338.21246337890625 771.6189575195312
35.900474548339844 486.3437805175781 206.6889190673828 548.6578369140625
53.7447395324707 562.1519165039062 143.23358154296875 574.9991455078125
336.0372619628906 16.22370719909668 359.6473083496094 29.182226181030273
238.22743225097656 482.25146484375 338.06756591796875 613.018310546875
38.152339935302734 158.38880920410156 153.0590057373047 174.86410522460938
199.9914093017578 592.5912475585938 223.32278442382812 606.0579833984375
37.06129837036133 702.6895141601562 107.22555541992188 714.4336547851562
121.39617919921875 731.912353515625 158.6822509765625 772.660888671875
292.99786376953125 16.212753295898438 311.5033874511719 30.076650619506836
150.21356201171875 80.86622619628906 217.16905212402344 98.92703247070312
33.3387565612793 372.5042419433594 65.33746337890625 397.4873046875
21.768875122070312 0.3454884886741638 76.65831756591797 41.50829315185547
243.40036010742188 371.3617858886719 272.2667541503906 402.6578063964844
210.2198486328125 733.013671875 252.34967041015625 771.5023193359375
24.02021598815918 433.43896484375 144.72882080078125 451.5702819824219
35.16376495361328 734.5366821289062 63.09382247924805 771.6134643554688
35.58060836791992 657.763916015625 162.3083038330078 714.1983642578125
199.2742462158203 371.3918151855469 234.76283264160156 403.93243408203125
115.1562728881836 371.2876281738281 150.70851135253906 404.051513671875
154.54391479492188 370.79730224609375 191.23455810546875 403.3636474609375
290.8990173339844 377.6914367675781 309.13922119140625 390.1451110839844
306.3399658203125 68.09181213378906 350.2445068359375 111.98878479003906
238.7120361328125 655.0929565429688 337.0589904785156 712.8136596679688
71.1746597290039 371.4012756347656 108.21309661865234 403.53509521484375
257.4869384765625 149.0126495361328 341.7539978027344 182.36106872558594
238.9589385986328 654.9813232421875 337.0622863769531 713.01318359375
