107.79046630859375 2147.156494140625 183.70944213867188 2275.97265625
745.160888671875 797.41845703125 896.528076171875 1093.560302734375
940.81201171875 151.07901000976562 1120.94970703125 251.71377563476562
1001.7426147460938 331.5199279785156 1067.955810546875 397.8979187011719
948.3617553710938 2239.031494140625 1086.9139404296875 2274.64697265625
374.605712890625 1937.798095703125 593.6583862304688 1988.3134765625
372.5328369140625 1217.2132568359375 675.9575805664062 1278.025390625
373.2862854003906 1856.72607421875 575.10791015625 1913.147216796875
1022.19677734375 22.945938110351562 1116.4779052734375 98.57640838623047
49.623695373535156 1454.357421875 1122.689208984375 1751.006591796875
373.0700378417969 1536.9105224609375 677.0333251953125 1596.100830078125
112.76332092285156 2235.148193359375 179.4718780517578 2275.97265625
107.79046630859375 2147.156494140625 183.70944213867188 2222.876708984375
49.13587951660156 1770.544921875 1122.357177734375 2070.20263671875
987.7362670898438 1886.0303955078125 1051.8109130859375 1954.3453369140625
49.185951232910156 1136.934814453125 1122.79833984375 1435.0858154296875
373.98980712890625 1622.11376953125 503.77276611328125 1669.590576171875
745.160888671875 797.41845703125 896.528076171875 950.6250610351562
96.53221130371094 1180.8875732421875 298.7073974609375 1382.9913330078125
96.17562103271484 1499.8404541015625 298.8045349121094 1701.7491455078125
498.7157287597656 23.484739303588867 672.4324951171875 95.60891723632812
696.5902099609375 2235.834716796875 763.9874267578125 2275.9833984375
796.2247314453125 1000.8917846679688 845.3825073242188 1093.560302734375
355.9223327636719 292.7650451660156 814.5260009765625 750.5429077148438
374.1255187988281 1302.4091796875 504.1842041015625 1350.77734375
373.52960205078125 1621.088134765625 601.4426879882812 1670.85205078125
373.75262451171875 1302.054931640625 602.4600219726562 1352.5511474609375
473.68206787109375 1.5729565620422363 704.3922119140625 128.33694458007812
