345.9701232910156 743.1517333984375 403.2046203613281 801.0972900390625
145.27178955078125 826.6722412109375 167.68685913085938 849.0736694335938
42.959739685058594 214.53948974609375 372.19781494140625 253.7879180908203
40.8189582824707 824.9476318359375 63.67963790893555 848.60498046875
138.86032104492188 264.1842346191406 275.5419921875 299.0744934082031
250.43968200683594 826.7171020507812 269.9483337402344 848.352294921875
19.53702163696289 100.7275619506836 138.8482208251953 122.56253814697266
68.2125244140625 50.51689910888672 354.24395751953125 83.61572265625
371.067626953125 54.84646987915039 393.2014465332031 79.04352569580078
19.407878875732422 50.168724060058594 52.47255325317383 83.02855682373047
82.39598083496094 173.34170532226562 301.51885986328125 197.5195770263672
40.90206527709961 825.22509765625 63.42625427246094 848.1474609375
375.0988464355469 17.587955474853516 396.9033203125 28.63289451599121
345.9036865234375 743.1666259765625 403.1416931152344 800.8356323242188
323.6321716308594 16.293445587158203 344.1162414550781 30.302608489990234
152.05593872070312 272.49395751953125 252.14891052246094 289.2127990722656
360.04547119140625 48.976173400878906 408.7919616699219 88.79512023925781
348.872314453125 15.486247062683105 365.2375183105469 28.985504150390625
352.6567687988281 828.1138916015625 374.05694580078125 847.4165649414062
375.36431884765625 18.0064697265625 396.61834716796875 28.27759552001953
