968.8460693359375 2190.068603515625 1091.7445068359375 2312.730712890625
107.63399505615234 2188.449951171875 183.73455810546875 2312.421875
58.31041717529297 208.9319610595703 1126.617431640625 384.2400207519531
61.22246170043945 556.433837890625 1122.330810546875 726.1470947265625
397.14141845703125 2191.305419921875 487.73406982421875 2312.5146484375
700.7276611328125 2193.712646484375 775.858154296875 2311.781494140625
48.039398193359375 1774.5101318359375 704.1718139648438 2061.396728515625
1039.369140625 53.7220573425293 1101.60546875 124.66388702392578
49.31132888793945 988.879638671875 317.5879211425781 1054.3341064453125
57.31797409057617 725.3204956054688 1124.1343994140625 876.764892578125
743.4270629882812 1773.9730224609375 1177.46923828125 2061.740478515625
61.023094177246094 385.3304748535156 1122.2445068359375 556.3028564453125
765.1793212890625 1826.639892578125 1177.5067138671875 1935.56591796875
406.6607360839844 54.28483963012695 772.9717407226562 119.44255828857422
46.639156341552734 1114.62353515625 704.7826538085938 1776.756591796875
741.9692993164062 1112.457275390625 1178.132080078125 1772.6080322265625
