636.7052612304688 1990.865234375 779.2437133789062 2178.616943359375
403.7984619140625 1991.9832763671875 526.559326171875 2176.9296875
636.1773681640625 1269.6112060546875 780.10205078125 1458.169189453125
876.447265625 1993.2728271484375 1019.237548828125 2178.928466796875
858.6090087890625 1021.6187133789062 1037.708740234375 1208.4388427734375
859.116943359375 1740.699951171875 1037.9888916015625 1928.606689453125
635.9129028320312 1020.3634033203125 778.1837158203125 1208.56201171875
307.64154052734375 632.9630126953125 430.0501708984375 821.262939453125
523.2992553710938 633.5496215820312 646.6873779296875 821.4266357421875
396.6174011230469 1023.5443725585938 538.7027587890625 1207.54638671875
874.14892578125 1269.44189453125 1019.6101684570312 1458.1986083984375
155.3350067138672 1268.9166259765625 300.8514709472656 1457.4248046875
93.2671127319336 634.773681640625 214.1780548095703 821.2645874023438
155.77479553222656 1991.5587158203125 299.4032287597656 2177.301513671875
395.95831298828125 1269.7296142578125 540.5036010742188 1457.3726806640625
164.43768310546875 1744.1302490234375 285.48748779296875 1928.3443603515625
955.8095092773438 632.6113891601562 1078.9954833984375 821.846923828125
156.53872680664062 1022.5199584960938 299.9260559082031 1208.3341064453125
636.3910522460938 1743.931396484375 780.1043090820312 1929.639404296875
740.5502319335938 633.2313842773438 862.06005859375 822.1260375976562
405.4911804199219 1745.4578857421875 525.405517578125 1929.3807373046875
418.5776062011719 1771.1673583984375 514.823486328125 1929.3807373046875
636.3910522460938 1767.967529296875 780.1043090820312 1929.639404296875
419.6379089355469 2025.8272705078125 511.8468322753906 2176.9296875
395.95831298828125 1411.94873046875 540.5036010742188 1457.3726806640625
859.116943359375 1884.3544921875 1037.9888916015625 1928.606689453125
636.1773681640625 1413.6845703125 780.10205078125 1458.169189453125
119.2874526977539 2352.77783203125 505.1500549316406 2412.5849609375
175.34378051757812 1885.8800048828125 280.8740539550781 1928.3443603515625
874.14892578125 1411.3485107421875 1019.6101684570312 1458.1986083984375
155.77479553222656 2133.489990234375 299.4032287597656 2177.301513671875
636.3910522460938 1884.57080078125 780.1043090820312 1929.639404296875
894.3272705078125 198.64817810058594 1110.78662109375 294.1370544433594
636.7052612304688 2135.06494140625 779.2437133789062 2178.616943359375
155.3350067138672 1411.9901123046875 300.8514709472656 1457.4248046875
635.9129028320312 1164.4788818359375 778.1837158203125 1208.56201171875
156.53872680664062 1163.503662109375 299.9260559082031 1208.3341064453125
432.0968322753906 1883.846923828125 504.412109375 1929.3807373046875
396.6174011230469 1163.882080078125 538.7027587890625 1207.54638671875
335.8424377441406 778.379638671875 408.04461669921875 821.262939453125
964.727783203125 778.145751953125 1073.388916015625 821.846923828125
425.6833190917969 398.57550048828125 561.5444946289062 443.1015625
876.447265625 2133.490234375 1019.237548828125 2178.928466796875
768.4147338867188 779.310791015625 837.2675170898438 822.1260375976562
432.1940612792969 2133.50927734375 504.81610107421875 2176.9296875
597.40771484375 398.6202392578125 702.2495727539062 442.8216247558594
552.7801513671875 778.6239013671875 623.525146484375 821.4266357421875
642.5218505859375 1990.865234375 767.6253662109375 2112.968017578125
858.6090087890625 1164.1494140625 1037.708740234375 1208.4388427734375
403.7984619140625 1991.9832763671875 526.559326171875 2112.449462890625
642.379150390625 1269.6112060546875 767.6617431640625 1393.9808349609375
884.7056884765625 1993.2728271484375 1006.1541137695312 2112.797119140625
161.28179931640625 398.00189208984375 395.3955383300781 442.75421142578125
884.887939453125 1021.6187133789062 1006.187255859375 1142.7677001953125
884.8163452148438 1740.699951171875 1006.5182495117188 1864.6414794921875
643.5966186523438 1020.3634033203125 766.1599731445312 1142.6767578125
937.257080078125 57.19977569580078 986.1200561523438 99.26753997802734
307.64154052734375 632.9630126953125 430.0501708984375 755.8558959960938
523.2992553710938 633.5496215820312 646.6873779296875 756.6669311523438
404.3110046386719 1023.5443725585938 526.8369140625 1143.3502197265625
882.9716796875 1269.44189453125 1007.81982421875 1393.578125
164.7097625732422 1268.9166259765625 284.9953918457031 1392.6041259765625
93.2671127319336 634.773681640625 214.1780548095703 756.9074096679688
163.6592254638672 1991.5587158203125 286.2184143066406 2111.83056640625
853.3880615234375 55.607337951660156 917.2670288085938 100.98992156982422
403.556640625 1269.7296142578125 525.7883911132812 1391.3519287109375
59.99732971191406 217.0224609375 156.89035034179688 273.13641357421875
120.22077941894531 1632.1014404296875 408.3006591796875 1690.2701416015625
164.43768310546875 1744.1302490234375 285.48748779296875 1864.0511474609375
121.23306274414062 777.5556030273438 192.33364868164062 821.2645874023438
955.8095092773438 632.6113891601562 1078.9954833984375 756.7305908203125
164.82623291015625 1022.5199584960938 286.2459716796875 1143.6854248046875
45.02237319946289 194.93881225585938 174.19215393066406 294.4523010253906
1008.7864990234375 53.44420623779297 1087.962890625 99.49752044677734
644.4087524414062 1743.931396484375 767.8296508789062 1862.8914794921875
884.3285522460938 2461.964599609375 1006.9512329101562 2530.623046875
163.64862060546875 2463.454345703125 287.01177978515625 2530.34130859375
60.60222244262695 540.6891479492188 130.30020141601562 585.3118896484375
61.0552978515625 352.79632568359375 1109.7503662109375 487.8979797363281
740.5502319335938 633.2313842773438 862.06005859375 756.5827026367188
173.81033325195312 914.333984375 359.9986267089844 970.5638427734375
59.66128158569336 2301.103271484375 1113.762939453125 2530.457275390625
405.4911804199219 1745.4578857421875 525.405517578125 1864.6229248046875
418.5776062011719 1771.1673583984375 514.823486328125 1861.6041259765625
672.8773803710938 1767.967529296875 750.6725463867188 1846.4049072265625
120.08766174316406 913.33447265625 360.89825439453125 971.5304565429688
642.662109375 2465.868896484375 795.5869750976562 2529.7587890625
979.44091796875 390.79876708984375 1034.99365234375 446.9778137207031
61.31596755981445 541.4922485351562 95.42059326171875 582.526123046875
98.45393371582031 544.3230590820312 130.27166748046875 583.1260986328125
378.77716064453125 2462.1416015625 530.232666015625 2529.21923828125
60.31733703613281 1582.498291015625 1112.7720947265625 2243.088623046875
927.8472290039062 221.191650390625 973.3950805664062 268.1950378417969
96.65629577636719 2.7740933895111084 284.8191223144531 145.61691284179688
109.7217788696289 401.3740234375 147.77674865722656 442.2052307128906
841.342041015625 39.71821594238281 925.4114990234375 120.94585418701172
60.69786071777344 864.91943359375 1110.629638671875 1522.29296875
927.9075317382812 41.11088943481445 996.5767211914062 126.6857681274414
419.6379089355469 2025.8272705078125 511.8468322753906 2110.208251953125
