300.65167236328125 760.1678466796875 432.7557067871094 889.5911254882812
957.66943359375 765.6471557617188 1086.103271484375 888.9102172851562
90.36544799804688 465.5294494628906 246.52468872070312 656.7846069335938
103.52201843261719 2271.036376953125 174.31607055664062 2401.349853515625
83.09777069091797 761.3175048828125 213.4812469482422 889.6881103515625
957.017822265625 958.332275390625 1086.962158203125 1086.6427001953125
738.2348022460938 2270.9951171875 880.124267578125 2401.232177734375
288.1142883300781 2274.7021484375 432.2438659667969 2401.84521484375
655.4440307617188 464.273681640625 794.5923461914062 656.2968139648438
60.87683868408203 1565.926025390625 272.76947021484375 1822.1485595703125
737.9625854492188 1161.072021484375 869.2161254882812 1283.5390625
959.3287353515625 2273.638916015625 1102.7174072265625 2401.7138671875
82.40008544921875 957.2158203125 214.25477600097656 1086.045166015625
518.4059448242188 760.0481567382812 650.3028564453125 889.0498046875
66.4798583984375 1154.3858642578125 230.2543182373047 1283.2027587890625
924.172119140625 468.8223876953125 1080.1817626953125 656.7188720703125
503.9779968261719 960.8389892578125 667.0096435546875 1085.905517578125
738.0252685546875 959.2054443359375 869.4610595703125 1085.830322265625
317.6138916015625 959.2334594726562 414.414794921875 1084.9796142578125
504.9962463378906 1149.8421630859375 664.3366088867188 1282.6552734375
372.48406982421875 472.21954345703125 527.8652954101562 656.64404296875
275.7549743652344 1164.705810546875 454.5722961425781 1282.712646484375
723.5365600585938 756.2691040039062 885.2339477539062 889.6317138671875
275.7549743652344 1149.5953369140625 454.5722961425781 1282.712646484375
959.3287353515625 2356.344970703125 1102.7174072265625 2401.7138671875
924.172119140625 610.05517578125 1080.1817626953125 656.7188720703125
737.9625854492188 1241.7745361328125 869.2161254882812 1283.5390625
738.0252685546875 1045.603759765625 869.4610595703125 1085.830322265625
300.65167236328125 848.3721313476562 432.7557067871094 889.5911254882812
83.09777069091797 847.88427734375 213.4812469482422 889.6881103515625
882.3104858398438 182.23587036132812 1112.1331787109375 279.6239013671875
82.40008544921875 1045.417724609375 214.25477600097656 1086.045166015625
518.4059448242188 847.277099609375 650.3028564453125 889.0498046875
738.2348022460938 2357.272705078125 880.124267578125 2401.232177734375
288.1142883300781 2357.085693359375 432.2438659667969 2401.84521484375
275.7549743652344 1243.03271484375 454.5722961425781 1282.712646484375
882.4054565429688 319.87335205078125 1111.8582763671875 393.30853271484375
723.5365600585938 847.9888305664062 885.2339477539062 889.6317138671875
90.36544799804688 610.237060546875 246.52468872070312 656.7846069335938
504.9962463378906 1243.079345703125 664.3366088867188 1282.6552734375
957.66943359375 846.9977416992188 1086.103271484375 888.9102172851562
330.8636779785156 760.1678466796875 406.90411376953125 831.52685546875
66.4798583984375 1242.768798828125 230.2543182373047 1283.2027587890625
60.87683868408203 1761.5443115234375 272.76947021484375 1822.1485595703125
372.48406982421875 609.9039916992188 527.8652954101562 656.64404296875
957.017822265625 1044.6961669921875 1086.962158203125 1086.6427001953125
655.4440307617188 611.6283569335938 794.5923461914062 656.2968139648438
503.9779968261719 1045.4588623046875 667.0096435546875 1085.905517578125
604.0917358398438 1427.3275146484375 818.5470581054688 1472.650634765625
145.7751922607422 331.7454528808594 395.17755126953125 377.4602355957031
60.53388977050781 1855.4425048828125 290.9324645996094 2075.79296875
58.251155853271484 191.3284149169922 355.26422119140625 268.627685546875
60.65425491333008 1517.9442138671875 391.2868347167969 1678.6455078125
988.1135864257812 765.6471557617188 1062.2261962890625 827.3802490234375
112.6409912109375 465.5294494628906 226.19825744628906 582.6041870117188
989.3820190429688 1242.62646484375 1053.7860107421875 1282.4765625
105.4413070678711 2271.036376953125 170.63636779785156 2337.0625
317.6138916015625 1045.451171875 414.414794921875 1084.9796142578125
777.548095703125 1518.38134765625 1109.8427734375 1678.2657470703125
466.2290344238281 1566.9825439453125 535.014892578125 1630.2156982421875
336.1146240234375 1916.096435546875 712.884765625 1966.746337890625
113.94867706298828 761.3175048828125 189.94381713867188 832.2669067382812
988.9099731445312 958.332275390625 1055.590087890625 1029.38525390625
777.7076416015625 2270.9951171875 841.7005004882812 2336.9521484375
501.46295166015625 2217.551513671875 667.013671875 2385.406005859375
325.93878173828125 2274.7021484375 393.3741760253906 2333.986083984375
335.1921691894531 1914.3045654296875 747.6536254882812 2028.610595703125
667.8302001953125 464.273681640625 784.644775390625 582.4334106445312
103.52201843261719 2358.233642578125 174.31607055664062 2401.349853515625
108.18466186523438 1565.926025390625 175.61842346191406 1631.4903564453125
76.21144104003906 2068.4140625 164.54421997070312 2086.54736328125
768.0979614257812 1161.072021484375 838.8265991210938 1221.6846923828125
998.560302734375 2273.638916015625 1065.56640625 2334.751220703125
116.04596710205078 957.2158203125 190.8365020751953 1030.08984375
549.6231689453125 760.0481567382812 620.8976440429688 832.4065551757812
547.2705078125 1574.5379638671875 703.3324584960938 1624.7010498046875
113.1207275390625 1154.3858642578125 190.37661743164062 1227.28125
939.8063354492188 468.8223876953125 1063.4024658203125 572.718994140625
553.2943725585938 960.8389892578125 623.0206298828125 1031.3651123046875
1009.3570556640625 53.564674377441406 1070.846435546875 98.7428207397461
770.7713623046875 959.2054443359375 835.4132690429688 1029.35546875
331.7584533691406 959.2334594726562 408.52569580078125 1030.927490234375
419.4574890136719 1519.070068359375 750.1214599609375 1678.170654296875
349.60498046875 1428.285888671875 577.16845703125 1474.6883544921875
907.0540161132812 1574.65869140625 1021.5494995117188 1624.096435546875
61.30724334716797 321.30194091796875 131.68397521972656 393.6484069824219
668.0845947265625 1989.3157958984375 747.1476440429688 2026.7081298828125
552.328857421875 1149.8421630859375 627.48095703125 1226.2801513671875
921.5618286132812 206.32301330566406 968.1103515625 253.04869079589844
190.8563995361328 1573.9346923828125 346.4394226074219 1625.283447265625
822.6972045898438 1564.8094482421875 893.1611328125 1632.595947265625
335.84405517578125 1987.9542236328125 747.7130126953125 2028.0576171875
385.1163635253906 472.21954345703125 512.3361206054688 575.5570678710938
335.8563232421875 1988.3885498046875 638.7139892578125 2027.3966064453125
334.0091552734375 1164.705810546875 388.3835754394531 1225.6688232421875
769.6558227539062 756.2691040039062 845.0222778320312 832.9410400390625
333.0832824707031 1149.5953369140625 408.08929443359375 1226.7562255859375
906.3722534179688 1573.757080078125 1062.0511474609375 1625.0777587890625
