1.630565881729126 1070.7269287109375 1168.8560791015625 1545.1026611328125
49.0059928894043 811.4366455078125 1123.172119140625 1019.4133911132812
47.073326110839844 281.2574768066406 563.425048828125 497.56634521484375
46.442970275878906 548.1339721679688 564.2661743164062 944.7264404296875
48.2309684753418 1617.915771484375 1125.8798828125 2012.5501708984375
47.437320709228516 811.1951904296875 1122.4351806640625 1021.5623779296875
47.365596771240234 1874.333984375 1125.9268798828125 2286.887451171875
607.3860473632812 546.9644775390625 1122.9005126953125 764.1556396484375
607.8366088867188 280.74517822265625 1121.531982421875 684.1428833007812
47.46338653564453 547.93603515625 563.0758666992188 764.618896484375
210.4040069580078 2245.998291015625 300.1124572753906 2288.22021484375
46.77099609375 281.57501220703125 563.9752807617188 684.8003540039062
49.428428649902344 66.77127075195312 1121.6158447265625 232.43484497070312
607.4053955078125 280.5752258300781 1121.818115234375 497.4424743652344
791.6489868164062 1873.158447265625 1115.4766845703125 2081.033935546875
47.60015869140625 1617.87158203125 1124.427001953125 1828.2900390625
607.7007446289062 546.7435913085938 1122.41552734375 765.1934204101562
