45.66049575805664 1484.7603759765625 105.90294647216797 1574.0389404296875
190.1240692138672 1483.20458984375 259.39739990234375 1574.86572265625
342.8271789550781 1483.89111328125 407.10003662109375 1576.2584228515625
642.6284790039062 1484.40966796875 708.3414306640625 1575.08837890625
496.328369140625 1490.1251220703125 553.6290283203125 1573.77294921875
46.33853530883789 1053.0001220703125 556.963623046875 1433.7965087890625
46.33853530883789 1053.0001220703125 556.963623046875 1375.84033203125
46.33853530883789 1053.0001220703125 556.963623046875 1343.2257080078125
45.66049575805664 1550.4993896484375 105.90294647216797 1574.0389404296875
449.2645568847656 1258.8289794921875 555.7296752929688 1307.2218017578125
586.8173828125 1401.2044677734375 749.2019653320312 1433.59423828125
190.1240692138672 1550.4940185546875 259.39739990234375 1574.86572265625
342.8271789550781 1549.3504638671875 407.10003662109375 1576.2584228515625
48.19116973876953 1401.6119384765625 340.1844787597656 1433.7965087890625
588.2078857421875 1053.6634521484375 749.354736328125 1308.18798828125
48.007083892822266 883.3805541992188 292.23199462890625 922.0890502929688
119.95929718017578 398.6535949707031 298.4276123046875 427.4380798339844
642.6284790039062 1549.43310546875 708.3414306640625 1575.08837890625
120.06299591064453 982.6292114257812 260.7254333496094 1011.1073608398438
58.83768081665039 1484.7603759765625 94.38743591308594 1526.8956298828125
496.328369140625 1548.6749267578125 553.6290283203125 1573.77294921875
67.25174713134766 26.790279388427734 122.66778564453125 55.547210693359375
204.89495849609375 1483.20458984375 247.693359375 1528.391845703125
185.81277465820312 208.67308044433594 562.482177734375 236.71592712402344
46.453399658203125 1053.064208984375 556.6918334960938 1309.5048828125
608.9762573242188 1337.779541015625 737.070068359375 1385.142578125
621.377197265625 254.43798828125 710.29443359375 343.1138000488281
48.39327621459961 280.9151916503906 213.33070373535156 312.9305114746094
47.61689758300781 972.8089599609375 95.5577621459961 1021.3626098632812
354.1504821777344 1483.89111328125 398.8030090332031 1526.3616943359375
658.9619750976562 1484.40966796875 694.0170288085938 1527.4273681640625
279.5958251953125 279.4367980957031 517.2557373046875 314.4219970703125
505.04180908203125 1490.1251220703125 546.9140625 1519.9813232421875
274.1014099121094 519.3509521484375 476.4348449707031 544.1849365234375
47.61199188232422 389.1224670410156 95.62486267089844 437.2220458984375
46.33853530883789 1053.0001220703125 556.963623046875 1308.7054443359375
180.34918212890625 559.3036499023438 570.8386840820312 588.2369384765625
47.67845153808594 1342.0196533203125 75.2807388305664 1375.84033203125
611.2886352539062 891.0199584960938 701.9218139648438 919.0506591796875
184.1513214111328 1334.765869140625 305.3691711425781 1343.2257080078125
673.5447998046875 891.4915161132812 701.4442138671875 917.4771118164062
267.8946533203125 153.9517822265625 481.0603942871094 194.9790802001953
585.9454956054688 32.27676773071289 623.3478393554688 60.45943832397461
47.09134292602539 469.4197998046875 703.767822265625 754.5460815429688
673.8344116210938 33.57540512084961 715.95703125 56.21433639526367
596.92578125 875.9790649414062 715.8406982421875 935.66162109375
144.09617614746094 624.8853149414062 607.165771484375 705.9963989257812
181.32484436035156 1336.5732421875 309.46124267578125 1384.8568115234375
46.82207489013672 0.7529488801956177 143.19752502441406 82.93081665039062
391.05352783203125 784.017822265625 404.661865234375 799.1672973632812
1.561179757118225 1458.3519287109375 749.607177734375 1620.4906005859375
262.11236572265625 649.8832397460938 536.47998046875 679.8593139648438
45.647850036621094 278.2048645019531 214.9864044189453 336.4742736816406
