940.4169921875 36.04976272583008 1122.5516357421875 134.9159393310547
87.8078842163086 1171.0889892578125 381.11395263671875 1249.79150390625
940.5784301757812 35.97990036010742 1122.47021484375 135.48890686035156
84.73933410644531 1554.0706787109375 271.5819396972656 1610.5174560546875
775.2769775390625 1184.384033203125 1098.9658203125 1233.0477294921875
901.094970703125 1390.4384765625 1039.0108642578125 1438.7069091796875
28.664979934692383 33.86613082885742 118.24773406982422 137.68069458007812
84.83287048339844 800.6740112304688 409.7928161621094 1124.5711669921875
116.4493637084961 2.9435362815856934 329.9385986328125 155.16761779785156
682.7388916015625 1152.775634765625 762.645751953125 1253.8043212890625
85.36419677734375 230.79971313476562 890.1251220703125 293.3038635253906
83.9000473022461 1386.0535888671875 177.5613555908203 1442.3563232421875
85.10193634033203 234.031494140625 179.84478759765625 287.6371154785156
956.4675903320312 1557.9866943359375 1037.2071533203125 1606.2430419921875
