110.59078216552734 1827.846435546875 1313.00048828125 1891.5447998046875
911.0645141601562 354.6628723144531 1259.029296875 500.5760803222656
107.7833480834961 1340.8187255859375 1320.408447265625 1593.483642578125
20.169170379638672 348.6763916015625 318.6142883300781 501.095458984375
1310.8519287109375 46.87285614013672 1343.0478515625 95.96908569335938
3.121662139892578 2838.82666015625 1437.5030517578125 3042.818115234375
109.53643798828125 1340.563720703125 1154.390869140625 1591.400634765625
1326.509521484375 387.70587158203125 1438.060546875 439.7257995605469
1302.355712890625 199.82037353515625 1376.943603515625 273.16998291015625
726.4411010742188 661.018798828125 1223.4219970703125 989.5095825195312
726.6685180664062 659.5513916015625 1223.611572265625 990.6502075195312
106.99310302734375 2516.644287109375 1274.8212890625 2754.92236328125
923.98681640625 955.4423828125 1265.5335693359375 1187.5498046875
298.8868713378906 47.856239318847656 337.0812683105469 96.60757446289062
111.43054962158203 2210.69384765625 1280.934326171875 2370.75927734375
110.515380859375 1923.2548828125 1221.5751953125 2066.7900390625
337.807861328125 351.0545349121094 634.6193237304688 502.7007141113281
671.6318969726562 356.4769592285156 868.4267578125 499.8879699707031
142.88119506835938 769.0191650390625 542.248779296875 891.5582275390625
