552.4254150390625 2206.752197265625 622.6776123046875 2326.991943359375
81.86302185058594 2207.83447265625 152.3553924560547 2325.72314453125
1006.8942260742188 2206.257080078125 1113.630126953125 2326.833984375
50.094417572021484 44.456687927246094 999.8469848632812 165.06982421875
791.8978271484375 2207.037841796875 855.0140380859375 2325.5068359375
1012.0125732421875 43.94329071044922 1130.209228515625 164.59371948242188
31.526077270507812 211.51129150390625 166.16293334960938 334.9585876464844
318.2991943359375 1407.34814453125 441.3235168457031 1456.7276611328125
290.2301330566406 2207.24755859375 415.3495178222656 2327.8115234375
318.3375549316406 1406.724609375 837.1431884765625 1457.1429443359375
230.9608612060547 205.73934936523438 421.2713623046875 325.0921630859375
451.6283264160156 1302.9093017578125 727.5599975585938 1370.8231201171875
