62.86825942993164 2183.419921875 170.4893798828125 2302.905029296875
764.701171875 2179.971923828125 870.04736328125 2304.49169921875
989.01708984375 2176.5625 1113.35107421875 2304.146728515625
9.743287086486816 61.500694274902344 204.8717803955078 201.36061096191406
540.823974609375 2267.272216796875 625.6323852539062 2303.026123046875
764.701171875 2266.191650390625 870.04736328125 2304.49169921875
989.01708984375 2266.478759765625 1113.35107421875 2304.146728515625
1029.6431884765625 1160.5299072265625 1162.5087890625 1199.843994140625
1029.3984375 540.2723388671875 1162.1534423828125 576.6868286132812
1031.2000732421875 1426.3114013671875 1141.2430419921875 1465.810546875
1031.6207275390625 663.3878784179688 1153.8487548828125 700.0729370117188
9.743287086486816 159.76206970214844 204.8717803955078 201.36061096191406
62.86825942993164 2267.164306640625 170.4893798828125 2302.905029296875
10.830511093139648 1425.0247802734375 217.55718994140625 1467.3031005859375
1015.6061401367188 60.92751693725586 1122.00048828125 108.2706069946289
1030.73046875 912.4762573242188 1156.0015869140625 951.294677734375
1029.686279296875 291.5798034667969 1156.79443359375 328.7066955566406
307.77423095703125 2266.724365234375 391.26409912109375 2303.395263671875
670.807861328125 2113.667236328125 861.2769775390625 2154.568115234375
1029.773681640625 789.3372802734375 1162.017822265625 826.2686157226562
75.11080932617188 2183.419921875 152.14114379882812 2249.2626953125
958.0008544921875 2114.341064453125 1136.91943359375 2152.47265625
680.3635864257812 52.118919372558594 745.0308227539062 114.85332489013672
422.48529052734375 50.88587188720703 485.9886779785156 115.6751937866211
777.9716796875 2179.971923828125 856.8455810546875 2254.253173828125
1012.3095703125 2176.5625 1090.4815673828125 2255.104736328125
94.08177185058594 2113.76708984375 278.6722412109375 2154.5244140625
1026.104736328125 401.142333984375 1163.4052734375 448.4765625
559.9020385742188 49.16963577270508 606.059814453125 115.9283676147461
1026.8880615234375 1611.91357421875 1123.845703125 1653.185546875
1030.9439697265625 167.447509765625 1162.2550048828125 206.84739685058594
46.81562423706055 61.500694274902344 92.62095642089844 106.99398803710938
1027.0679931640625 1889.052978515625 1126.177978515625 1925.4349365234375
