524.416748046875 2168.36181640625 644.2394409179688 2286.036376953125
47.365596771240234 1874.333984375 1125.9268798828125 2286.887451171875
607.8366088867188 280.74517822265625 1121.531982421875 684.1428833007812
46.442970275878906 548.1339721679688 564.2661743164062 944.7264404296875
46.77099609375 281.57501220703125 563.9752807617188 684.8003540039062
48.2309684753418 1617.915771484375 1125.8798828125 2012.5501708984375
879.423095703125 2168.71044921875 950.7276611328125 2286.887451171875
524.416748046875 2244.52978515625 644.2394409179688 2286.036376953125
47.073326110839844 281.2574768066406 563.425048828125 497.56634521484375
47.46338653564453 547.93603515625 563.0758666992188 764.618896484375
607.7007446289062 546.7435913085938 1122.41552734375 765.1934204101562
607.4053955078125 280.5752258300781 1121.818115234375 497.4424743652344
184.3616485595703 358.9839782714844 427.31988525390625 418.5986022949219
120.98827362060547 895.98046875 318.3011474609375 944.7264404296875
120.53932189941406 1957.399658203125 681.9561157226562 2012.5501708984375
204.17913818359375 125.58824157714844 558.9825439453125 176.2978515625
254.80105590820312 1201.083984375 914.02685546875 1255.167236328125
47.437320709228516 811.1951904296875 1122.4351806640625 1021.5623779296875
47.51479721069336 1874.34912109375 1122.887451171875 2083.928466796875
786.294921875 627.4457397460938 942.0232543945312 684.1428833007812
47.60015869140625 1617.87158203125 1124.427001953125 1828.2900390625
234.09886169433594 628.5730590820312 377.1107482910156 684.8003540039062
383.7844543457031 1345.2420654296875 784.9319458007812 1400.6715087890625
553.6653442382812 2168.36181640625 613.3491821289062 2226.711181640625
210.4040069580078 2245.998291015625 300.1124572753906 2288.22021484375
49.428428649902344 66.77127075195312 1121.6158447265625 232.43484497070312
879.423095703125 2241.7158203125 950.7276611328125 2286.887451171875
120.46588897705078 1700.4100341796875 600.7589111328125 1753.8604736328125
287.1279296875 1299.2442626953125 881.672607421875 1446.78857421875
787.3126220703125 360.3818054199219 938.9103393554688 425.098876953125
791.6489868164062 1873.158447265625 1115.4766845703125 2081.033935546875
607.3860473632812 546.9644775390625 1122.9005126953125 764.1556396484375
47.365596771240234 1874.333984375 1125.9268798828125 2083.733642578125
607.8366088867188 280.74517822265625 1121.531982421875 496.53118896484375
46.442970275878906 548.1339721679688 564.2661743164062 764.2091064453125
46.77099609375 281.57501220703125 563.9752807617188 497.0051574707031
48.2309684753418 1617.915771484375 1125.8798828125 1827.6524658203125
1.630565881729126 1070.7269287109375 1168.8560791015625 1545.1026611328125
882.6891479492188 2168.71044921875 945.135986328125 2231.163818359375
49.0059928894043 811.4366455078125 1123.172119140625 1019.4133911132812
