502.5908203125 444.70599365234375 668.85791015625 594.5509643554688
999.950439453125 992.2261352539062 1079.3441162109375 1038.11376953125
552.9328002929688 2160.29443359375 616.4880981445312 2223.741943359375
972.6517333984375 166.30191040039062 1080.8414306640625 271.8870544433594
503.04522705078125 895.1994018554688 667.0896606445312 1038.5234375
848.478759765625 2151.0869140625 902.7360229492188 2190.71630859375
131.90147399902344 1934.8692626953125 315.62396240234375 1988.5372314453125
784.4083862304688 2159.281005859375 852.5433959960938 2284.319580078125
130.9772186279297 1210.230712890625 291.9271545410156 1258.5267333984375
976.5538940429688 1369.245849609375 1109.0513916015625 1410.7119140625
68.11270141601562 1940.5057373046875 104.71658325195312 1983.37646484375
68.69435119628906 444.50506591796875 190.99566650390625 596.33447265625
766.7001953125 883.6984252929688 858.496826171875 975.2042846679688
276.2173767089844 449.1947326660156 439.5993957519531 594.8794555664062
82.43504333496094 24.176103591918945 122.20774841308594 72.58856201171875
131.168701171875 1302.054931640625 291.6681823730469 1349.88916015625
84.28376007080078 2159.180908203125 150.37118530273438 2284.676025390625
748.8893432617188 442.3302001953125 874.1310424804688 594.7318115234375
315.3937683105469 2151.226318359375 395.7709655761719 2283.789794921875
59.59436798095703 1300.08203125 110.80857849121094 1353.7596435546875
1066.306884765625 32.19104766845703 1131.629150390625 97.04736328125
802.9434814453125 1125.242919921875 1038.8785400390625 1173.30078125
1020.3577880859375 2159.36279296875 1086.3380126953125 2283.947509765625
884.701171875 1475.167724609375 1149.672119140625 1883.7525634765625
372.75506591796875 173.82205200195312 503.7057800292969 345.64208984375
78.18484497070312 168.6244659423828 209.58689880371094 345.5377197265625
984.0929565429688 1213.8648681640625 1108.366943359375 1257.731201171875
26.588321685791016 674.78466796875 234.80862426757812 819.1544189453125
957.2418212890625 664.7694091796875 1122.2432861328125 817.6945190429688
597.46923828125 1473.947509765625 860.6959838867188 1884.8641357421875
202.10121154785156 17.905921936035156 1026.270263671875 114.77835845947266
482.6548767089844 662.1203002929688 688.521484375 851.574951171875
134.12669372558594 1365.41943359375 527.5603637695312 1412.5986328125
730.1093139648438 671.2962646484375 894.7052612304688 818.4664306640625
707.9371948242188 990.9475708007812 914.7911376953125 1038.6278076171875
997.3753662109375 442.7893371582031 1083.945068359375 595.0767211914062
59.463523864746094 1208.54296875 111.89055633544922 1262.3544921875
679.0513916015625 144.7391815185547 843.1361694335938 345.718505859375
631.7111206054688 2115.677001953125 890.1280517578125 2145.435302734375
24.619632720947266 1475.536865234375 572.7933959960938 1883.6676025390625
62.20357894897461 887.921142578125 221.01686096191406 1173.83544921875
552.8159790039062 2246.45849609375 615.6732177734375 2284.378662109375
582.0087280273438 1364.4267578125 947.2058715820312 1413.0140380859375
317.5203552246094 1209.72265625 701.490234375 1257.701416015625
273.2528381347656 882.3400268554688 441.3251647949219 1038.6607666015625
36.98524856567383 2001.18212890625 1133.423828125 2111.5576171875
275.5297546386719 666.3199462890625 440.4988098144531 817.88427734375
26.1854305267334 887.921142578125 233.8562469482422 1039.25732421875
