27.63959503173828 669.2084350585938 1147.4156494140625 796.6338500976562
61.08169937133789 1784.80419921875 130.11221313476562 1842.4727783203125
168.81472778320312 1385.2991943359375 263.5660095214844 1440.2127685546875
943.8272094726562 33.15631866455078 1011.3488159179688 98.68309020996094
266.2448425292969 276.02239990234375 480.2758483886719 314.7481384277344
415.9036560058594 403.058837890625 824.8065795898438 455.3931579589844
52.55592727661133 161.43002319335938 234.45489501953125 341.9553527832031
740.799560546875 1654.450927734375 1035.0191650390625 1704.3310546875
24.179990768432617 506.51214599609375 1150.2520751953125 643.3055419921875
1019.506591796875 2158.50390625 1086.588134765625 2283.960693359375
61.0149040222168 1243.4791259765625 131.7919158935547 1315.377197265625
265.658203125 190.61972045898438 481.8766174316406 251.7472686767578
1066.44873046875 32.64494323730469 1129.40087890625 98.62161254882812
783.285400390625 2149.456298828125 885.6541137695312 2283.98681640625
316.85260009765625 2159.254150390625 383.31976318359375 2283.640869140625
169.587646484375 1249.79345703125 308.0961608886719 1307.7803955078125
67.01712799072266 1113.6605224609375 124.28276062011719 1180.6295166015625
744.6340942382812 1253.525634765625 1078.827880859375 1305.1561279296875
59.68574905395508 2067.1435546875 132.43190002441406 2135.922119140625
779.0884399414062 861.8299560546875 947.0552368164062 911.222412109375
83.55453491210938 2159.52783203125 149.93052673339844 2284.232177734375
168.4232940673828 1784.855712890625 309.1610412597656 1840.0040283203125
60.537254333496094 1931.9111328125 1110.9217529296875 2135.028564453125
168.9207000732422 1651.3697509765625 263.5180969238281 1708.110595703125
28.0862979888916 1906.4652099609375 1149.21142578125 2034.226806640625
59.557395935058594 2066.93408203125 132.33065795898438 2136.280029296875
168.81309509277344 1517.7628173828125 308.38238525390625 1573.353515625
553.315673828125 2160.18310546875 616.8516235351562 2223.7548828125
813.1486206054688 412.192138671875 1078.8665771484375 599.2700805664062
180.75845336914062 860.6197509765625 425.6208190917969 913.327392578125
1047.0091552734375 1662.3553466796875 1080.9161376953125 1697.7098388671875
168.3914031982422 1119.151611328125 262.0438232421875 1174.5841064453125
255.53744506835938 937.9119262695312 351.82421875 984.2327880859375
59.3904914855957 1644.75390625 129.58395385742188 1715.495361328125
54.13153839111328 403.2030334472656 371.4257507324219 455.830078125
553.1448974609375 2246.51318359375 615.7264404296875 2284.1318359375
60.73400115966797 1377.1761474609375 130.81166076660156 1447.7420654296875
54.45587158203125 38.582271575927734 342.8467102050781 89.32322692871094
60.89253234863281 1509.180419921875 129.6571044921875 1584.3358154296875
