732.8865966796875 737.23876953125 873.8467407226562 914.470458984375
381.9026184082031 503.7325134277344 768.900634765625 558.283203125
848.8358764648438 1695.909423828125 961.880126953125 1741.252197265625
309.3905334472656 1268.808837890625 485.2961120605469 1321.383056640625
590.3138427734375 1696.0767822265625 664.3001098632812 1741.5799560546875
416.6050109863281 577.3051147460938 738.933349609375 666.1539306640625
335.4172668457031 190.06443786621094 452.828857421875 234.00274658203125
961.9411010742188 173.40304565429688 1128.4996337890625 257.9092102050781
73.86105346679688 2021.32958984375 311.74169921875 2284.322021484375
850.9949340820312 2019.2479248046875 1090.1890869140625 2283.358154296875
38.16335678100586 39.23126220703125 305.3326416015625 101.24384307861328
69.34337615966797 871.1927490234375 223.13238525390625 915.6724243164062
786.127197265625 2161.16845703125 851.1226806640625 2283.881591796875
850.05517578125 1767.972412109375 1011.4754638671875 1843.76806640625
331.56536865234375 1350.6324462890625 572.5186157226562 1669.903564453125
386.4271545410156 739.2504272460938 766.83740234375 1022.1376342773438
332.2205505371094 2017.5111083984375 572.0467529296875 2140.7802734375
591.1292114257812 1768.5133056640625 752.360107421875 1844.09716796875
953.369873046875 737.1817016601562 1094.603271484375 914.6640014648438
589.7564697265625 1351.1231689453125 832.0033569335938 1672.230224609375
103.54524993896484 486.96728515625 194.7071075439453 519.05029296875
318.3595275878906 2247.063232421875 379.81060791015625 2283.4013671875
71.3748550415039 1351.3441162109375 312.5883483886719 1741.4130859375
311.19781494140625 872.0191650390625 418.38427734375 914.9762573242188
48.151554107666016 1921.043701171875 271.43316650390625 2000.8489990234375
72.17974090576172 1350.62255859375 312.7448425292969 1671.97607421875
332.44085693359375 1768.336181640625 493.6252136230469 1843.7415771484375
591.0324096679688 2018.781494140625 831.9009399414062 2140.21875
331.0695495605469 1696.229248046875 444.1202087402344 1740.78369140625
73.28304290771484 1767.7008056640625 234.60777282714844 1844.040771484375
970.2879028320312 1276.4005126953125 1040.26904296875 1317.568359375
73.4363021850586 2019.8072509765625 311.98382568359375 2140.812255859375
552.41748046875 2161.078125 616.6371459960938 2283.42333984375
957.8251953125 330.7685852050781 1129.2064208984375 551.0555419921875
44.930442810058594 1244.99365234375 273.77691650390625 1335.7481689453125
971.19921875 1945.2862548828125 1041.017822265625 1985.4007568359375
309.11737060546875 1937.69091796875 532.9189453125 1988.42822265625
851.0665893554688 2018.642578125 1090.693359375 2140.627685546875
881.3748168945312 20.68219757080078 1118.934814453125 111.35438537597656
849.75537109375 1350.649169921875 1091.8408203125 1671.537353515625
37.719688415527344 962.6510620117188 1134.614013671875 1216.4344482421875
371.3874816894531 319.4703063964844 795.06591796875 366.99688720703125
331.71734619140625 1350.057373046875 572.3302612304688 1671.136474609375
