343.8539123535156 998.0073852539062 551.8985595703125 1238.1092529296875
39.307334899902344 50.087257385253906 114.66412353515625 128.7301483154297
42.48495864868164 667.42626953125 1123.89404296875 949.8524780273438
626.9992065429688 998.023193359375 804.6571044921875 1174.026611328125
895.3497314453125 997.52734375 1071.9283447265625 1286.77099609375
321.2148742675781 205.5704803466797 841.9568481445312 362.04010009765625
478.6678466796875 2184.812255859375 683.8602294921875 2313.233154296875
785.6754150390625 2185.139892578125 848.0245971679688 2247.87060546875
41.010887145996094 2186.2421875 182.08731079101562 2311.109619140625
433.53558349609375 58.76633071899414 730.1524658203125 116.77315521240234
91.68110656738281 997.1552734375 268.60693359375 1173.9351806640625
91.55327606201172 997.5266723632812 268.5912780761719 1238.23828125
241.1539764404297 1425.2313232421875 924.4708251953125 1497.8726806640625
782.1117553710938 2186.14111328125 848.875732421875 2312.473876953125
1013.2300415039062 2273.609619140625 1091.2431640625 2309.881103515625
895.4724731445312 997.2000732421875 1072.0928955078125 1174.246826171875
270.4959716796875 507.91424560546875 894.0784301757812 552.43212890625
627.0320434570312 998.6029663085938 804.4102172851562 1240.8314208984375
40.40833282470703 1578.1761474609375 1125.14013671875 2169.369140625
358.35882568359375 997.4293212890625 536.6387939453125 1173.9342041015625
1022.3945922851562 40.74557876586914 1114.1483154296875 126.09566497802734
281.1854553222656 2186.230224609375 409.39593505859375 2311.648681640625
