401.03411865234375 153.56576538085938 778.8114013671875 201.46212768554688
485.67230224609375 2183.409423828125 691.07177734375 2312.61572265625
92.7012939453125 2046.8509521484375 1122.2037353515625 2149.72216796875
1020.8433837890625 2272.273193359375 1100.4595947265625 2309.4287109375
48.1679801940918 487.4912109375 142.38986206054688 529.3126831054688
288.7153625488281 2185.500732421875 416.7994689941406 2310.673828125
106.69935607910156 1812.4722900390625 783.39013671875 1911.8223876953125
188.21255493164062 295.0893249511719 399.3101806640625 341.5357360839844
791.409912109375 2183.393310546875 856.7319946289062 2310.866943359375
105.44371795654297 1575.529296875 597.0244750976562 1676.1353759765625
105.92391967773438 1099.4554443359375 597.0731201171875 1202.2373046875
49.87056350708008 2184.666015625 186.72555541992188 2309.594970703125
261.2854309082031 56.549827575683594 916.96337890625 114.99809265136719
778.9274291992188 297.6172180175781 991.0792236328125 340.81512451171875
957.378173828125 1815.022705078125 1064.3258056640625 1856.5404052734375
1058.1895751953125 49.62892150878906 1131.15869140625 122.60336303710938
983.2512817382812 630.0626220703125 1065.942138671875 670.0559692382812
107.30799865722656 1337.0845947265625 789.3994750976562 1437.0679931640625
953.33056640625 1103.9669189453125 1064.45263671875 1146.4034423828125
106.61846923828125 625.609375 774.2139282226562 725.8675537109375
106.7867431640625 863.1730346679688 781.346435546875 961.7859497070312
970.4933471679688 866.683349609375 1066.22265625 908.0701904296875
