641.9530029296875 1216.33544921875 751.4240112304688 1322.510498046875
193.149169921875 1537.5225830078125 289.519287109375 1729.6796875
248.6944122314453 1304.006591796875 595.8092651367188 1491.31884765625
642.008544921875 1450.0091552734375 751.414306640625 1556.25146484375
715.1876831054688 279.7630310058594 810.3583374023438 465.78033447265625
96.22235870361328 1669.2933349609375 312.93914794921875 1756.2110595703125
47.98369216918945 1042.404296875 230.08848571777344 1116.0643310546875
365.23046875 1672.2210693359375 462.3845520019531 1752.4620361328125
254.21339416503906 1042.60986328125 430.3492431640625 1115.8302001953125
514.7771606445312 1672.7415771484375 611.173583984375 1752.6669921875
86.50332641601562 1211.2412109375 209.04766845703125 1333.609619140625
454.2064208984375 1042.31005859375 636.5211791992188 1116.1392822265625
103.05416870117188 308.5679016113281 190.59829711914062 339.4085998535156
248.6944122314453 1454.2144775390625 595.8092651367188 1491.31884765625
720.246337890625 138.6456298828125 809.5891723632812 227.8478546142578
418.67431640625 771.4061889648438 576.9623413085938 802.780029296875
47.77185821533203 946.1112060546875 381.08514404296875 984.8897705078125
47.358585357666016 526.0653076171875 809.54541015625 887.9937133789062
421.3326110839844 750.9701538085938 664.3646240234375 825.4650268554688
664.1904296875 1671.6060791015625 760.6770629882812 1752.892822265625
87.52664184570312 1446.828125 207.49740600585938 1565.985107421875
715.0724487304688 947.2401733398438 810.3807373046875 981.805908203125
599.1453247070312 138.87127685546875 689.3961181640625 227.55735778808594
67.56574249267578 30.5300235748291 120.37577819824219 60.3603401184082
48.65121078491211 430.5955505371094 233.879150390625 469.7091979980469
87.85706329345703 1447.69189453125 207.0609893798828 1565.1524658203125
247.2699432373047 1269.400634765625 354.25518798828125 1293.5771484375
720.219970703125 279.6628112792969 809.3475952148438 368.1259460449219
47.3475456237793 147.0378875732422 249.25559997558594 314.1148986816406
599.0103759765625 138.57606506347656 689.5955200195312 228.24375915527344
715.1876831054688 431.6100769042969 810.3583374023438 465.78033447265625
80.0252914428711 1060.9658203125 196.2032012939453 1096.2177734375
246.679931640625 1503.67333984375 354.10284423828125 1527.2587890625
642.008544921875 1518.1846923828125 751.414306640625 1556.25146484375
664.2892456054688 1671.9503173828125 760.359375 1752.41552734375
248.33241271972656 1219.072998046875 508.56475830078125 1258.3050537109375
61.407222747802734 1199.935791015625 808.809814453125 1366.1893310546875
287.4128112792969 1536.9971923828125 319.6611022949219 1561.1246337890625
779.7194213867188 34.135337829589844 825.2982177734375 58.139835357666016
720.4649658203125 139.03518676757812 809.2347412109375 227.2616729736328
365.3349914550781 1672.742431640625 462.3638610839844 1751.8773193359375
706.46484375 1216.33544921875 748.9487915039062 1255.880859375
49.92453384399414 1622.540771484375 808.34765625 1803.5784912109375
250.78306579589844 1537.5225830078125 277.425048828125 1563.1590576171875
287.2784423828125 1303.2022705078125 319.3246765136719 1327.3031005859375
86.5334701538086 1211.39111328125 208.84109497070312 1333.202880859375
286.61834716796875 1061.0494384765625 396.11285400390625 1096.9334716796875
486.16912841796875 1061.43017578125 602.9688720703125 1096.3570556640625
250.99156188964844 1304.006591796875 276.693359375 1329.2237548828125
692.2789306640625 33.0965461730957 729.3868408203125 60.46860885620117
514.9025268554688 1673.3321533203125 611.2315673828125 1752.094482421875
423.7564697265625 598.5418090820312 631.0810546875 647.3216552734375
193.149169921875 1693.5380859375 289.519287109375 1729.6796875
738.3717041015625 31.222021102905273 768.486572265625 58.20777130126953
641.9530029296875 1283.6419677734375 751.4240112304688 1322.510498046875
453.86590576171875 1042.6383056640625 636.510498046875 1115.5372314453125
706.649169921875 1450.0091552734375 748.94677734375 1489.270751953125
160.95433044433594 172.3682861328125 474.0858459472656 224.85926818847656
96.19957733154297 1669.288330078125 312.98638916015625 1755.981201171875
720.2484130859375 279.7630310058594 809.2933959960938 367.5069885253906
55.50598907470703 1413.379638671875 809.6636352539062 1602.060302734375
425.2832946777344 666.29296875 715.6914672851562 713.1146240234375
779.1781616210938 33.428794860839844 827.0643310546875 59.30192184448242
