24.368274688720703 1033.2445068359375 167.4434814453125 1245.6226806640625
49.00637435913086 1799.142822265625 303.4186706542969 1851.0244140625
375.6331787109375 77.9835205078125 801.061279296875 132.18714904785156
49.33428955078125 1888.7503662109375 170.53407287597656 1942.4088134765625
608.3944091796875 1033.4266357421875 822.9329223632812 1246.6282958984375
47.347251892089844 243.78968811035156 583.7817993164062 583.6429443359375
47.95641326904297 1571.669921875 216.23728942871094 1622.1888427734375
47.43936538696289 1033.241943359375 654.7257690429688 1396.390380859375
592.9354248046875 244.98056030273438 1131.727783203125 581.7890625
1041.347900390625 67.05472564697266 1099.85595703125 142.40542602539062
46.858604431152344 592.7921142578125 403.2398681640625 932.9014282226562
1032.7952880859375 1347.3973388671875 1131.498291015625 1445.6131591796875
593.324462890625 244.74990844726562 1131.6650390625 581.7490234375
223.3864288330078 1887.2313232421875 401.22564697265625 1942.524169921875
24.05677604675293 1033.000244140625 167.76914978027344 1178.4090576171875
871.3329467773438 1032.950927734375 1117.2032470703125 1246.0543212890625
612.5890502929688 1572.5469970703125 782.2139892578125 1623.616943359375
775.7190551757812 594.7236328125 1133.084228515625 932.7885131835938
49.45098876953125 2052.322265625 606.376708984375 2094.980712890625
49.101402282714844 2052.273681640625 196.76260375976562 2094.361328125
642.7462768554688 1032.8023681640625 789.28125 1178.2376708984375
452.78277587890625 1886.9674072265625 597.903076171875 1942.5562744140625
410.6980285644531 593.4862060546875 767.2726440429688 932.1834716796875
47.875694274902344 2137.693359375 1131.2139892578125 2285.6591796875
47.21082305908203 1661.5050048828125 338.2625732421875 1714.56201171875
417.1849670410156 1033.11962890625 561.8093872070312 1178.1767578125
589.9337158203125 1634.006103515625 918.9882202148438 1734.2481689453125
921.283935546875 1032.7889404296875 1066.8905029296875 1178.2393798828125
217.95755004882812 1033.048095703125 364.8149108886719 1178.48095703125
