96.32821655273438 117.11775970458984 166.2684326171875 149.19264221191406
16.48564910888672 267.70257568359375 239.11785888671875 308.02593994140625
16.219831466674805 323.5193786621094 49.273582458496094 355.9175109863281
211.62466430664062 42.171630859375 239.4500732421875 70.18232727050781
53.298770904541016 332.7902526855469 155.79891967773438 345.5339050292969
176.8867950439453 117.15351867675781 238.76451110839844 148.8618927001953
96.281494140625 117.16443634033203 166.29135131835938 149.03665161132812
16.07341766357422 53.670475006103516 109.25147247314453 71.75281524658203
16.2418212890625 93.2163314819336 60.9620361328125 107.01083374023438
16.504798889160156 212.54373168945312 239.35464477539062 252.61903381347656
126.55314636230469 159.45391845703125 225.01817321777344 191.24380493164062
16.171154022216797 117.1646957397461 86.02114868164062 239.40174865722656
16.22214126586914 159.58522033691406 116.05793762207031 191.3002166748047
16.036489486694336 372.8786315917969 49.25196075439453 405.7510070800781
176.91465759277344 117.09403991699219 238.7755584716797 149.0568084716797
16.189102172851562 425.36956787109375 239.25843811035156 465.73004150390625
16.302846908569336 39.13404083251953 64.6968994140625 50.007598876953125
16.166271209716797 117.18617248535156 86.05110168457031 149.1326141357422
8.066131591796875 486.7645568847656 247.33999633789062 542.2032470703125
54.28582763671875 382.88653564453125 96.63665771484375 394.3055419921875
