83.45771026611328 213.04116821289062 170.57058715820312 311.1777038574219
69.67047119140625 155.60122680664062 239.4085693359375 255.48135375976562
13.26002311706543 99.27523803710938 39.04961395263672 129.80430603027344
16.915924072265625 398.0288391113281 37.43348693847656 406.9905700683594
8.091873168945312 486.844970703125 247.4051513671875 542.317626953125
12.345893859863281 35.44855880737305 80.0772705078125 77.77687072753906
155.35887145996094 98.46128845214844 174.8528289794922 131.80877685546875
83.49645233154297 325.5205078125 171.13583374023438 423.3088073730469
83.6043930053711 229.19796752929688 143.11734008789062 407.65863037109375
184.24554443359375 96.886962890625 208.39431762695312 132.09637451171875
16.63606071472168 266.8838806152344 44.13842010498047 278.489990234375
47.88336181640625 98.44522857666016 73.58489227294922 131.2158203125
119.15609741210938 99.06977081298828 143.94760131835938 133.4759521484375
16.727977752685547 285.5384826660156 37.29315948486328 295.0915832519531
216.0275115966797 96.39873504638672 241.19862365722656 133.57891845703125
70.1998291015625 380.49176025390625 239.15643310546875 479.2846374511719
81.643798828125 437.7474670410156 104.7965087890625 529.7345581054688
82.87051391601562 97.2652359008789 109.82810974121094 132.8859100341797
69.87300872802734 268.390380859375 239.28021240234375 367.905029296875
17.104101181030273 173.4529266357422 37.39704132080078 182.77749633789062
16.276100158691406 154.47789001464844 37.68388366699219 166.05807495117188
16.786909103393555 379.2457275390625 44.104949951171875 390.7025146484375
144.64175415039062 39.627113342285156 239.3836669921875 71.94725036621094
