38.13798522949219 288.3524475097656 209.5773162841797 347.87811279296875
189.4918670654297 49.15807342529297 207.8106231689453 62.35480880737305
38.19017028808594 101.44974517822266 213.95867919921875 138.81716918945312
70.53335571289062 201.92721557617188 162.01258850097656 380.2344970703125
223.8553466796875 47.73517990112305 239.40908813476562 63.40433883666992
55.710426330566406 232.47698974609375 217.38229370117188 280.4737854003906
15.91940689086914 287.7984619140625 33.7142448425293 304.9137878417969
46.13063049316406 158.89349365234375 200.44044494628906 331.0383605957031
222.0096435546875 232.01312255859375 239.37081909179688 248.75213623046875
8.067054748535156 486.69384765625 247.45550537109375 542.3870239257812
205.22898864746094 441.5730895996094 219.78907775878906 456.28857421875
16.026395797729492 102.06484985351562 34.436370849609375 117.78511810302734
16.827613830566406 54.08011245727539 83.61856842041016 73.08453369140625
38.01255798339844 146.96629333496094 186.3152313232422 181.93328857421875
16.604476928710938 39.6141357421875 64.3778305053711 49.82339859008789
62.73168182373047 158.89349365234375 207.80270385742188 273.65887451171875
38.05949401855469 356.914306640625 196.32015991210938 391.5062561035156
38.11859893798828 189.89871215820312 169.16653442382812 224.73008728027344
46.18797302246094 47.69822692871094 194.3299102783203 131.5214080810547
60.497589111328125 399.239990234375 217.31808471679688 425.0281066894531
16.668380737304688 432.8175964355469 171.36758422851562 466.0635070800781
226.90316772460938 441.3719787597656 239.6568603515625 456.33056640625
183.46157836914062 441.2160949707031 198.13613891601562 456.4763488769531
222.24871826171875 399.2440185546875 239.24111938476562 415.32080078125
