129.46490478515625 845.7303466796875 186.12159729003906 860.5419921875
332.8438720703125 15.704790115356445 351.6590270996094 29.854080200195312
31.006805419921875 17.068359375 56.97972869873047 32.729759216308594
108.21762084960938 581.0156860351562 194.71560668945312 602.3150634765625
327.8074951171875 672.3213500976562 389.62469482421875 688.0455932617188
107.76396942138672 344.6659851074219 391.1417236328125 426.23297119140625
23.79190444946289 661.7368774414062 87.67574310302734 725.40283203125
23.49962615966797 133.6107635498047 88.02464294433594 197.9486541748047
24.39432716369629 845.85302734375 89.21809387207031 861.4492797851562
23.790952682495117 486.01983642578125 87.6800308227539 549.6279296875
323.1830749511719 707.9771118164062 390.78497314453125 860.5562744140625
140.21229553222656 261.1050720214844 235.14320373535156 279.2052917480469
23.84140968322754 750.0862426757812 87.5834732055664 798.5099487304688
23.893741607666016 221.76219177246094 87.97329711914062 285.61572265625
362.7080078125 320.5186767578125 389.885009765625 334.7522888183594
23.539892196655273 133.6011505126953 88.1115951538086 198.1729278564453
23.826671600341797 573.6586303710938 87.69534301757812 637.3271484375
323.130859375 707.8150024414062 390.81427001953125 776.12548828125
24.811796188354492 74.12886047363281 131.49661254882812 98.61296081542969
121.18370819091797 613.111572265625 180.4322509765625 630.4901733398438
355.3263244628906 15.324783325195312 370.8238830566406 28.900545120239258
156.6983642578125 178.0216064453125 250.06402587890625 195.2940673828125
363.84735107421875 608.6646728515625 390.19964599609375 635.3407592773438
363.9740905761719 520.522705078125 390.15985107421875 547.427734375
23.834970474243164 661.7230224609375 87.68668365478516 725.6468505859375
327.7200622558594 584.1077880859375 390.0422668457031 600.0943603515625
23.856563568115234 398.16912841796875 87.8827896118164 461.90216064453125
107.93251037597656 757.4821166992188 223.4420623779297 779.6885375976562
134.8907928466797 524.9893798828125 182.3548583984375 543.1768188476562
23.878450393676758 309.8400573730469 87.92499542236328 374.15679931640625
107.94908142089844 344.6659851074219 390.483154296875 513.54150390625
140.46945190429688 700.671875 213.22557067871094 718.9819946289062
139.82699584960938 881.8642578125 273.8634948730469 889.3170166015625
108.03634643554688 316.8645935058594 279.7432861328125 338.2588195800781
23.853540420532227 573.7119140625 87.73274230957031 637.6121215820312
107.9119644165039 176.19039916992188 143.48094177246094 194.90573120117188
362.6974182128906 144.00558471679688 389.7774353027344 158.95777893066406
108.37493133544922 669.0254516601562 207.75042724609375 690.1775512695312
108.20001220703125 789.5813598632812 149.11383056640625 799.413818359375
108.2132797241211 229.32888793945312 212.42669677734375 249.29425048828125
109.6163101196289 525.0789184570312 128.18359375 544.1365966796875
23.696678161621094 486.024169921875 87.6479263305664 549.4130859375
107.42308807373047 141.3285675048828 266.6136169433594 161.94027709960938
242.11358642578125 845.0557861328125 273.15582275390625 860.2742919921875
376.39605712890625 16.85150146484375 397.6087646484375 28.419626235961914
