376.1145935058594 16.73320960998535 397.6980285644531 28.724679946899414
24.06768226623535 291.57550048828125 185.93130493164062 310.8211975097656
23.118175506591797 588.6143798828125 72.9942855834961 607.84716796875
23.546016693115234 520.7244262695312 65.16433715820312 536.1309204101562
24.165809631347656 437.33197021484375 107.8231201171875 452.5118713378906
333.4766540527344 505.0914611816406 391.5716857910156 608.5093994140625
24.040660858154297 493.5796813964844 171.83883666992188 513.6463623046875
23.54987907409668 410.65118408203125 183.0194549560547 430.1688537597656
345.59130859375 226.7862548828125 390.8374328613281 253.61581420898438
355.31927490234375 15.250631332397461 370.7145690917969 28.9458065032959
24.315580368041992 74.41254425048828 164.61343383789062 249.30853271484375
23.5259952545166 121.38723754882812 87.91407775878906 185.5712432861328
248.09466552734375 588.763671875 290.72430419921875 607.927734375
138.05963134765625 628.8920288085938 276.7550354003906 766.694580078125
107.67823028564453 128.8397674560547 266.7015380859375 149.89993286132812
314.8578186035156 502.9953308105469 339.3146057128906 528.0603637695312
115.21888732910156 589.3999633789062 207.25575256347656 607.84619140625
332.8240661621094 15.679337501525879 351.70343017578125 29.882949829101562
24.467708587646484 362.9145812988281 219.3316192626953 384.27655029296875
138.4918975830078 766.4346313476562 275.8233947753906 890.2288818359375
17.562179565429688 0.32453346252441406 68.93667602539062 44.618186950683594
