224.45387268066406 77.71025085449219 390.46990966796875 171.18724060058594
600.2633666992188 1528.9683837890625 651.993896484375 1568.486572265625
350.5032043457031 1516.548095703125 401.1235656738281 1567.862060546875
62.154293060302734 352.5673522949219 484.1916198730469 635.2377319335938
599.4153442382812 76.84090423583984 692.5547485351562 170.62509155273438
62.1371955871582 353.2017822265625 484.0116882324219 786.2597045898438
64.35409545898438 1136.3260498046875 167.01441955566406 1239.8011474609375
531.396240234375 352.2889404296875 749.1913452148438 694.9472045898438
190.0500030517578 1454.4095458984375 343.0838317871094 1487.560546875
63.35832977294922 1288.3359375 167.49880981445312 1392.5216064453125
51.255332946777344 86.32689666748047 202.1640625 170.96328735351562
63.72409439086914 1440.431884765625 166.7540283203125 1496.04638671875
190.07334899902344 1149.00830078125 397.47137451171875 1184.65771484375
531.6262817382812 352.2889404296875 749.5393676757812 751.0289306640625
189.56350708007812 1302.406982421875 483.5129699707031 1380.4947509765625
64.68183135986328 266.25762939453125 326.45770263671875 305.37139892578125
64.73301696777344 897.1654663085938 394.006103515625 942.297119140625
531.6987915039062 352.2247314453125 749.1193237304688 635.5154418945312
190.34361267089844 998.5235595703125 430.97125244140625 1029.705810546875
193.1300048828125 1044.87451171875 643.174072265625 1077.4334716796875
102.78777313232422 1518.0211181640625 149.85935974121094 1565.8109130859375
63.8919792175293 983.7998046875 167.52593994140625 1088.43115234375
190.86373901367188 1197.2952880859375 480.0055236816406 1227.425048828125
