63.78647994995117 368.0856628417969 227.09854125976562 471.4903564453125
638.73095703125 698.4907836914062 687.1698608398438 734.8250122070312
62.28096008300781 368.2955627441406 686.4609985351562 646.7071533203125
62.49296188354492 1259.8231201171875 227.33053588867188 1365.1290283203125
61.7127571105957 1260.18408203125 686.147216796875 1537.718505859375
46.82164001464844 185.25376892089844 203.77651977539062 263.1908874511719
61.34571838378906 813.0989379882812 686.1744995117188 1092.174560546875
619.4966430664062 188.15309143066406 689.1256103515625 257.6054382324219
467.8378601074219 1590.484619140625 618.6450805664062 1622.0816650390625
638.691650390625 1590.696044921875 686.8593139648438 1622.89404296875
468.58355712890625 697.6903686523438 617.2922973632812 728.6790771484375
638.804443359375 1143.823974609375 687.1013793945312 1181.2630615234375
236.71560668945312 187.712890625 408.63177490234375 267.8660583496094
468.13238525390625 1144.4559326171875 617.0205688476562 1174.36669921875
