871.3329467773438 1032.950927734375 1117.2032470703125 1246.0543212890625
47.43936538696289 1033.241943359375 654.7257690429688 1396.390380859375
215.29885864257812 1033.241943359375 368.4521179199219 1245.824951171875
608.3944091796875 1033.4266357421875 822.9329223632812 1246.6282958984375
417.5347900390625 1033.57275390625 561.3870849609375 1245.044921875
47.43936538696289 1033.57275390625 654.7257690429688 1396.390380859375
24.368274688720703 1033.2445068359375 167.4434814453125 1245.6226806640625
871.3329467773438 1204.81591796875 1117.2032470703125 1246.0543212890625
49.33428955078125 1888.7503662109375 170.53407287597656 1942.4088134765625
49.45098876953125 2052.322265625 606.376708984375 2094.980712890625
217.95755004882812 1033.048095703125 364.8149108886719 1178.48095703125
417.1849670410156 1033.11962890625 561.8093872070312 1178.1767578125
35.45233917236328 1205.4248046875 156.77813720703125 1245.6226806640625
612.5890502929688 1572.5469970703125 782.2139892578125 1623.616943359375
608.3944091796875 1207.345703125 822.9329223632812 1246.6282958984375
1032.7952880859375 1347.3973388671875 1131.498291015625 1445.6131591796875
47.21082305908203 1661.5050048828125 338.2625732421875 1714.56201171875
47.95641326904297 1571.669921875 216.23728942871094 1622.1888427734375
410.6980285644531 593.4862060546875 767.2726440429688 932.1834716796875
375.6331787109375 77.9835205078125 801.061279296875 132.18714904785156
458.02008056640625 1207.8021240234375 518.4324340820312 1245.044921875
24.05677604675293 1033.000244140625 167.76914978027344 1178.4090576171875
775.7190551757812 594.7236328125 1133.084228515625 932.7885131835938
47.43936538696289 1330.2967529296875 654.7257690429688 1396.390380859375
642.7462768554688 1032.8023681640625 789.28125 1178.2376708984375
613.6298217773438 1660.619384765625 903.9114990234375 1716.578369140625
223.3864288330078 1887.2313232421875 401.22564697265625 1942.524169921875
47.875694274902344 2137.693359375 1131.2139892578125 2285.6591796875
49.101402282714844 2052.273681640625 196.76260375976562 2094.361328125
215.29885864257812 1206.32763671875 368.4521179199219 1245.824951171875
921.283935546875 1032.7889404296875 1066.8905029296875 1178.2393798828125
593.324462890625 244.74990844726562 1131.6650390625 581.7490234375
47.347251892089844 243.78968811035156 583.7817993164062 583.6429443359375
921.4008178710938 1032.950927734375 1066.5604248046875 1176.98681640625
592.9354248046875 244.98056030273438 1131.727783203125 581.7890625
218.1483612060547 1033.241943359375 364.3387145996094 1177.4852294921875
643.0302734375 1033.4266357421875 788.978271484375 1177.08203125
49.00637435913086 1799.142822265625 303.4186706542969 1851.0244140625
417.5347900390625 1033.57275390625 561.3870849609375 1177.0361328125
24.368274688720703 1033.2445068359375 167.4434814453125 1177.3240966796875
443.5769348144531 2182.004150390625 733.434326171875 2238.902099609375
46.858604431152344 592.7921142578125 403.2398681640625 932.9014282226562
198.9452362060547 1192.4764404296875 383.5868225097656 1262.1318359375
1041.347900390625 67.05472564697266 1099.85595703125 142.40542602539062
452.78277587890625 1886.9674072265625 597.903076171875 1942.5562744140625
1033.0133056640625 1348.0428466796875 1131.32080078125 1444.5587158203125
589.9337158203125 1634.006103515625 918.9882202148438 1734.2481689453125
