35.16376495361328 734.5366821289062 63.09382247924805 771.6134643554688
121.39617919921875 731.912353515625 158.6822509765625 772.660888671875
210.2198486328125 733.013671875 252.34967041015625 771.5023193359375
121.39617919921875 761.0516967773438 158.6822509765625 772.660888671875
210.2198486328125 760.2621459960938 252.34967041015625 771.5023193359375
35.16376495361328 760.44921875 63.09382247924805 771.6134643554688
307.9185485839844 759.820068359375 338.21246337890625 771.6189575195312
77.87141418457031 377.4787292480469 102.44561767578125 390.201904296875
199.9914093017578 592.5912475585938 223.32278442382812 606.0579833984375
161.1903839111328 377.19183349609375 185.08795166015625 390.0467834472656
39.057796478271484 377.76678466796875 59.788421630859375 389.9630432128906
257.4869384765625 149.0126495361328 341.7539978027344 182.36106872558594
150.21356201171875 80.86622619628906 217.16905212402344 98.92703247070312
35.58060836791992 657.763916015625 162.3083038330078 714.1983642578125
207.30654907226562 377.46337890625 228.05181884765625 390.1524353027344
29.817829132080078 14.774218559265137 65.7190933227539 30.045265197753906
306.3399658203125 68.09181213378906 350.2445068359375 111.98878479003906
122.78175354003906 377.5776672363281 143.95851135253906 390.10394287109375
37.35747528076172 486.3532409667969 100.09629821777344 500.2361755371094
38.152339935302734 158.38880920410156 153.0590057373047 174.86410522460938
238.9589385986328 654.9813232421875 337.0622863769531 713.01318359375
24.02021598815918 433.43896484375 144.72882080078125 451.5702819824219
199.2742462158203 371.3918151855469 234.76283264160156 403.93243408203125
37.175716400146484 657.99853515625 125.10437774658203 671.5092163085938
154.54391479492188 370.79730224609375 191.23455810546875 403.3636474609375
71.1746597290039 371.4012756347656 108.21309661865234 403.53509521484375
36.77333068847656 506.0501708984375 206.17372131347656 548.3059692382812
290.8990173339844 377.6914367675781 309.13922119140625 390.1451110839844
115.1562728881836 371.2876281738281 150.70851135253906 404.051513671875
268.0897216796875 158.8547821044922 306.3877258300781 173.3877716064453
252.01889038085938 377.6693420410156 265.7919006347656 390.0712585449219
243.40036010742188 371.3617858886719 272.2667541503906 402.6578063964844
37.06129837036133 702.6895141601562 107.22555541992188 714.4336547851562
238.22743225097656 482.25146484375 338.06756591796875 613.018310546875
41.112239837646484 734.5366821289062 59.79412841796875 752.4166870117188
336.0372619628906 16.22370719909668 359.6473083496094 29.182226181030273
238.7120361328125 655.0929565429688 337.0589904785156 712.8136596679688
131.06919860839844 731.912353515625 152.5925750732422 752.6607055664062
35.900474548339844 486.3437805175781 206.6889190673828 548.6578369140625
53.7447395324707 562.1519165039062 143.23358154296875 574.9991455078125
292.99786376953125 16.212753295898438 311.5033874511719 30.076650619506836
21.768875122070312 0.3454884886741638 76.65831756591797 41.50829315185547
222.3717498779297 733.013671875 243.6707305908203 752.1845703125
33.3387565612793 372.5042419433594 65.33746337890625 397.4873046875
