107.26345825195312 4092.9814453125 206.47341918945312 4238.20849609375
780.5901489257812 4091.06201171875 886.6880493164062 4239.9140625
593.06103515625 2315.819091796875 1040.4766845703125 2899.22119140625
593.06103515625 2315.819091796875 1040.4766845703125 2843.576416015625
96.38725280761719 3138.93505859375 471.1393127441406 3581.418212890625
97.343505859375 1934.9091796875 348.6634826660156 2252.9189453125
918.7405395507812 3140.19384765625 1241.269287109375 3583.22802734375
1086.9267578125 2314.941162109375 1241.8157958984375 2898.199462890625
1086.5279541015625 2314.941162109375 1241.935791015625 2844.43408203125
1085.4437255859375 2314.941162109375 1241.82080078125 2900.071044921875
554.6404418945312 4091.632568359375 665.6907958984375 4239.92041015625
508.13134765625 3141.423095703125 883.4805908203125 3581.798583984375
96.20835876464844 437.13140869140625 530.6242065429688 714.8471069335938
97.0948257446289 773.3737182617188 298.5699768066406 1099.7242431640625
95.81332397460938 2314.414306640625 548.7547607421875 2898.4873046875
95.81332397460938 2314.414306640625 548.7547607421875 2844.834716796875
97.92189025878906 3533.984619140625 360.17510986328125 3581.418212890625
322.85870361328125 3884.162109375 621.1068115234375 3933.766357421875
294.8685607910156 2023.8382568359375 504.7086181640625 2070.773681640625
321.0570373535156 4195.24267578125 459.1759948730469 4242.02294921875
97.18933868408203 2854.951904296875 351.19940185546875 2898.4873046875
107.26345825195312 4195.83544921875 206.47341918945312 4238.20849609375
542.0869140625 2024.7406005859375 708.0203247070312 2074.158935546875
97.56703186035156 1543.17333984375 248.87835693359375 1693.17529296875
96.25707244873047 1738.2254638671875 246.65455627441406 1886.853759765625
427.2799987792969 862.1354370117188 592.5374755859375 911.4345703125
920.1610107421875 3533.67578125 1143.116455078125 3583.22802734375
509.07537841796875 3534.38720703125 850.959228515625 3581.798583984375
1087.548583984375 2856.076904296875 1237.6094970703125 2898.199462890625
97.73670959472656 1349.315673828125 245.0625762939453 1498.65087890625
594.1654052734375 2854.82470703125 847.4876098632812 2899.22119140625
946.802001953125 1027.616943359375 1149.2823486328125 1083.1746826171875
1087.35546875 2313.542724609375 1241.80126953125 2765.696044921875
98.67236328125 1933.15673828125 246.3062286376953 2082.080078125
1009.5574951171875 4194.6630859375 1137.885498046875 4240.75732421875
293.4054870605469 866.2242431640625 393.01983642578125 911.3399047851562
112.14714813232422 40.17569351196289 194.74929809570312 91.35184478759766
780.5901489257812 4195.2763671875 886.6880493164062 4239.9140625
97.22587585449219 771.60693359375 248.79273986816406 921.1033935546875
96.83917236328125 3007.18115234375 302.96826171875 3076.236572265625
294.4131774902344 1636.4456787109375 505.34747314453125 1680.228271484375
97.343505859375 2183.597412109375 348.6634826660156 2252.9189453125
97.7501449584961 1154.344970703125 247.13882446289062 1304.2939453125
325.5608825683594 3800.054931640625 740.5740966796875 3863.183349609375
593.3233642578125 2315.154296875 1040.821533203125 2764.641845703125
292.1400451660156 1442.74853515625 394.91375732421875 1488.5413818359375
114.01697540283203 4092.9814453125 198.946044921875 4190.3779296875
508.79296875 3139.96875 883.5677490234375 3516.778076171875
294.861328125 1549.7174072265625 589.7951049804688 1610.60400390625
799.3453979492188 4091.06201171875 876.8611450195312 4190.77490234375
96.95126342773438 3138.99658203125 471.0631103515625 3515.300537109375
294.95806884765625 780.2079467773438 517.6771240234375 838.5870971679688
543.5556030273438 1637.1129150390625 706.7703857421875 1682.9234619140625
593.06103515625 2315.819091796875 1040.4766845703125 2763.13623046875
423.0322265625 1441.9881591796875 709.4088134765625 1485.6884765625
1086.5279541015625 2783.941162109375 1241.935791015625 2844.43408203125
293.76605224609375 1830.202392578125 506.18878173828125 1874.8604736328125
1117.451904296875 51.34931945800781 1184.1566162109375 87.22068786621094
97.8747787475586 2786.038330078125 360.67626953125 2844.834716796875
294.2533874511719 1747.623046875 751.9011840820312 1808.1162109375
95.2002944946289 3771.822021484375 279.8283996582031 3954.3740234375
292.8754577636719 1248.91943359375 392.8117370605469 1294.60888671875
96.38725280761719 3138.93505859375 471.1393127441406 3515.69091796875
590.5001831054688 2785.764892578125 1016.33544921875 2903.2392578125
99.00523376464844 403.9164733886719 1148.1097412109375 538.2034912109375
98.9457015991211 1934.9091796875 246.69528198242188 2082.048583984375
554.6404418945312 4193.2822265625 665.6907958984375 4239.92041015625
917.6311645507812 3139.930419921875 1241.4591064453125 3516.908935546875
593.4873657226562 2785.852783203125 1013.7996826171875 2843.576416015625
901.4481811523438 3827.13134765625 975.32373046875 3902.135009765625
96.20835876464844 638.9049072265625 530.6242065429688 714.8471069335938
95.78199005126953 2314.50537109375 548.456298828125 2767.2939453125
95.59858703613281 2783.91455078125 359.1437683105469 2902.06787109375
97.9775619506836 1153.897705078125 247.06124877929688 1303.43115234375
97.0948257446289 1024.982421875 298.5699768066406 1099.7242431640625
529.7236328125 2009.6019287109375 725.104248046875 2093.253662109375
294.0459899902344 1939.962158203125 423.445068359375 1997.27978515625
918.7405395507812 3140.19384765625 1241.269287109375 3514.3681640625
1085.4437255859375 2783.252197265625 1241.82080078125 2900.071044921875
1086.9267578125 2314.941162109375 1241.8157958984375 2764.0126953125
571.54345703125 4091.632568359375 657.0502319335938 4185.57568359375
972.1315307617188 47.02104187011719 1033.4766845703125 92.90856170654297
508.13134765625 3141.423095703125 883.4805908203125 3516.873779296875
293.3027648925781 1356.3974609375 676.056396484375 1414.5220947265625
146.58827209472656 437.13140869140625 204.1106719970703 498.38726806640625
97.94567108154297 1544.76513671875 248.6128692626953 1692.58837890625
97.83721923828125 773.3737182617188 248.06314086914062 920.3605346679688
426.4543762207031 1245.5828857421875 883.5669555664062 1294.3365478515625
96.3973388671875 3773.020263671875 279.19439697265625 3953.361572265625
295.3036193847656 1161.9669189453125 907.6798706054688 1225.59375
1040.18408203125 3812.64892578125 1147.1773681640625 3920.555419921875
95.81332397460938 2314.414306640625 548.7547607421875 2766.720947265625
