52.34526062011719 1470.4093017578125 1358.1041259765625 1855.566162109375
52.34526062011719 1610.2001953125 1358.1041259765625 1855.566162109375
55.071414947509766 1181.546875 734.3073120117188 1233.7171630859375
112.52085876464844 997.3291625976562 369.7259826660156 1054.7928466796875
56.04413604736328 2345.058837890625 1382.3902587890625 2542.82763671875
56.38052749633789 1265.4459228515625 139.8273468017578 1349.64990234375
166.03636169433594 1487.4254150390625 576.7647094726562 1537.1282958984375
57.118263244628906 549.3690185546875 923.21728515625 612.2257080078125
166.24795532226562 1282.7489013671875 589.2491455078125 1335.3665771484375
301.8501892089844 2405.8095703125 373.9938049316406 2482.246337890625
55.261573791503906 410.99041748046875 1158.510498046875 501.1695556640625
56.08045196533203 1469.7994384765625 139.131103515625 1554.2962646484375
57.064964294433594 676.0386962890625 1382.71875 871.1337280273438
55.77281951904297 1367.8419189453125 138.91209411621094 1450.7164306640625
56.346988677978516 1971.00439453125 1383.02978515625 2169.198486328125
1263.3544921875 992.475830078125 1334.9986572265625 1060.134765625
299.2601623535156 47.66896438598633 337.6881408691406 96.73451232910156
674.2774658203125 25.90914535522461 765.0180053710938 116.75435638427734
57.50480270385742 927.32275390625 1382.0394287109375 1124.2310791015625
1184.9105224609375 46.169158935546875 1239.902099609375 97.53004455566406
56.481109619140625 1470.4093017578125 138.8661651611328 1553.5848388671875
56.85850143432617 1266.001708984375 139.65936279296875 1348.918212890625
431.3626403808594 2411.5634765625 1008.50927734375 2477.538330078125
1311.481689453125 46.82081604003906 1343.265625 95.91119384765625
217.2554168701172 48.02785110473633 264.3176574707031 95.72079467773438
111.33291625976562 742.8499145507812 488.44927978515625 804.4279174804688
