136.14756774902344 500.6227111816406 177.52342224121094 529.6109008789062
202.3704376220703 501.30572509765625 232.28785705566406 529.681884765625
27.300052642822266 500.9886779785156 50.5908088684082 529.4612426757812
81.75223541259766 500.17449951171875 104.77332305908203 529.5250854492188
27.300052642822266 423.50946044921875 50.5908088684082 529.4612426757812
27.300052642822266 439.6446228027344 50.5908088684082 529.4612426757812
35.836387634277344 207.76974487304688 93.6755142211914 254.34002685546875
16.252365112304688 207.76974487304688 142.7638397216797 329.72705078125
29.314956665039062 207.76974487304688 92.770263671875 390.1932678222656
16.068267822265625 207.76974487304688 122.25846862792969 310.2555847167969
27.300052642822266 423.68292236328125 50.5908088684082 529.4612426757812
27.300052642822266 407.6026306152344 50.5908088684082 529.4612426757812
15.89145278930664 189.43081665039062 120.24603271484375 374.47198486328125
15.89145278930664 189.43081665039062 120.24603271484375 432.88372802734375
15.89145278930664 189.43081665039062 120.24603271484375 417.1318664550781
15.89145278930664 189.43081665039062 120.24603271484375 390.1932678222656
202.3704376220703 519.7592163085938 232.28785705566406 529.681884765625
136.14756774902344 519.8720703125 177.52342224121094 529.6109008789062
81.75223541259766 519.713623046875 104.77332305908203 529.5250854492188
44.59462356567383 440.0303039550781 93.81228637695312 450.37030029296875
16.223861694335938 189.41934204101562 120.10568237304688 271.6317138671875
35.836387634277344 243.08740234375 93.6755142211914 254.34002685546875
16.102638244628906 161.18939208984375 112.0300521850586 172.6747283935547
130.9036865234375 189.3949737548828 234.2427978515625 271.50018310546875
27.300052642822266 519.8978271484375 50.5908088684082 529.4612426757812
30.145862579345703 362.3526916503906 68.45762634277344 374.47198486328125
156.6233367919922 243.1544647216797 200.8260040283203 255.21678161621094
44.54407501220703 423.95330810546875 86.5003890991211 432.88372802734375
16.252365112304688 318.2962951660156 142.7638397216797 329.72705078125
150.5949249267578 500.6227111816406 164.07752990722656 515.0775756835938
16.287609100341797 41.66759490966797 65.71356201171875 52.66733169555664
44.217689514160156 407.1774597167969 66.55753326416016 417.1318664550781
211.05661010742188 501.30572509765625 225.19049072265625 515.6029052734375
32.338165283203125 500.9886779785156 46.61796569824219 515.7647705078125
87.63719177246094 500.17449951171875 100.47285461425781 515.1629638671875
29.314956665039062 380.0277099609375 92.770263671875 390.1932678222656
211.62937927246094 42.53770065307617 239.0777130126953 70.09136962890625
16.068267822265625 294.4734802246094 122.25846862792969 310.2555847167969
31.202011108398438 423.50946044921875 40.84400939941406 433.6842956542969
158.3341827392578 380.6847229003906 223.1772003173828 449.8937072753906
15.931922912597656 346.4013366699219 239.49295043945312 465.74444580078125
16.363197326660156 87.34407043457031 132.88641357421875 106.71031951904297
16.562021255493164 137.99575805664062 77.65031433105469 153.34019470214844
30.938045501708984 439.6446228027344 41.23020553588867 451.1327209472656
8.119453430175781 486.70379638671875 247.52627563476562 542.380615234375
53.36099624633789 207.76974487304688 82.78144073486328 236.5780487060547
31.2974910736084 423.68292236328125 40.77574157714844 433.5852355957031
30.950050354003906 407.6026306152344 41.050506591796875 418.09844970703125
244.9113006591797 189.362548828125 256.0029602050781 271.3395080566406
130.67938232421875 189.4520721435547 234.43621826171875 271.3815002441406
15.89145278930664 189.43081665039062 120.24603271484375 271.4175109863281
