336.8849792480469 17.112220764160156 357.994873046875 28.04949951171875
243.0728302001953 415.8294982910156 283.13079833984375 456.0584411621094
315.6328430175781 15.205534934997559 331.1690368652344 29.30575942993164
87.19422149658203 244.87774658203125 206.48387145996094 285.4697265625
326.6793518066406 53.784366607666016 351.7271728515625 78.46639251708984
336.8690185546875 17.181550979614258 358.1091613769531 28.101404190063477
24.207902908325195 597.3185424804688 63.99196243286133 637.7836303710938
24.021432876586914 597.375 170.2259063720703 774.6079711914062
232.51544189453125 602.014892578125 351.3492736816406 634.0779418945312
293.4525146484375 16.280967712402344 311.57708740234375 29.895124435424805
190.4145050048828 416.22418212890625 231.3593292236328 456.177734375
161.9244842529297 531.6709594726562 213.3595733642578 568.254150390625
247.61708068847656 531.4384155273438 277.28753662109375 568.2242431640625
39.607322692871094 416.0550842285156 80.11579895019531 456.2001953125
23.9498348236084 195.08334350585938 87.37808990478516 216.38973999023438
24.217592239379883 531.4595947265625 182.45384216308594 708.9968872070312
39.25775146484375 295.0897521972656 337.6296691894531 407.4599914550781
125.67875671386719 294.3538818359375 168.84532165527344 318.705810546875
24.506561279296875 248.12100219726562 86.2918930053711 286.469482421875
28.04973793029785 500.0630187988281 175.87303161621094 516.9830932617188
310.6487731933594 716.9925537109375 351.6628723144531 758.6969604492188
295.03399658203125 415.653564453125 335.5947570800781 456.2684326171875
324.7012023925781 555.7977905273438 350.6065979003906 568.0892944335938
