1035.71728515625 1530.1318359375 1119.1427001953125 1579.8131103515625
45.53962707519531 1085.398193359375 1123.6236572265625 1453.757080078125
97.14244842529297 202.75396728515625 195.19232177734375 302.62701416015625
598.6068115234375 1971.2547607421875 1122.3082275390625 2162.4306640625
87.29962921142578 2270.205322265625 147.3910369873047 2307.364501953125
61.620113372802734 479.96441650390625 169.8145751953125 615.774169921875
320.92022705078125 2183.27685546875 412.6109313964844 2306.086181640625
744.5029296875 475.12255859375 888.6376342773438 615.30908203125
452.9632263183594 1084.9593505859375 724.9061279296875 1145.7952880859375
282.128662109375 712.98095703125 415.9169921875 856.1696166992188
389.46563720703125 203.4832305908203 488.15093994140625 372.380615234375
553.0132446289062 2185.205322265625 614.0928344726562 2305.64404296875
787.6333618164062 2271.021240234375 848.6578979492188 2306.5712890625
43.861656188964844 718.2114868164062 189.26605224609375 856.2713012695312
598.3646850585938 1626.734375 1123.2230224609375 1938.788818359375
56.353973388671875 55.010494232177734 118.08905792236328 119.1165542602539
978.0504760742188 473.2938537597656 1124.043701171875 615.5762939453125
88.2096939086914 2183.343017578125 147.57347106933594 2241.389892578125
48.91667938232422 937.6364135742188 250.87429809570312 1036.0379638671875
509.8883972167969 712.2088623046875 657.645751953125 857.002685546875
922.0337524414062 60.9199333190918 979.3151245117188 114.97490692138672
1020.2739868164062 2183.419677734375 1082.344482421875 2306.489013671875
80.36750030517578 479.27911376953125 153.8480987548828 538.6168212890625
763.7144775390625 718.3857421875 872.2374877929688 856.0958862304688
281.2596435546875 959.2758178710938 1034.8262939453125 1014.0947875976562
46.24393844604492 1628.5352783203125 568.0526733398438 2161.36767578125
681.8478393554688 202.78126525878906 780.0564575195312 302.74761962890625
681.7849731445312 203.42005920410156 779.858642578125 372.0662536621094
45.19369125366211 1522.2491455078125 270.0148010253906 1584.6005859375
276.7529296875 475.404296875 422.4017639160156 615.4786376953125
937.08740234375 203.44993591308594 1107.92333984375 371.9361877441406
1015.5374145507812 811.5271606445312 1089.372802734375 855.6926879882812
788.8036499023438 2183.345703125 850.999267578125 2239.666015625
82.43096923828125 203.2734832763672 207.1014404296875 372.70184326171875
494.1336364746094 481.2969055175781 675.7421875 615.3857421875
1054.2969970703125 35.43513107299805 1147.489990234375 112.40556335449219
267.2334899902344 800.1928100585938 434.010986328125 872.4464111328125
975.164306640625 202.9691162109375 1072.8848876953125 302.4671630859375
42.74142837524414 557.2890625 195.3138427734375 642.998779296875
174.10845947265625 42.08988952636719 864.2373046875 135.05831909179688
