19.74593162536621 151.93984985351562 343.3778381347656 315.1877136230469
116.91185760498047 151.93984985351562 223.3775634765625 218.49130249023438
20.664554595947266 151.93984985351562 342.81170654296875 286.6163024902344
35.593868255615234 593.60595703125 141.13185119628906 669.1734008789062
19.18747329711914 335.6408996582031 337.91705322265625 437.5577392578125
19.18747329711914 332.3338928222656 337.91705322265625 437.5577392578125
19.18747329711914 382.5205383300781 337.91705322265625 437.5577392578125
57.72610092163086 683.1834106445312 86.43698120117188 695.9366455078125
57.941524505615234 593.697509765625 86.04105377197266 606.857666015625
213.50559997558594 477.90576171875 270.3555603027344 494.1947326660156
57.234920501708984 772.60400390625 86.52740478515625 784.7619018554688
19.74593162536621 260.7584228515625 343.3778381347656 315.1877136230469
131.44630432128906 80.54312133789062 231.00216674804688 97.75701141357422
56.20155334472656 336.1214599609375 140.69395446777344 353.0845947265625
35.92771911621094 478.54010009765625 93.7983169555664 494.0110168457031
35.593868255615234 651.205810546875 141.13185119628906 669.1734008789062
172.09664916992188 151.93984985351562 202.63780212402344 182.90509033203125
36.157405853271484 561.7827758789062 250.01312255859375 580.3045043945312
19.969482421875 715.6372680664062 355.03253173828125 772.668212890625
34.762027740478516 14.737961769104004 59.44020462036133 29.56974220275879
336.45233154296875 16.672643661499023 358.59332275390625 28.481103897094727
19.892681121826172 130.77859497070312 355.6724548339844 243.0940399169922
20.035329818725586 545.903076171875 355.2689208984375 624.4761962890625
36.032936096191406 682.8424072265625 49.5165901184082 696.8662109375
284.7518310546875 335.3719482421875 352.9655456542969 354.9532775878906
36.01094436645508 593.60595703125 49.434532165527344 607.7260131835938
259.72479248046875 335.6408996582031 277.93646240234375 354.703125
292.891845703125 649.691650390625 339.2354431152344 696.2778930664062
20.129241943359375 332.3338928222656 44.230499267578125 357.4515380859375
293.3141784667969 16.139114379882812 311.5418395996094 29.96540069580078
116.91185760498047 202.22483825683594 223.3775634765625 218.49130249023438
315.8060302734375 15.395225524902344 331.0245666503906 28.976776123046875
336.4861755371094 16.8267879486084 358.6371154785156 28.463468551635742
293.0068054199219 560.5095825195312 339.2987976074219 607.470458984375
122.47766876220703 733.1201171875 209.390380859375 754.8180541992188
35.91779708862305 772.1728515625 49.89040756225586 785.7537231445312
20.664554595947266 261.13909912109375 342.81170654296875 286.6163024902344
20.4273681640625 635.0272827148438 355.33544921875 711.6510009765625
