196.58871459960938 402.3810729980469 350.70013427734375 551.6492309570312
24.50334358215332 734.2728271484375 178.8721160888672 811.7371215820312
196.519287109375 734.0048828125 351.40948486328125 811.6529541015625
23.82266616821289 365.6766357421875 83.40685272216797 381.9377136230469
24.333078384399414 568.3504028320312 178.8732147216797 717.5882568359375
293.0307312011719 16.250303268432617 311.6226501464844 30.035871505737305
21.222549438476562 0.2558172941207886 76.74555969238281 41.57291793823242
145.53292846679688 81.30429077148438 218.32154846191406 101.28438568115234
196.7132110595703 568.376220703125 351.4755859375 717.7009887695312
23.936262130737305 402.5404968261719 178.32241821289062 551.6068725585938
336.23907470703125 16.600515365600586 359.5389709472656 28.650678634643555
223.678466796875 298.12445068359375 300.1607971191406 337.0797119140625
311.7995910644531 298.4129943847656 374.77239990234375 337.1910400390625
310.68719482421875 366.48797607421875 348.2843933105469 380.3529357910156
23.884004592895508 297.529052734375 122.2303466796875 338.0010986328125
23.60394287109375 135.9247589111328 351.7716369628906 281.81329345703125
315.7756042480469 15.288969039916992 331.134521484375 29.27923011779785
24.535568237304688 67.65316772460938 69.1161880493164 112.29154205322266
306.33990478515625 68.12976837158203 350.3026123046875 112.06139373779297
130.7879180908203 298.11932373046875 211.82325744628906 337.0103759765625
208.31161499023438 524.8901977539062 320.0518493652344 669.3565063476562
