306.80218505859375 66.83904266357422 351.5744934082031 112.4552993774414
213.89102172851562 257.537353515625 246.5651092529297 273.4848937988281
29.892648696899414 14.712404251098633 65.73895263671875 30.258567810058594
24.024534225463867 719.6859741210938 351.36334228515625 798.6632080078125
319.9349365234375 432.55230712890625 360.611083984375 468.2020263671875
336.6507568359375 17.129379272460938 357.68182373046875 28.286043167114258
23.47740936279297 67.03295135498047 68.32231903076172 112.58636474609375
23.771240234375 496.8673400878906 64.89940643310547 510.4263000488281
24.142988204956055 531.427001953125 351.70361328125 610.126220703125
23.368602752685547 372.6830749511719 88.52098083496094 386.507080078125
159.48049926757812 104.86261749267578 240.79869079589844 137.38018798828125
192.77577209472656 179.95130920410156 215.64324951171875 192.3289337158203
283.2961120605469 432.635009765625 316.3367004394531 469.4892883300781
24.129566192626953 625.7152709960938 351.40264892578125 703.845703125
23.368879318237305 437.1772766113281 350.9143981933594 487.09246826171875
90.41036224365234 497.4231262207031 157.16720581054688 510.3658142089844
225.63783264160156 13.208502769470215 258.58087158203125 41.721981048583984
292.92626953125 16.167322158813477 311.3607482910156 30.040815353393555
