277.7411193847656 605.1001586914062 374.9847412109375 712.5151977539062
24.421144485473633 136.38699340820312 350.9674987792969 187.52435302734375
306.2222900390625 67.88356018066406 350.3077697753906 112.1403579711914
23.27676773071289 604.9491577148438 264.41546630859375 772.4218139648438
23.495849609375 604.8740844726562 264.2074279785156 713.1658935546875
23.81609344482422 153.57040405273438 119.5958480834961 289.23614501953125
292.9363708496094 16.196903228759766 311.59637451171875 30.213197708129883
23.98770523071289 568.70849609375 119.4511947631836 586.621337890625
130.98028564453125 203.85256958007812 212.0707550048828 243.72393798828125
23.73679542541504 203.20802307128906 122.39250183105469 244.37425231933594
278.86279296875 417.9923400878906 374.8323059082031 541.41357421875
151.33116149902344 81.11058044433594 217.10072326660156 99.11988830566406
29.77629280090332 14.748512268066406 65.77206420898438 30.146669387817383
310.7010498046875 272.58056640625 348.1978759765625 285.84527587890625
336.0146179199219 16.321727752685547 359.74761962890625 29.097640991210938
307.8619689941406 759.7073974609375 338.2860107421875 771.608154296875
278.4177551269531 307.98553466796875 374.9214782714844 418.1843566894531
311.7722473144531 204.2772216796875 375.0462646484375 243.95059204101562
23.877851486206055 307.4751892089844 264.1556091308594 418.1512451171875
293.115478515625 507.13128662109375 374.8832702636719 521.8466186523438
310.99591064453125 570.6029052734375 348.3897705078125 584.0564575195312
223.7240753173828 203.9113311767578 300.1266784667969 243.7884521484375
23.8763427734375 419.8343505859375 264.0774841308594 541.6195068359375
