193.88430786132812 251.76266479492188 350.5682678222656 416.704345703125
24.06404685974121 81.4503402709961 158.033447265625 233.91004943847656
315.9591064453125 15.365174293518066 331.00653076171875 29.323545455932617
193.9557647705078 431.8781433105469 350.6592712402344 596.7719116210938
24.568361282348633 0.9773657917976379 72.52775573730469 40.44063949584961
23.889110565185547 611.4500122070312 179.99057006835938 776.6016235351562
23.784393310546875 431.3548278808594 179.92955017089844 596.817626953125
23.9276065826416 251.5415496826172 179.9728546142578 416.64447021484375
293.0738525390625 16.24738311767578 311.50311279296875 30.04249382019043
22.827421188354492 66.98131561279297 350.0460205078125 113.534912109375
24.018009185791016 135.47360229492188 351.544677734375 187.7244873046875
336.3533020019531 16.395259857177734 358.9424743652344 28.717466354370117
194.05682373046875 611.7556762695312 350.897705078125 776.6365356445312
