1244.461669921875 108.71697998046875 1392.7540283203125 225.27261352539062
256.302490234375 354.4837951660156 920.446044921875 422.8834533691406
1085.7484130859375 27.23192596435547 1146.7872314453125 72.32266998291016
1121.0325927734375 2274.87841796875 1375.837158203125 2530.513671875
55.04124450683594 617.7633666992188 1393.1011962890625 860.5718994140625
57.02989959716797 2123.443359375 1393.6744384765625 2383.536865234375
57.04041290283203 1815.4705810546875 1392.2840576171875 2080.014892578125
1078.366455078125 108.00454711914062 1232.2633056640625 224.37692260742188
1273.284912109375 29.49146270751953 1363.0125732421875 192.1206817626953
54.597801208496094 1513.179931640625 1393.7041015625 1775.462890625
64.53583526611328 449.95574951171875 1383.6690673828125 631.561767578125
57.38725662231445 905.8419189453125 1393.1015625 1165.6038818359375
1182.8443603515625 24.720449447631836 1238.651123046875 71.48333740234375
53.426815032958984 1207.654052734375 1394.181396484375 1471.3751220703125
1120.5992431640625 2274.857666015625 1375.76220703125 2530.653564453125
85.36369323730469 354.3323059082031 218.6560821533203 474.1391296386719
69.02706146240234 1.3551902770996094 203.18011474609375 103.66438293457031
84.89520263671875 354.45111083984375 218.63954162597656 474.31964111328125
84.10269927978516 127.78036499023438 762.8880615234375 201.4791717529297
