113.763427734375 772.6009521484375 1323.9464111328125 1718.61962890625
57.40266418457031 601.7318725585938 1390.9320068359375 857.6964111328125
57.71135330200195 2123.8330078125 1393.311767578125 2384.531005859375
68.5138931274414 1.829237937927246 202.28851318359375 101.43413543701172
1183.001708984375 24.677303314208984 1238.906005859375 71.8150634765625
1120.635986328125 2274.79052734375 1375.8553466796875 2530.252197265625
1121.1217041015625 2274.7529296875 1375.9464111328125 2530.245361328125
58.03858184814453 1817.155029296875 1393.236328125 2080.189697265625
1273.6514892578125 29.841812133789062 1363.7154541015625 192.45654296875
1086.260009765625 27.33702850341797 1147.052001953125 72.8117446899414
1251.520751953125 108.99642944335938 1384.9136962890625 224.5868682861328
83.17212677001953 127.13021850585938 763.319091796875 201.8319091796875
54.251304626464844 298.2577819824219 1393.4771728515625 557.984130859375
1084.8541259765625 105.5494613647461 1227.7227783203125 224.12472534179688
