674.3802490234375 33.918006896972656 717.065185546875 56.523193359375
631.9931030273438 30.908315658569336 662.7709350585938 58.26300811767578
43.71113204956055 31.028898239135742 96.39755249023438 60.58003616333008
47.95911407470703 1454.6051025390625 179.8022918701172 1551.0433349609375
32.49951171875 158.5007781982422 366.1819763183594 247.16592407226562
526.8378295898438 1455.3731689453125 687.8695068359375 1548.5185546875
48.18445587158203 1129.549560546875 703.3004150390625 1360.4423828125
287.21490478515625 1453.7855224609375 432.2634582519531 1549.9942626953125
674.1687622070312 33.491432189941406 717.0120239257812 56.71650314331055
47.398231506347656 342.43017578125 704.0349731445312 574.9835815429688
48.197509765625 867.6211547851562 703.1799926757812 1098.558349609375
241.456298828125 1587.941162109375 511.177978515625 1602.37939453125
48.09564971923828 604.89990234375 703.0350341796875 833.8558349609375
586.9095458984375 32.65428924560547 624.0535888671875 60.144100189208984
47.73427200317383 278.28826904296875 223.72242736816406 313.39923095703125
