99.16446685791016 879.3933715820312 161.16653442382812 900.298583984375
79.62979888916016 1336.4930419921875 619.0768432617188 1421.0330810546875
99.40132141113281 1310.7841796875 182.9468536376953 1333.30224609375
98.5356674194336 1166.9071044921875 248.43994140625 1190.1605224609375
287.13665771484375 1454.0052490234375 432.3695983886719 1549.952392578125
43.59919738769531 31.008718490600586 96.45597076416016 60.61741256713867
79.03526306152344 818.68603515625 243.5121307373047 849.59765625
79.50447845458984 1047.854248046875 618.6268310546875 1133.7398681640625
674.49462890625 34.05698776245117 717.1177978515625 56.65359115600586
526.96533203125 1455.5362548828125 687.9575805664062 1548.4554443359375
79.79669952392578 1192.2119140625 618.7954711914062 1277.5775146484375
47.94020080566406 1454.653564453125 179.86949157714844 1550.8658447265625
47.74884033203125 178.35076904296875 341.89788818359375 231.8913116455078
674.2891235351562 33.74109649658203 717.0900268554688 56.67086410522461
586.8877563476562 32.6589241027832 624.035400390625 60.119842529296875
47.80603790283203 343.1212158203125 703.2433471679688 546.5945434570312
47.76998519897461 277.74658203125 322.390380859375 316.3465270996094
79.8353500366211 904.515380859375 618.9284057617188 988.4725341796875
48.57545471191406 578.3140258789062 703.3088989257812 784.8314819335938
632.0584716796875 31.014568328857422 662.7993774414062 58.19916915893555
98.97201538085938 1021.2966918945312 154.89309692382812 1044.6959228515625
