94.88278198242188 1682.18505859375 259.6172180175781 1909.0924072265625
1163.8631591796875 2326.553955078125 1361.933349609375 2524.44921875
350.82208251953125 2328.157958984375 546.6689453125 2524.45263671875
620.4210815429688 2329.3681640625 819.836181640625 2524.26806640625
110.39540100097656 173.32293701171875 158.84689331054688 251.0885009765625
78.95005798339844 2670.952880859375 277.5790100097656 2840.11865234375
344.0195007324219 519.9429931640625 396.18896484375 573.3017578125
131.7298583984375 2871.8515625 246.00933837890625 3001.563232421875
375.09857177734375 2713.388427734375 527.7753295898438 3001.3662109375
350.84698486328125 1985.2764892578125 546.6675415039062 2182.9169921875
919.7339477539062 2033.15478515625 1060.7437744140625 2254.02294921875
216.6686553955078 48.00972366333008 264.61212158203125 96.05734252929688
937.2474365234375 2875.806396484375 1029.23974609375 3000.903076171875
617.9246826171875 2669.46728515625 822.1720581054688 2836.158447265625
394.15582275390625 2038.4151611328125 502.5234069824219 2251.441650390625
78.28794860839844 2328.72314453125 276.50982666015625 2523.86572265625
76.60333251953125 1178.9727783203125 277.4295654296875 1446.4136962890625
892.7954711914062 720.7280883789062 1090.3399658203125 999.0321655273438
1201.6065673828125 2874.613037109375 1298.138916015625 3006.63525390625
893.88525390625 2328.9111328125 1090.899169921875 2523.915771484375
410.222412109375 518.5244140625 1243.7178955078125 570.8170166015625
94.18819427490234 776.4127807617188 260.957275390625 998.1460571289062
636.3214111328125 2023.1654052734375 801.8787231445312 2254.12841796875
894.583251953125 2669.848388671875 1090.6376953125 2840.022705078125
73.77589416503906 346.55780029296875 271.7309875488281 544.7252807617188
381.6159973144531 2373.478515625 514.647705078125 2594.39892578125
658.2819213867188 2821.2294921875 776.6032104492188 3000.93017578125
604.6143798828125 1494.3624267578125 837.5374145507812 1607.6663818359375
340.31524658203125 334.5428771972656 922.587890625 393.43206787109375
621.03369140625 720.8583984375 818.7114868164062 1111.4168701171875
926.86279296875 1689.0196533203125 1055.27783203125 1911.21728515625
616.2688598632812 1685.697021484375 823.5468139648438 1910.81689453125
112.05136108398438 2033.6663818359375 243.86221313476562 2251.318359375
78.20799255371094 1984.171142578125 276.62689208984375 2182.443359375
622.2462768554688 1040.9342041015625 820.904296875 1153.1014404296875
351.92578125 2671.07177734375 546.685302734375 2840.25439453125
1182.107666015625 2036.0865478515625 1339.7470703125 2250.97216796875
624.6524047851562 1.8066062927246094 805.20263671875 151.53431701660156
667.9021606445312 2377.074951171875 773.2450561523438 2591.9521484375
1164.180908203125 1984.6937255859375 1361.438720703125 2181.97265625
350.6031188964844 1640.2518310546875 546.6572265625 1837.6287841796875
341.11004638671875 720.445556640625 556.0391235351562 997.257568359375
78.93408203125 721.0149536132812 277.0533447265625 918.8367919921875
1171.0157470703125 2377.729736328125 1353.0623779296875 2649.6845703125
1201.28857421875 1693.65966796875 1321.2474365234375 1908.5804443359375
354.0169677734375 1688.0841064453125 544.161376953125 1910.2265625
896.7578125 2368.005615234375 1085.663330078125 2592.658203125
77.82139587402344 1641.0657958984375 276.18701171875 1838.1292724609375
893.5391845703125 1641.8795166015625 1089.95751953125 1837.7803955078125
894.8533935546875 1985.2919921875 1089.9951171875 2182.177734375
1163.476806640625 1641.521240234375 1361.294921875 1836.4932861328125
119.4346694946289 2379.462646484375 236.61016845703125 2591.9404296875
666.0606689453125 2706.702880859375 776.6792602539062 3000.93017578125
620.4185180664062 1982.8466796875 819.74755859375 2183.747802734375
319.5035705566406 930.3257446289062 577.7089233398438 1018.0875854492188
620.0989379882812 1642.0560302734375 819.005859375 1838.1123046875
298.5426025390625 47.59722137451172 337.5611267089844 97.26162719726562
