136.098876953125 500.680908203125 177.53347778320312 529.5032348632812
83.49645233154297 325.5205078125 171.13583374023438 423.3088073730469
83.6043930053711 325.5205078125 143.11734008789062 407.65863037109375
208.36366271972656 501.3646545410156 226.55494689941406 529.3380737304688
81.643798828125 437.7474670410156 104.7965087890625 529.7345581054688
83.5838623046875 213.04116821289062 137.31808471679688 296.4922180175781
83.45771026611328 213.04116821289062 170.57058715820312 311.1777038574219
81.643798828125 500.2085876464844 104.7965087890625 529.7345581054688
208.36366271972656 501.4952392578125 226.55494689941406 529.3380737304688
83.49645233154297 341.7221984863281 171.13583374023438 423.3088073730469
83.6043930053711 341.7221984863281 143.11734008789062 407.65863037109375
83.5838623046875 229.19796752929688 137.31808471679688 296.4922180175781
83.6043930053711 229.19796752929688 143.11734008789062 407.65863037109375
83.45771026611328 229.19796752929688 170.57058715820312 311.1777038574219
81.643798828125 454.596435546875 104.7965087890625 529.7345581054688
27.271617889404297 501.2386169433594 50.6357536315918 529.266845703125
136.098876953125 519.9390258789062 177.53347778320312 529.5032348632812
27.271617889404297 519.7776489257812 50.6357536315918 529.266845703125
97.6084976196289 342.2545471191406 120.6354751586914 351.80535888671875
16.915924072265625 398.0288391113281 37.43348693847656 406.9905700683594
150.605224609375 500.680908203125 164.05886840820312 514.5774536132812
97.89331817626953 325.2997131347656 146.61993408203125 335.2649230957031
98.15411376953125 454.588134765625 147.05221557617188 464.40521240234375
16.786909103393555 379.2457275390625 44.104949951171875 390.7025146484375
81.643798828125 519.7190551757812 104.7965087890625 529.7345581054688
17.104101181030273 173.4529266357422 37.39704132080078 182.77749633789062
16.63606071472168 266.8838806152344 44.13842010498047 278.489990234375
97.95002746582031 229.56333923339844 147.09182739257812 239.6322479248047
83.49645233154297 413.1581726074219 171.13583374023438 423.3088073730469
83.98532104492188 325.5205078125 94.11543273925781 335.5384521484375
211.05918884277344 501.3646545410156 225.0891876220703 515.5745239257812
83.5838623046875 283.2906799316406 137.31808471679688 296.4922180175781
16.2094669342041 102.58409118652344 33.68560028076172 112.0217056274414
83.6043930053711 395.84368896484375 143.11734008789062 407.65863037109375
84.44660186767578 437.7474670410156 93.95671844482422 446.97052001953125
69.67047119140625 155.60122680664062 239.4085693359375 255.48135375976562
83.45771026611328 300.63751220703125 170.57058715820312 311.1777038574219
84.25066375732422 213.04116821289062 94.09358978271484 222.9827117919922
87.323486328125 500.2085876464844 100.48382568359375 515.3903198242188
208.36366271972656 519.6095581054688 226.55494689941406 529.3380737304688
211.09629821777344 501.4952392578125 225.03587341308594 515.443603515625
83.92837524414062 341.7221984863281 94.23545837402344 352.0453186035156
52.789730072021484 102.46257019042969 67.91182708740234 111.97798919677734
83.90381622314453 171.22239685058594 121.8968276977539 182.9745330810547
70.1998291015625 380.49176025390625 239.15643310546875 479.2846374511719
144.64175415039062 39.627113342285156 239.3836669921875 71.94725036621094
16.276100158691406 154.47789001464844 37.68388366699219 166.05807495117188
69.87300872802734 268.390380859375 239.28021240234375 367.905029296875
83.85384368896484 229.19796752929688 94.39681243896484 240.4175262451172
8.091873168945312 486.844970703125 247.4051513671875 542.317626953125
123.80561065673828 102.55553436279297 138.8575897216797 112.04373931884766
86.36715698242188 101.7649154663086 104.71214294433594 127.35424041748047
158.46914672851562 102.00133514404297 170.99423217773438 127.10810852050781
220.9115447998047 102.23448181152344 236.72425842285156 127.30400848388672
119.15609741210938 99.06977081298828 143.94760131835938 133.4759521484375
188.66436767578125 101.99747467041016 202.67123413085938 127.13996124267578
82.87051391601562 97.2652359008789 109.82810974121094 132.8859100341797
16.348127365112305 54.079681396484375 70.25642395019531 74.03993225097656
85.31073760986328 454.596435546875 93.1963882446289 464.4517517089844
83.51179504394531 188.50936889648438 146.63661193847656 198.5819549560547
86.46812438964844 102.12757873535156 104.4959716796875 112.1064682006836
54.618896484375 116.1475830078125 67.42340087890625 126.86734008789062
16.92693519592285 39.10902404785156 77.09065246582031 50.43046188354492
18.855886459350586 116.38253021240234 31.521860122680664 126.65959167480469
97.9249267578125 213.63467407226562 139.90213012695312 223.25132751464844
52.71488952636719 102.2427749633789 68.041748046875 127.10926055908203
12.345893859863281 35.44855880737305 80.0772705078125 77.77687072753906
184.24554443359375 96.886962890625 208.39431762695312 132.09637451171875
16.727977752685547 285.5384826660156 37.29315948486328 295.0915832519531
47.88336181640625 98.44522857666016 73.58489227294922 131.2158203125
155.35887145996094 98.46128845214844 174.8528289794922 131.80877685546875
216.0275115966797 96.39873504638672 241.19862365722656 133.57891845703125
97.9444808959961 438.0514221191406 150.4842529296875 447.83697509765625
13.26002311706543 99.27523803710938 39.04961395263672 129.80430603027344
32.69489669799805 501.2386169433594 46.55013656616211 515.559814453125
