20.48402976989746 76.0898208618164 98.88134765625 155.34329223632812
132.678466796875 746.7263793945312 243.0277557373047 800.1571655273438
132.678466796875 747.45361328125 243.0277557373047 800.1571655273438
19.49361801147461 474.79034423828125 59.9593505859375 516.2757568359375
19.49361801147461 415.5115966796875 59.9593505859375 516.2757568359375
19.64259147644043 10.669605255126953 64.80469512939453 24.35917854309082
155.98617553710938 707.3832397460938 219.35794067382812 720.2308349609375
69.2726821899414 536.7449340820312 217.46487426757812 573.7764282226562
19.86640739440918 655.8456420898438 59.677249908447266 681.6301879882812
69.5581283569336 356.3241271972656 265.0220642089844 394.4450378417969
314.9344177246094 63.28048324584961 355.5042419433594 104.11334991455078
69.3697280883789 476.86029052734375 167.84579467773438 513.8455200195312
69.67726135253906 416.908447265625 160.2686767578125 454.6209411621094
69.69593048095703 177.28224182128906 149.8423614501953 214.3134307861328
20.02402687072754 415.476318359375 59.58415985107422 455.65716552734375
19.9619083404541 535.5840454101562 59.63602828979492 575.7305908203125
46.73516082763672 746.0404052734375 67.23609924316406 769.0145263671875
165.76571655273438 692.9589233398438 209.39683532714844 705.5159912109375
69.49183654785156 656.8202514648438 155.31886291503906 674.3305053710938
19.756023406982422 235.10523986816406 60.39157485961914 276.1631164550781
19.37983512878418 595.3936157226562 59.952083587646484 636.1101684570312
19.1540470123291 474.47625732421875 60.34711456298828 516.6578979492188
21.017581939697266 178.21612548828125 59.21723937988281 213.0299072265625
19.843708038330078 355.444091796875 60.05064392089844 396.11016845703125
69.36296081542969 237.1059112548828 209.94503784179688 275.3514404296875
38.55955123901367 76.0898208618164 55.39280319213867 93.40902709960938
69.87640380859375 619.0203857421875 106.14682006835938 633.4407348632812
69.58231353759766 297.193603515625 121.6683349609375 313.3697204589844
19.976436614990234 295.8020324707031 60.28105926513672 336.0149841308594
70.0602035522461 318.5824279785156 242.93276977539062 334.8675842285156
222.37429809570312 746.7263793945312 242.91122436523438 767.9579467773438
69.44066619873047 596.9453735351562 171.09735107421875 633.62353515625
70.06105041503906 597.4369506835938 170.70718383789062 613.6115112304688
314.8719482421875 63.40945816040039 355.5339050292969 103.94465637207031
19.79003143310547 63.03961181640625 295.668701171875 104.79581451416016
73.97965240478516 76.50176239013672 183.00840759277344 93.22755432128906
20.48402976989746 134.92221069335938 98.88134765625 155.34329223632812
133.97132873535156 747.45361328125 155.88250732421875 769.1669311523438
19.821800231933594 355.5563659667969 59.97978591918945 395.92376708984375
19.85611915588379 474.79034423828125 59.901405334472656 495.1299133300781
310.3982238769531 747.0568237304688 329.6346435546875 769.1345825195312
20.019691467285156 415.5115966796875 59.58155059814453 455.55169677734375
19.983436584472656 535.6983642578125 59.50190734863281 575.5971069335938
132.678466796875 793.953369140625 243.0277557373047 800.1571655273438
332.189697265625 10.894373893737793 357.8984069824219 22.943212509155273
68.92969512939453 296.6828918457031 243.4386749267578 335.2819519042969
19.49361801147461 495.3996276855469 59.9593505859375 516.2757568359375
68.97578430175781 596.5314331054688 355.801025390625 633.721923828125
70.10002136230469 259.0511474609375 209.8094940185547 274.73394775390625
11.097787857055664 0.4470885396003723 74.48562622070312 36.20145034790039
68.85936737060547 476.76422119140625 355.53924560546875 514.4330444335938
315.7671813964844 11.102071762084961 327.4144287109375 21.749313354492188
