827.4347534179688 1778.04296875 1066.3409423828125 2106.7001953125
563.0452270507812 1778.69775390625 803.60986328125 2048.426513671875
303.00091552734375 1777.48095703125 535.4694213867188 2049.318359375
39.18181610107422 1777.1690673828125 271.57598876953125 2113.83544921875
36.77785110473633 1210.850830078125 609.0748291015625 1728.08349609375
1096.9296875 1783.1634521484375 1178.256591796875 2047.4305419921875
881.8961181640625 1204.921630859375 1178.037841796875 1602.45068359375
34.476646423339844 1076.775390625 340.9178771972656 1184.5133056640625
67.27200317382812 2004.89501953125 244.8937225341797 2113.83544921875
890.1441040039062 1078.8919677734375 1088.94775390625 1190.4227294921875
39.697486877441406 230.2982635498047 158.7140655517578 279.4696960449219
563.0452270507812 2005.547119140625 803.60986328125 2048.426513671875
162.57012939453125 600.177001953125 511.6224060058594 849.4326782226562
432.49212646484375 229.39752197265625 547.8958129882812 277.5680236816406
359.9212951660156 2002.1156005859375 481.951171875 2049.318359375
827.4347534179688 2003.1015625 1066.3409423828125 2106.7001953125
233.8230438232422 228.42079162597656 352.80279541015625 278.11517333984375
21.45893669128418 1059.7236328125 429.4750061035156 1606.484375
36.77785110473633 1667.398681640625 609.0748291015625 1728.08349609375
833.803466796875 1777.911865234375 1065.80322265625 1973.908447265625
893.3062744140625 1142.4300537109375 1087.5391845703125 1188.0809326171875
567.9842529296875 1778.1182861328125 802.0038452148438 1973.9296875
833.9041137695312 1778.04296875 1065.4605712890625 1973.7161865234375
303.2644958496094 1777.1380615234375 535.3317260742188 1974.9949951171875
39.03221893310547 1776.8626708984375 271.80255126953125 1974.5892333984375
38.068870544433594 53.82554626464844 1141.7158203125 183.19598388671875
468.79840087890625 1253.291259765625 842.8416748046875 1541.7435302734375
450.5005798339844 1060.5364990234375 858.5531616210938 1603.5816650390625
568.1840209960938 1778.69775390625 801.5146484375 1973.5106201171875
150.25633239746094 97.73301696777344 611.1072387695312 151.35523986816406
303.00091552734375 1777.48095703125 535.4694213867188 1974.7791748046875
1097.0828857421875 1782.8349609375 1178.0968017578125 1973.621337890625
695.76171875 2198.986572265625 780.492431640625 2273.844970703125
39.18181610107422 1777.1690673828125 271.57598876953125 1973.3114013671875
42.30188751220703 1210.850830078125 406.77655029296875 1583.6900634765625
131.23948669433594 358.4904479980469 882.731689453125 411.41033935546875
879.863525390625 1060.4473876953125 1176.5794677734375 1206.6575927734375
411.89190673828125 2205.540283203125 471.201171875 2270.836669921875
116.00190734863281 2209.693603515625 176.90884399414062 2269.091064453125
194.2452392578125 186.67527770996094 395.2479553222656 319.3136291503906
1149.081298828125 2006.05078125 1177.986083984375 2047.4305419921875
1096.9296875 1783.1634521484375 1178.256591796875 1973.2532958984375
2.983161211013794 322.77386474609375 1176.23291015625 453.09783935546875
1.5208672285079956 2162.59130859375 1177.7938232421875 2409.82763671875
40.33863830566406 353.9407653808594 90.73311614990234 414.7583923339844
953.5859985351562 1269.757080078125 1177.8780517578125 1533.3668212890625
461.02191162109375 1075.7227783203125 777.9334716796875 1184.1553955078125
