24.379316329956055 616.6739501953125 44.69768142700195 637.8864135742188
62.3883056640625 618.9126586914062 140.63011169433594 634.6354370117188
62.64161682128906 678.9756469726562 157.223388671875 694.5596923828125
19.52981185913086 265.25872802734375 255.4948272705078 287.219970703125
19.814037322998047 302.4027099609375 180.1765899658203 350.0064697265625
62.74399185180664 494.40313720703125 122.3756332397461 509.3200988769531
19.51292610168457 107.54643249511719 355.4969482421875 222.9532470703125
62.90707778930664 437.5553894042969 88.26643371582031 452.6749572753906
0.7112771272659302 747.69384765625 374.3809814453125 811.6410522460938
308.9095764160156 10.415395736694336 324.4787292480469 23.75943946838379
334.53448486328125 11.482742309570312 354.16827392578125 22.41407012939453
336.42132568359375 679.017822265625 346.02899169921875 694.8396606445312
19.745361328125 391.8609313964844 163.0547332763672 412.00177001953125
283.2752685546875 11.440512657165527 299.91119384765625 24.03749656677246
12.77364444732666 0.4789108633995056 49.99114990234375 31.371417999267578
195.1890869140625 302.5394592285156 355.51812744140625 349.5939025878906
23.87421417236328 677.361328125 43.47372055053711 698.4046020507812
24.205036163330078 551.1298217773438 42.6517448425293 577.0428466796875
49.08842086791992 48.418880462646484 182.97972106933594 71.59907531738281
