19.40719985961914 49.667083740234375 36.45344543457031 67.96143341064453
310.36773681640625 45.679893493652344 359.94696044921875 80.14856719970703
234.54713439941406 764.3234252929688 275.8965148925781 796.8115234375
10.86426830291748 0.3813370168209076 52.22274398803711 39.5071907043457
201.55555725097656 44.359764099121094 229.86395263671875 75.35216522216797
112.32524871826172 769.613525390625 135.23121643066406 792.0208740234375
198.04600524902344 327.71319580078125 355.6571044921875 427.23760986328125
50.584041595458984 771.3411865234375 72.36727142333984 792.515625
20.07145118713379 327.82904052734375 177.74200439453125 492.510986328125
174.6190948486328 765.376708984375 204.04234313964844 796.0504760742188
303.6831970214844 770.5556030273438 326.84136962890625 791.67626953125
197.71751403808594 192.8579864501953 300.90545654296875 301.28363037109375
19.752424240112305 163.4545135498047 177.30308532714844 263.8332824707031
20.381067276000977 106.33983612060547 84.78244018554688 128.16380310058594
197.44113159179688 356.2998962402344 302.785888671875 465.32464599609375
283.3198547363281 16.43842887878418 299.8249206542969 29.20832633972168
314.9397277832031 98.54303741455078 354.2451477050781 137.8567657470703
316.70013427734375 16.104450225830078 355.7284240722656 68.04887390136719
19.970783233642578 553.8113403320312 177.69554138183594 748.9259033203125
19.28896713256836 270.6502990722656 121.33627319335938 301.5454406738281
198.27191162109375 491.5675354003906 356.2496032714844 703.6463012695312
197.59071350097656 710.5391235351562 306.0082092285156 741.0128173828125
19.83564567565918 554.4627075195312 177.66302490234375 748.455078125
197.78111267089844 163.66046142578125 355.8045654296875 263.79034423828125
235.58494567871094 44.503173828125 304.4803466796875 80.26963806152344
19.033714294433594 500.2958679199219 63.44413375854492 530.6673583984375
