525.7225952148438 2166.8447265625 645.2225952148438 2295.30322265625
717.9591064453125 2166.594970703125 837.3025512695312 2295.875732421875
938.32421875 2167.038818359375 999.447021484375 2294.68408203125
333.1395568847656 2171.547119140625 452.9194641113281 2296.415771484375
525.7225952148438 2255.17529296875 645.2225952148438 2295.30322265625
333.1395568847656 2256.533203125 452.9194641113281 2296.415771484375
742.7565307617188 1575.7679443359375 901.6519165039062 1634.9066162109375
57.06843566894531 81.4843978881836 183.1963348388672 207.64492797851562
717.9591064453125 2256.69580078125 837.3025512695312 2295.875732421875
61.52893829345703 1811.2122802734375 379.4393615722656 1947.5467529296875
270.0060729980469 207.22105407714844 436.4833679199219 259.890869140625
227.67919921875 76.53237915039062 805.0514526367188 136.83056640625
150.3238525390625 1355.7357177734375 329.20257568359375 1407.5750732421875
495.47332763671875 1573.244873046875 673.5294189453125 1640.2244873046875
938.32421875 2256.991455078125 999.447021484375 2294.68408203125
553.1640014648438 2166.8447265625 617.8287353515625 2241.352294921875
272.421875 1576.791259765625 426.8808288574219 1634.23046875
61.88691711425781 687.5299072265625 720.7354125976562 757.9915771484375
750.91845703125 2166.594970703125 807.4151611328125 2245.310791015625
790.3675537109375 1810.6927490234375 1109.538330078125 1947.2996826171875
59.36779022216797 989.4464721679688 932.8853149414062 1060.987548828125
947.311279296875 1851.0653076171875 1042.9385986328125 1907.7039794921875
938.4619140625 2167.038818359375 998.5889282226562 2247.343017578125
228.48965454101562 178.27708435058594 537.0968627929688 288.2272644042969
217.8524627685547 1850.4957275390625 313.20928955078125 1908.5263671875
861.7470092773438 1851.451171875 924.163818359375 1908.3863525390625
438.3301696777344 1733.831298828125 730.7052612304688 2026.5999755859375
974.693603515625 1576.45166015625 1129.3726806640625 1635.0665283203125
1049.1392822265625 2191.47705078125 1099.6446533203125 2245.816162109375
718.4227905273438 1533.76220703125 929.436279296875 1666.5009765625
1002.0186157226562 1326.7271728515625 1110.32421875 1434.8809814453125
134.74624633789062 1849.8343505859375 192.78439331054688 1911.109375
614.645751953125 857.5932006835938 754.478759765625 932.6033325195312
61.082096099853516 856.9122314453125 477.1087341308594 934.2637939453125
45.45418930053711 1575.4642333984375 199.33514404296875 1634.84130859375
366.5371398925781 2171.547119140625 422.4818115234375 2240.202392578125
942.1423950195312 1531.28955078125 1164.8204345703125 1676.7784423828125
21.278825759887695 1542.5904541015625 228.5470428466797 1663.10986328125
244.95465087890625 1534.185546875 451.0337829589844 1663.61865234375
902.3936767578125 2138.068115234375 1024.7196044921875 2320.646728515625
501.1373291015625 2143.951904296875 667.0531616210938 2329.02783203125
692.1240844726562 2143.839599609375 865.0518798828125 2324.823974609375
359.63739013671875 1353.8958740234375 572.5599975585938 1408.3846435546875
468.81121826171875 1532.2486572265625 695.74951171875 1665.113037109375
347.42108154296875 1326.1094970703125 585.1461791992188 1433.4893798828125
