670.2178955078125 2183.759033203125 790.82568359375 2302.663330078125
393.7297058105469 2191.164794921875 483.5692443847656 2301.858154296875
115.55592346191406 2187.083984375 177.6542205810547 2301.68212890625
410.69610595703125 1341.68310546875 499.4005126953125 1498.482666015625
881.372314453125 1558.6875 1063.1966552734375 1717.3074951171875
159.31163024902344 1555.3427734375 240.4969482421875 1716.5986328125
640.314208984375 1334.533447265625 788.4108276367188 1499.0283203125
401.01434326171875 1557.3895263671875 511.03643798828125 1717.1243896484375
901.2954711914062 1342.5975341796875 1044.7586669921875 1498.693603515625
151.3721466064453 1339.4068603515625 242.00733947753906 1498.4808349609375
657.6846313476562 1554.823974609375 769.8196411132812 1717.8914794921875
992.3212890625 2187.21533203125 1051.245849609375 2301.748046875
50.74311828613281 100.66832733154297 338.4978332519531 224.33692932128906
700.4674682617188 2183.759033203125 762.7045288085938 2249.91552734375
881.372314453125 1673.37646484375 1063.1966552734375 1717.3074951171875
604.3768310546875 813.830810546875 1121.343505859375 1059.3621826171875
670.2178955078125 2264.42529296875 790.82568359375 2302.663330078125
604.3863525390625 532.7684326171875 1121.208251953125 777.097900390625
406.2264709472656 2191.164794921875 471.8033752441406 2249.98583984375
901.2954711914062 1454.8258056640625 1044.7586669921875 1498.693603515625
115.55592346191406 2187.083984375 177.6542205810547 2251.695068359375
393.7297058105469 2265.589599609375 483.5692443847656 2301.858154296875
49.754852294921875 534.47802734375 566.5511474609375 777.441650390625
51.786190032958984 1895.562255859375 311.5873718261719 1939.3358154296875
640.314208984375 1454.7801513671875 788.4108276367188 1499.0283203125
48.99440002441406 814.9212646484375 566.7611694335938 1059.8028564453125
160.2476043701172 1455.1214599609375 234.08627319335938 1498.4808349609375
410.69610595703125 1341.68310546875 499.4005126953125 1422.4798583984375
401.01434326171875 1675.45458984375 511.03643798828125 1717.1243896484375
926.4595947265625 1558.6875 1015.2680053710938 1642.8677978515625
159.31163024902344 1555.3427734375 240.4969482421875 1647.9808349609375
113.1867904663086 2050.6103515625 285.4826354980469 2100.509765625
667.49462890625 1334.533447265625 755.892822265625 1425.55419921875
408.96099853515625 1557.3895263671875 501.81805419921875 1643.896728515625
925.9669799804688 1342.5975341796875 1015.0443725585938 1421.760498046875
418.27490234375 1455.29931640625 491.87237548828125 1498.482666015625
51.70851135253906 432.36865234375 272.4834289550781 495.19158935546875
661.0730590820312 2048.980712890625 923.1268310546875 2100.947265625
151.3721466064453 1339.4068603515625 242.00733947753906 1426.056884765625
992.3212890625 2263.804931640625 1051.245849609375 2301.748046875
429.8628845214844 932.63330078125 523.1753540039062 1014.4721069335938
436.91033935546875 650.3626708984375 520.9049072265625 735.423583984375
1054.1790771484375 98.67716979980469 1118.1566162109375 150.26724243164062
89.18589782714844 572.2353515625 390.5007629394531 624.0223388671875
300.2453918457031 2050.0166015625 391.0718994140625 2101.21337890625
668.8148193359375 1554.823974609375 758.5817260742188 1646.7530517578125
88.09717559814453 854.0970458984375 347.1376037597656 904.7852783203125
657.6846313476562 1674.9259033203125 769.8196411132812 1717.8914794921875
117.36389923095703 2265.692626953125 176.56045532226562 2301.68212890625
52.57074737548828 1108.9661865234375 216.11318969726562 1170.150634765625
276.0884704589844 925.7833251953125 350.34619140625 968.9151611328125
924.2201538085938 1896.5350341796875 1069.888427734375 1940.11767578125
369.2319641113281 180.03057861328125 661.5684204101562 224.3939971923828
52.92432403564453 1821.439453125 214.18719482421875 1880.227783203125
51.150543212890625 1184.26806640625 330.4139404296875 1228.317626953125
162.6095428466797 1675.3148193359375 234.95164489746094 1716.5986328125
51.50249099731445 1975.6685791015625 1121.72314453125 2155.609619140625
995.5984497070312 2187.21533203125 1049.5435791015625 2253.334228515625
989.0961303710938 298.20892333984375 1070.861328125 347.42242431640625
644.05126953125 572.6610107421875 944.8895263671875 623.579345703125
644.423828125 853.5513305664062 945.8331909179688 905.372802734375
48.52329635620117 97.08704376220703 313.3322448730469 169.5261993408203
645.8328857421875 641.8167114257812 837.5582275390625 684.9755859375
986.4227294921875 647.7606201171875 1078.4742431640625 734.3271484375
924.2719116210938 1185.8280029296875 1070.1676025390625 1228.979736328125
89.9033203125 693.5906982421875 235.8221435546875 735.1004028320312
90.00537872314453 643.1547241210938 319.4980163574219 685.5531005859375
832.2648315429688 926.6678466796875 903.9776000976562 968.4014892578125
643.6145629882812 974.7677612304688 790.3505249023438 1016.9639282226562
644.3793334960938 640.9108276367188 838.1212158203125 735.393798828125
50.74311828613281 181.64089965820312 338.4978332519531 224.33692932128906
2.120889663696289 2164.103515625 1167.92529296875 2337.364990234375
993.3400268554688 932.8898315429688 1075.56787109375 1014.1859130859375
89.00487518310547 924.904052734375 249.48385620117188 968.032958984375
50.395790100097656 1267.11669921875 1123.549560546875 1772.4019775390625
49.793365478515625 263.0075988769531 1121.1685791015625 383.4338073730469
88.47855377197266 975.5441284179688 236.03890991210938 1017.2720947265625
643.8182373046875 692.9716186523438 828.0936889648438 734.6510620117188
187.8709716796875 100.66832733154297 243.21473693847656 167.14724731445312
