82.09048461914062 1680.6571044921875 273.786376953125 1741.0262451171875
891.7407836914062 2053.1689453125 1197.22265625 2177.601806640625
205.35279846191406 2054.38037109375 511.0581359863281 2178.0830078125
571.3340454101562 2784.1123046875 865.4315795898438 2843.906494140625
598.311279296875 2937.129638671875 841.5994262695312 2997.39794921875
68.38614654541016 1955.649658203125 167.67202758789062 2015.9473876953125
149.5672607421875 978.858642578125 378.6905212402344 1031.3948974609375
80.06963348388672 1322.1781005859375 274.6915588378906 1384.078857421875
345.18035888671875 832.203857421875 1042.4976806640625 925.3572387695312
117.32046508789062 974.848876953125 1330.8094482421875 1093.4029541015625
546.9575805664062 2052.59912109375 854.80859375 2179.5263671875
57.84456253051758 1647.624755859375 1386.542724609375 1789.936767578125
891.3759155273438 2053.608642578125 1197.269287109375 2176.704345703125
37.37986755371094 1912.9412841796875 1405.5572509765625 2216.990234375
546.9700317382812 2053.06103515625 854.6408081054688 2179.042236328125
297.83148193359375 47.55828857421875 338.345458984375 98.12364959716797
80.45343780517578 1501.866455078125 274.2968444824219 1563.5496826171875
58.31864929199219 1473.253662109375 1384.507568359375 1615.247314453125
139.19017028808594 2726.85009765625 1299.8155517578125 2896.1357421875
55.99512481689453 1286.2364501953125 1386.30224609375 1432.203125
205.34202575683594 2055.13330078125 510.6466064453125 2176.815185546875
471.51416015625 175.11212158203125 966.5716552734375 670.641845703125
217.32171630859375 49.47256088256836 264.07928466796875 95.6275863647461
76.4955062866211 1.3672082424163818 276.4754638671875 142.15060424804688
