660.0265502929688 2821.781005859375 776.2179565429688 3000.916015625
131.3571014404297 2871.872802734375 246.2123260498047 3001.08447265625
237.6856689453125 48.25833511352539 553.837646484375 274.7544860839844
374.9862060546875 2875.518310546875 528.4603881835938 3001.3212890625
1201.456298828125 2874.994873046875 1297.7767333984375 3006.673828125
937.2191162109375 2876.546142578125 1029.392822265625 3000.828857421875
559.8368530273438 386.7124328613281 796.998046875 516.5912475585938
835.0059814453125 386.5542297363281 1201.4822998046875 516.1303100585938
1238.42626953125 386.8996276855469 1418.4473876953125 516.6123657226562
374.9862060546875 2957.128662109375 528.4603881835938 3001.3212890625
240.47744750976562 389.7352600097656 521.9217529296875 515.1332397460938
54.940582275390625 387.61126708984375 202.20639038085938 517.02001953125
993.4898681640625 2340.403076171875 1388.6436767578125 2738.91943359375
54.36725997924805 1694.9833984375 870.3501586914062 1982.5950927734375
996.0183715820312 1215.965087890625 1383.4759521484375 1602.6092529296875
53.68083190917969 742.7448120117188 897.213623046875 1029.8345947265625
951.2034912109375 2874.986328125 1018.0551147460938 2940.40576171875
997.1121215820312 1690.34521484375 1383.7825927734375 2077.701904296875
995.460205078125 739.453857421875 1384.8641357421875 1127.084228515625
937.2191162109375 2957.406982421875 1029.392822265625 3000.828857421875
131.3571014404297 2956.872802734375 246.2123260498047 3001.08447265625
183.24774169921875 171.45578002929688 1241.526611328125 312.9491271972656
1201.456298828125 2960.442626953125 1297.7767333984375 3006.673828125
675.5233764648438 2957.637939453125 765.4379272460938 3000.916015625
993.729248046875 2341.659912109375 1388.05908203125 2733.056884765625
56.888214111328125 613.9930419921875 418.9047546386719 687.5167846679688
53.60948181152344 1218.4349365234375 724.7760620117188 1504.7088623046875
995.4805297851562 740.2017211914062 1384.4427490234375 1125.4678955078125
54.49180221557617 2346.171875 872.8512573242188 2628.093017578125
52.95984649658203 2660.529296875 185.36073303222656 2718.77734375
996.2347412109375 1216.6636962890625 1383.2635498046875 1601.170166015625
660.0265502929688 2821.781005859375 776.2179565429688 2936.81005859375
432.1334533691406 2661.8984375 493.7851867675781 2719.92529296875
153.26324462890625 2871.872802734375 222.17266845703125 2943.181640625
298.9976806640625 48.25833511352539 337.0684509277344 96.51541900634766
416.0291442871094 2875.518310546875 489.7448425292969 2938.71630859375
55.64048385620117 388.1294860839844 202.12525939941406 516.1312255859375
237.6856689453125 214.7028045654297 553.837646484375 274.7544860839844
54.081443786621094 2346.329833984375 113.33685302734375 2387.468017578125
1218.608154296875 2874.994873046875 1281.651611328125 2938.528076171875
996.9503784179688 1690.5494384765625 1383.9541015625 2075.96044921875
952.47021484375 2876.546142578125 1016.0918579101562 2939.098388671875
52.10420608520508 1218.178466796875 953.5052490234375 1504.33935546875
