65.11796569824219 485.11822509765625 177.36746215820312 538.59619140625
69.69349670410156 486.3528137207031 121.02932739257812 537.7122192382812
65.11796569824219 486.3528137207031 177.36746215820312 538.59619140625
83.13648986816406 146.2687225341797 156.85174560546875 171.7317657470703
15.326910972595215 151.10581970214844 75.76321411132812 166.44256591796875
264.69293212890625 348.2486572265625 320.1288146972656 362.5596618652344
58.488914489746094 416.204345703125 349.2649841308594 472.3114013671875
16.135208129882812 118.7967529296875 190.4572296142578 139.6290740966797
25.92970848083496 770.1937255859375 51.427825927734375 794.1160278320312
59.60136032104492 392.5738830566406 128.99049377441406 408.4818420410156
309.31121826171875 110.71037292480469 374.1888427734375 176.6155242919922
14.981146812438965 187.32644653320312 230.4723663330078 223.13458251953125
44.0174446105957 69.10977935791016 78.53594207763672 83.18590545654297
76.53421020507812 347.5410461425781 118.1947021484375 363.2635803222656
311.5544128417969 64.2248764038086 334.3234558105469 87.74765014648438
95.3037338256836 153.72109985351562 144.83004760742188 165.05592346191406
16.092527389526367 390.0784912109375 52.244239807128906 427.0132141113281
74.42549896240234 251.89222717285156 174.03460693359375 268.1238708496094
170.71014404296875 487.438720703125 189.3184051513672 505.8963928222656
69.69349670410156 524.5431518554688 121.02932739257812 537.7122192382812
174.37075805664062 295.3627014160156 215.72998046875 310.0694580078125
33.4433479309082 7.545017242431641 72.92082977294922 43.636802673339844
29.243608474731445 526.7791137695312 42.61779022216797 540.8161010742188
13.91162395477295 512.13134765625 29.874465942382812 529.0459594726562
33.2122802734375 502.9864196777344 54.40742492675781 524.1871337890625
309.8487548828125 111.1477279663086 371.8735656738281 175.65493774414062
38.20055389404297 17.369779586791992 67.46720123291016 34.11056900024414
39.13237762451172 63.476837158203125 81.98632049560547 91.02786254882812
134.87786865234375 485.11822509765625 153.26075744628906 507.60919189453125
16.504098892211914 247.88182067871094 65.81242370605469 271.01593017578125
323.8266906738281 394.5738220214844 344.9421081542969 406.69122314453125
336.2810363769531 18.319650650024414 361.8787841796875 31.860183715820312
260.5865173339844 769.0562133789062 285.808837890625 793.148681640625
16.271102905273438 286.44097900390625 374.42083740234375 319.36187744140625
65.11796569824219 522.9194946289062 177.36746215820312 538.59619140625
311.6615295410156 64.75968170166016 334.097412109375 87.39075469970703
340.08990478515625 769.5565185546875 361.8963623046875 794.834716796875
61.30833053588867 485.8448486328125 82.76414489746094 507.0474548339844
98.4541244506836 486.3528137207031 118.17436218261719 507.51617431640625
306.73443603515625 58.99783706665039 339.76055908203125 93.93201446533203
104.41397857666016 768.3054809570312 128.6163330078125 792.6725463867188
336.5020751953125 18.864856719970703 361.5461120605469 31.539260864257812
16.16847801208496 390.43890380859375 52.04450607299805 426.62188720703125
311.935546875 18.945417404174805 328.81103515625 32.406795501708984
249.36692810058594 761.254150390625 298.5730285644531 800.5066528320312
39.015689849853516 63.469120025634766 83.3819351196289 91.30914306640625
13.030625343322754 148.13356018066406 79.51376342773438 172.5701141357422
