124.36278533935547 282.17620849609375 298.2131652832031 395.9197998046875
123.36680603027344 282.17620849609375 177.2249298095703 413.5986328125
96.28099822998047 769.7030639648438 144.3778076171875 865.1838989257812
124.11609649658203 418.72650146484375 177.17916870117188 530.52978515625
123.91856384277344 418.72650146484375 278.14971923828125 513.978271484375
320.9738464355469 217.0057373046875 375.61419677734375 270.1387023925781
123.42691040039062 652.7190551757812 177.21517944335938 764.5908203125
123.09248352050781 652.7190551757812 230.81898498535156 764.74267578125
124.06427001953125 652.7190551757812 230.69168090820312 747.574462890625
124.04424285888672 535.6924438476562 246.47479248046875 630.64697265625
123.47164154052734 535.6924438476562 176.94155883789062 647.5468139648438
321.04315185546875 492.3857727050781 375.65167236328125 662.3529052734375
320.9251708984375 492.3857727050781 375.76776123046875 545.7159423828125
321.04315185546875 609.3643188476562 375.65167236328125 662.3529052734375
320.90081787109375 609.3643188476562 375.8669128417969 779.9174194335938
321.0792541503906 375.3323059082031 375.6736755371094 428.13531494140625
320.9251708984375 375.3323059082031 375.76776123046875 545.7159423828125
48.120872497558594 834.6519165039062 156.4221954345703 878.1871337890625
24.05177116394043 139.25064086914062 112.19470977783203 176.26780700683594
23.744569778442383 73.413818359375 60.20621109008789 109.96886444091797
124.03433227539062 139.2987060546875 212.20489501953125 175.89215087890625
224.00570678710938 139.1159210205078 312.3626403808594 175.81809997558594
182.5791473388672 835.893798828125 231.2272491455078 876.505126953125
257.2876281738281 836.1239624023438 305.90374755859375 876.5275268554688
124.11609649658203 518.57568359375 177.17916870117188 530.52978515625
123.42691040039062 752.43359375 177.21517944335938 764.5908203125
43.4515380859375 235.03414916992188 104.63902282714844 296.9064636230469
332.092041015625 835.6513671875 380.3691711425781 876.7421875
43.88022994995117 373.00836181640625 103.93270111083984 432.93011474609375
123.91856384277344 493.26495361328125 278.14971923828125 513.978271484375
320.9738464355469 250.590576171875 375.61419677734375 270.1387023925781
43.62721252441406 489.3478088378906 104.21141815185547 550.1604614257812
33.76119613647461 15.220918655395508 60.24979782104492 30.285507202148438
32.552085876464844 473.7386474609375 404.5957336425781 565.9073486328125
123.52776336669922 264.42047119140625 177.35911560058594 276.873779296875
43.7345085144043 724.027099609375 104.039794921875 784.649658203125
34.214942932128906 591.8611450195312 404.172607421875 683.2623291015625
38.3585319519043 710.1747436523438 404.6142578125 799.1616821289062
43.76466369628906 607.3615112304688 103.7766342163086 667.2517700195312
43.97425079345703 373.2931823730469 103.85314178466797 432.46221923828125
43.73642349243164 607.2218017578125 103.86024475097656 667.4027099609375
124.04424285888672 610.994384765625 246.47479248046875 630.64697265625
124.17909240722656 239.13475036621094 254.4083251953125 259.5047302246094
43.605735778808594 489.4672546386719 104.15145874023438 550.1454467773438
124.36278533935547 376.5152587890625 298.2131652832031 395.9197998046875
79.20179748535156 87.44094848632812 296.6108093261719 112.356689453125
332.19647216796875 835.8604125976562 380.2069091796875 876.476806640625
123.36680603027344 401.525634765625 177.2249298095703 413.5986328125
125.68143463134766 282.17620849609375 138.69430541992188 294.51788330078125
389.7651062011719 17.418912887573242 411.54638671875 28.78181266784668
96.28099822998047 846.7980346679688 144.3778076171875 865.1838989257812
389.7778015136719 17.165233612060547 411.4622802734375 28.99940299987793
321.0792541503906 408.6451416015625 375.6736755371094 428.13531494140625
43.43041229248047 235.2014923095703 104.55976867675781 296.7759704589844
43.6766357421875 724.210205078125 104.04875946044922 784.3841552734375
143.4468536376953 535.3511962890625 159.60641479492188 547.4868774414062
239.97357177734375 148.4722900390625 298.6255798339844 166.44358825683594
123.09248352050781 727.6361694335938 230.81898498535156 764.74267578125
139.8288116455078 148.58570861816406 198.40130615234375 166.3044891357422
321.04315185546875 642.8146362304688 375.65167236328125 662.3529052734375
39.794857025146484 148.5001678466797 98.50719451904297 166.3175048828125
123.47164154052734 635.787109375 176.94155883789062 647.5468139648438
125.20480346679688 769.7030639648438 138.89419555664062 782.9089965820312
124.06427001953125 728.1326293945312 230.69168090820312 747.574462890625
125.34026336669922 418.72650146484375 138.59439086914062 431.3051452636719
143.43235778808594 652.4717407226562 159.92501831054688 664.6161499023438
353.44903564453125 217.0057373046875 374.7197265625 236.738037109375
346.18548583984375 16.54357147216797 364.8665771484375 30.40561294555664
143.44578552246094 769.6783447265625 159.90216064453125 781.6686401367188
143.57614135742188 418.4056396484375 159.9281768798828 430.66973876953125
25.18058967590332 811.396240234375 404.2413330078125 901.79248046875
182.66030883789062 836.1890258789062 231.19398498535156 876.241455078125
143.81285095214844 282.1249084472656 159.81515502929688 293.72735595703125
368.909423828125 15.634481430053711 384.380859375 29.12544822692871
320.90081787109375 759.9122924804688 375.8669128417969 779.9174194335938
125.36752319335938 652.7190551757812 138.49806213378906 665.4745483398438
125.41304779052734 535.6924438476562 138.38125610351562 548.4306640625
320.9251708984375 525.5968017578125 375.76776123046875 545.7159423828125
29.42140007019043 356.8223876953125 405.0826416015625 450.2455139160156
257.378173828125 836.4363403320312 305.89678955078125 876.227294921875
353.4422302246094 492.3857727050781 374.0075988769531 511.6728515625
28.069175720214844 1.7941588163375854 66.67249298095703 42.19087219238281
353.3994445800781 609.3643188476562 374.1687316894531 628.516357421875
123.51014709472656 635.751953125 136.77105712890625 647.1089477539062
353.5149841308594 375.3323059082031 374.13916015625 394.6176452636719
123.39494323730469 238.42922973632812 254.46502685546875 276.8492736816406
23.867385864257812 73.68307495117188 60.13172149658203 109.67594909667969
