312.8586730957031 1072.703125 432.2476806640625 1189.06396484375
459.2506103515625 1676.948974609375 708.947998046875 2028.4158935546875
686.3685302734375 2294.49755859375 754.754150390625 2405.434326171875
119.92217254638672 1074.331787109375 209.7786102294922 1188.726806640625
522.6644897460938 1074.5648193359375 643.5183715820312 1189.3602294921875
121.41392517089844 1241.2706298828125 209.2596893310547 1358.3154296875
747.2577514648438 1060.443359375 921.629638671875 1243.5382080078125
748.0929565429688 1060.443359375 956.256591796875 1286.3135986328125
746.2875366210938 1060.443359375 956.9404907226562 1287.4508056640625
341.247314453125 815.5988159179688 406.8970031738281 956.5540161132812
755.5518798828125 815.1006469726562 832.2064208984375 957.0342407226562
327.60888671875 1241.9464111328125 417.2637023925781 1358.4012451171875
522.6644897460938 1074.2662353515625 643.5183715820312 1189.3602294921875
121.41392517089844 1252.0599365234375 209.2596893310547 1358.3154296875
129.85400390625 816.7760620117188 197.650634765625 957.2130737304688
957.4334716796875 815.6214599609375 1055.5494384765625 955.7576904296875
145.39198303222656 2291.11669921875 214.2956085205078 2405.447998046875
903.2890014648438 179.22621154785156 1111.4527587890625 282.2608947753906
522.6644897460938 1150.841796875 643.5183715820312 1189.3602294921875
957.4334716796875 915.2854614257812 1055.5494384765625 955.7576904296875
312.8586730957031 1151.3380126953125 432.2476806640625 1189.06396484375
121.41392517089844 1318.573974609375 209.2596893310547 1358.3154296875
341.247314453125 915.4384155273438 406.8970031738281 956.5540161132812
513.8915405273438 1984.0927734375 656.2052612304688 2028.4158935546875
327.60888671875 1318.3944091796875 417.2637023925781 1358.4012451171875
129.85400390625 914.7365112304688 197.650634765625 957.2130737304688
715.9822998046875 1027.6689453125 1108.0721435546875 1419.141357421875
747.2577514648438 1203.358642578125 921.629638671875 1243.5382080078125
748.0929565429688 1246.540771484375 956.256591796875 1286.3135986328125
510.5379333496094 2229.46630859375 654.518310546875 2267.630859375
119.92217254638672 1149.900390625 209.7786102294922 1188.726806640625
57.508914947509766 187.56112670898438 314.3709411621094 271.1543884277344
514.012939453125 676.8258056640625 655.070556640625 718.4036865234375
346.2755126953125 1072.703125 400.889404296875 1135.0589599609375
459.2506103515625 1676.948974609375 708.947998046875 1923.8470458984375
110.09661102294922 1507.8118896484375 264.95965576171875 1558.2701416015625
762.6333618164062 915.8773193359375 830.0655517578125 957.0342407226562
686.3685302734375 2294.49755859375 754.754150390625 2361.52734375
415.3610534667969 2296.2041015625 483.9196472167969 2359.48974609375
135.87261962890625 1074.331787109375 193.1390380859375 1131.4583740234375
936.8291015625 54.746307373046875 986.44775390625 98.37214660644531
747.6575317382812 1310.3717041015625 1081.6661376953125 1396.4627685546875
551.4065551757812 1317.817138671875 612.6591796875 1356.627197265625
853.273681640625 55.52850341796875 917.630615234375 101.0213394165039
1008.520263671875 52.99592971801758 1088.015380859375 99.90119934082031
746.2875366210938 1202.9959716796875 956.9404907226562 1287.4508056640625
690.8428955078125 2366.7705078125 750.41455078125 2405.434326171875
60.34104919433594 321.8327331542969 1111.8154296875 442.8715515136719
552.180908203125 1245.904052734375 613.938720703125 1299.2926025390625
863.2559204101562 1331.1920166015625 996.6566772460938 1373.582763671875
183.63446044921875 512.6427001953125 418.79376220703125 560.6062622070312
149.75125122070312 2367.913330078125 210.43704223632812 2405.447998046875
688.9261474609375 469.00421142578125 1119.08154296875 623.1719360351562
554.1605224609375 1074.5648193359375 612.194091796875 1130.3096923828125
551.2220458984375 915.712158203125 618.3635864257812 957.2908325195312
909.8826293945312 1513.232666015625 950.7598266601562 1552.90087890625
1009.4379272460938 54.738311767578125 1087.0966796875 98.24913024902344
134.70010375976562 1241.2706298828125 193.47808837890625 1302.605224609375
967.898193359375 2045.10888671875 1108.5672607421875 2188.249267578125
760.8331909179688 1060.443359375 837.8892822265625 1188.8994140625
107.65814208984375 653.9340209960938 1064.2586669921875 742.8624267578125
61.05341339111328 1027.5947265625 691.58544921875 1422.2628173828125
106.1825942993164 354.90350341796875 375.2787780761719 408.4678955078125
341.3843078613281 815.5988159179688 405.2227783203125 884.4678344726562
755.5518798828125 815.1006469726562 832.2064208984375 892.5807495117188
336.46826171875 1241.9464111328125 408.920166015625 1301.22705078125
695.06201171875 793.452880859375 892.2752685546875 987.8603515625
553.9013671875 1074.2662353515625 612.4036254882812 1130.6602783203125
140.2934112548828 1252.0599365234375 189.542724609375 1299.740966796875
183.97467041015625 569.2296142578125 450.350830078125 608.3560791015625
135.8606719970703 816.7760620117188 195.15052795410156 885.1669311523438
971.2000122070312 815.6214599609375 1041.6282958984375 886.55908203125
924.587158203125 1058.0257568359375 1044.347900390625 1096.9522705078125
145.39198303222656 2291.11669921875 214.2956085205078 2361.342529296875
273.0834045410156 803.379150390625 478.31671142578125 987.7557983398438
65.35505676269531 775.0812377929688 267.13690185546875 989.2957153320312
480.6663818359375 773.7337646484375 688.1608276367188 989.5931396484375
901.6048583984375 768.6708374023438 1109.1514892578125 990.216552734375
744.0609130859375 550.7348022460938 978.0802001953125 590.7772216796875
