84.83287048339844 800.6740112304688 409.7928161621094 1124.5711669921875
131.3272705078125 913.7750854492188 364.3406066894531 1008.5922241210938
1027.625 1185.3948974609375 1097.958984375 1231.898681640625
940.5784301757812 35.97990036010742 1122.47021484375 135.48890686035156
83.9000473022461 1386.0535888671875 177.5613555908203 1442.3563232421875
84.73933410644531 1554.0706787109375 271.5819396972656 1610.5174560546875
661.1976928710938 232.95570373535156 886.7774047851562 288.9541320800781
775.5999145507812 1186.06787109375 1007.9067993164062 1231.5960693359375
87.8078842163086 1171.0889892578125 381.11395263671875 1249.79150390625
682.7388916015625 1152.775634765625 762.645751953125 1253.8043212890625
956.4675903320312 1557.9866943359375 1037.2071533203125 1606.2430419921875
85.10193634033203 234.031494140625 179.84478759765625 287.6371154785156
153.97882080078125 1190.1253662109375 222.4761505126953 1232.59619140625
146.00259399414062 58.32140350341797 300.5130310058594 117.22982788085938
127.17787170410156 22.12689781188965 315.4395751953125 137.29562377929688
901.094970703125 1390.4384765625 1039.0108642578125 1438.7069091796875
238.0146484375 1187.713134765625 362.6761474609375 1232.149658203125
775.2769775390625 1184.384033203125 1098.9658203125 1233.0477294921875
85.36419677734375 230.79971313476562 890.1251220703125 293.3038635253906
940.4169921875 36.04976272583008 1122.5516357421875 134.9159393310547
230.6907196044922 233.37791442871094 607.2778930664062 288.9002380371094
28.664979934692383 33.86613082885742 118.24773406982422 137.68069458007812
116.4493637084961 2.9435362815856934 329.9385986328125 155.16761779785156
