637.9611206054688 1431.654296875 907.9207763671875 1528.9658203125
62.96077346801758 759.5325317382812 462.7496032714844 1021.1029663085938
71.7105941772461 1310.99951171875 346.30877685546875 1407.7421875
71.84102630615234 1431.629150390625 341.71630859375 1529.1202392578125
355.3887939453125 1431.869873046875 624.6024169921875 1528.8675537109375
169.65794372558594 536.5148315429688 339.44586181640625 586.4556274414062
70.35145568847656 1858.43017578125 1089.0860595703125 2350.37353515625
359.58001708984375 1311.14404296875 634.2228393554688 1407.67333984375
759.6256713867188 192.7611846923828 1006.5311279296875 585.1886596679688
908.5435180664062 764.3080444335938 1052.2630615234375 808.2976684570312
259.214111328125 1695.3409423828125 508.4170837402344 1738.686767578125
830.765380859375 1160.41552734375 1105.9952392578125 1251.927734375
223.73272705078125 193.22409057617188 351.1349182128906 429.6852111816406
71.47544860839844 1165.9151611328125 304.322509765625 1240.0302734375
909.5256958007812 931.5975952148438 978.2247314453125 1000.7554931640625
647.3408813476562 1310.80810546875 922.7509765625 1407.013916015625
505.7750244140625 476.6054992675781 673.4589233398438 526.1151733398438
465.54693603515625 758.2677612304688 858.2872314453125 1017.4798583984375
67.48404693603516 1610.5284423828125 217.8951873779297 1759.4158935546875
254.90977478027344 1795.5045166015625 428.0561828613281 1836.398681640625
