68.42381286621094 1128.2769775390625 1132.998291015625 1255.6094970703125
48.98588180541992 1326.7598876953125 1133.93017578125 1545.91015625
240.79684448242188 2026.748779296875 574.1393432617188 2082.62890625
697.33544921875 1822.615234375 864.3912353515625 1872.8477783203125
45.325557708740234 53.47465896606445 145.2643280029297 154.59898376464844
70.7034683227539 2033.6295166015625 310.10479736328125 2307.760498046875
661.8119506835938 2159.167724609375 1108.201416015625 2311.375244140625
889.1766357421875 53.880435943603516 986.3682250976562 153.51480102539062
156.87013244628906 1823.3861083984375 323.29119873046875 1872.714111328125
621.5005493164062 1611.673095703125 664.2802124023438 1674.130126953125
992.7216796875 703.2219848632812 1141.9119873046875 772.41162109375
71.51703643798828 2033.6295166015625 338.2357482910156 2229.8818359375
696.8461303710938 1719.8612060546875 1037.0601806640625 1771.2861328125
1033.9832763671875 54.33131790161133 1131.081298828125 152.45468139648438
68.7624282836914 902.9756469726562 1019.0833129882812 1074.474609375
615.8665771484375 1715.94384765625 671.1013793945312 1773.6051025390625
615.9483032226562 1824.32568359375 671.5753784179688 1872.8162841796875
156.3979034423828 1617.7005615234375 321.47186279296875 1668.36181640625
157.19923400878906 1719.6429443359375 323.4906005859375 1770.5595703125
78.14093017578125 1715.3056640625 124.51535034179688 1774.813232421875
72.89562225341797 1612.1710205078125 130.75413513183594 1673.829833984375
72.36825561523438 1818.0755615234375 131.63021850585938 1877.002197265625
698.364013671875 1617.5556640625 864.56591796875 1668.98974609375
