51.792640686035156 1689.1375732421875 1360.1295166015625 1933.8846435546875
422.4753112792969 1441.2542724609375 1017.2425537109375 1501.9285888671875
112.50359344482422 996.6068115234375 369.7978210449219 1055.3878173828125
56.02156066894531 548.6703491210938 892.623046875 612.2181396484375
55.26792526245117 411.0926818847656 1230.353271484375 501.35198974609375
56.531097412109375 2020.976318359375 1381.970458984375 2219.3798828125
56.430931091308594 1179.987060546875 1382.3631591796875 1375.841796875
57.418067932128906 927.5767822265625 1382.1710205078125 1124.0220947265625
57.290653228759766 676.0912475585938 1382.43408203125 871.1044311523438
1263.239501953125 992.2108154296875 1335.0335693359375 1060.2734375
674.2596435546875 25.874435424804688 765.1116943359375 116.66169738769531
299.2693176269531 47.535736083984375 337.7073974609375 96.7278060913086
301.83245849609375 2082.23974609375 373.46466064453125 2157.78564453125
1185.0804443359375 46.396766662597656 1239.578125 97.14767456054688
1311.4334716796875 46.6683349609375 1343.3095703125 95.83415985107422
217.0706329345703 47.85757064819336 264.2520751953125 95.74443054199219
111.26039123535156 742.7232055664062 488.6256408691406 804.0943603515625
40.25526809692383 2.260765552520752 394.47052001953125 148.8241424560547
54.62359619140625 546.6276245117188 1382.7752685546875 613.933349609375
