244.9113006591797 189.362548828125 256.0029602050781 271.3395080566406
130.67938232421875 189.4520721435547 234.43621826171875 271.3815002441406
15.931922912597656 346.4013366699219 239.49295043945312 465.74444580078125
16.252365112304688 207.76974487304688 142.7638397216797 329.72705078125
16.363197326660156 87.34407043457031 132.88641357421875 106.71031951904297
15.89145278930664 189.43081665039062 120.24603271484375 432.88372802734375
16.102638244628906 161.18939208984375 112.0300521850586 172.6747283935547
16.068267822265625 207.76974487304688 122.25846862792969 310.2555847167969
8.119453430175781 486.70379638671875 247.52627563476562 542.380615234375
211.62937927246094 42.53770065307617 239.0777130126953 70.09136962890625
16.562021255493164 137.99575805664062 77.65031433105469 153.34019470214844
27.300052642822266 407.6026306152344 50.5908088684082 529.4612426757812
16.287609100341797 41.66759490966797 65.71356201171875 52.66733169555664
16.223861694335938 189.41934204101562 120.10568237304688 271.6317138671875
130.9036865234375 189.3949737548828 234.2427978515625 271.50018310546875
