94.26021575927734 605.209716796875 505.0617370605469 1254.7208251953125
94.26021575927734 605.209716796875 505.0617370605469 1249.96435546875
95.08087158203125 2412.611083984375 277.7633972167969 2596.17431640625
1040.3333740234375 2451.2734375 1148.75634765625 2558.734130859375
234.41012573242188 1985.38037109375 650.7903442382812 2037.3529052734375
233.5270538330078 1392.873779296875 691.8546142578125 1452.2939453125
323.85260009765625 2525.632568359375 618.4710693359375 2568.6826171875
233.8904571533203 2071.35205078125 414.1939392089844 2112.1142578125
232.74240112304688 2269.26025390625 492.9898376464844 2309.84716796875
232.9925079345703 2181.489990234375 525.2050170898438 2234.115234375
234.3231964111328 1194.3560791015625 455.1730651855469 1254.7208251953125
811.14306640625 748.6199340820312 1101.4810791015625 794.9287719726562
232.93228149414062 1873.47119140625 468.9848327636719 1914.1221923828125
814.0322265625 702.6207275390625 914.3547973632812 735.94189453125
232.3245391845703 1591.0360107421875 677.575927734375 1646.009765625
96.93580627441406 1585.4539794921875 191.80284118652344 1646.8707275390625
325.1994934082031 2443.157958984375 739.7418823242188 2499.096923828125
234.7381591796875 1476.046875 395.5145568847656 1521.909423828125
322.557861328125 2441.176513671875 741.5364990234375 2570.6513671875
96.51689910888672 383.0086364746094 736.6388549804688 449.6734313964844
95.25841522216797 2413.482666015625 277.4129638671875 2596.0361328125
232.89515686035156 1278.248779296875 430.89190673828125 1322.1561279296875
96.04303741455078 1784.5855712890625 192.05157470703125 1843.3109130859375
970.4894409179688 48.768775939941406 1030.633056640625 90.11351013183594
558.085205078125 702.9765014648438 650.239990234375 738.4901123046875
1046.1214599609375 47.45478439331055 1096.232177734375 86.41313171386719
233.79336547851562 1674.198486328125 536.5297241210938 1714.3643798828125
96.84114074707031 1190.384033203125 173.0622100830078 1249.96435546875
96.80944061279297 1388.4937744140625 187.51681518554688 1448.3170166015625
557.643310546875 863.9921875 700.1306762695312 1007.296142578125
1118.103515625 52.82460403442383 1182.8262939453125 82.78540802001953
95.69869232177734 1980.135498046875 191.9895782470703 2042.9822998046875
96.23440551757812 2180.137939453125 192.1270294189453 2240.60498046875
901.8040771484375 2469.0224609375 973.5989990234375 2536.150634765625
557.1705322265625 750.0499267578125 736.7156372070312 800.6270141601562
1040.376953125 2451.699951171875 1148.5516357421875 2558.03515625
94.26021575927734 605.209716796875 505.0617370605469 1099.9315185546875
95.77230072021484 493.28826904296875 315.0836486816406 544.3667602539062
