614.3098754882812 1013.20947265625 859.1527099609375 1487.1463623046875
698.2083740234375 687.848388671875 912.0928344726562 864.1642456054688
916.8902587890625 500.6537780761719 1131.5352783203125 684.2225952148438
873.2652587890625 1013.4085083007812 1117.278076171875 1297.586181640625
53.52853775024414 1010.5709228515625 296.7832336425781 1297.9500732421875
1080.3577880859375 168.9114227294922 1168.9522705078125 247.68385314941406
476.7054138183594 686.3170166015625 693.3438720703125 863.96337890625
86.23798370361328 2188.23583984375 147.84915161132812 2250.179931640625
37.95215606689453 1713.2020263671875 1113.8680419921875 1774.549560546875
194.74246215820312 166.828125 330.0572814941406 249.0474853515625
1017.5992431640625 2189.757568359375 1083.9244384765625 2307.28759765625
873.2900390625 1013.4663696289062 1117.30810546875 1347.780029296875
614.9745483398438 1012.728515625 859.6065063476562 1296.716552734375
475.50958251953125 316.2359313964844 693.5990600585938 495.64312744140625
1002.22509765625 32.13728713989258 1131.8790283203125 139.04110717773438
476.53375244140625 500.716064453125 693.0186767578125 684.0549926757812
289.7853088378906 925.2113037109375 565.7493896484375 1007.132568359375
55.73189926147461 939.133056640625 247.7549285888672 997.0653076171875
553.8316040039062 166.47732543945312 689.382568359375 249.2931671142578
0.27448219060897827 1791.94189453125 83.00016784667969 1958.8809814453125
784.1777954101562 2184.76318359375 851.1526489257812 2307.48193359375
256.4295349121094 500.9595642089844 471.8562927246094 684.5469970703125
315.332763671875 2189.527099609375 384.8169860839844 2306.81494140625
598.6607666015625 1299.343994140625 818.3423461914062 1364.8978271484375
37.84579086303711 501.6523742675781 252.15138244628906 684.8129272460938
254.90762329101562 316.5230712890625 473.11529541015625 495.8862609863281
37.48247528076172 1395.164794921875 1134.7110595703125 1671.54541015625
713.3672485351562 167.0303955078125 848.2540893554688 249.21807861328125
56.67424392700195 1304.400634765625 263.9216613769531 1347.0484619140625
697.513671875 501.5732421875 912.514892578125 684.9342651367188
872.2550659179688 166.89112854003906 1055.532958984375 249.49929809570312
5.415530204772949 1812.55078125 1136.9217529296875 2160.172607421875
549.239501953125 2267.84814453125 616.9148559570312 2308.20361328125
696.5730590820312 316.89373779296875 915.1891479492188 495.7755432128906
311.4205322265625 1013.2517700195312 555.26513671875 1296.426025390625
803.2949829101562 31.88530921936035 976.8947143554688 137.72415161132812
311.8854064941406 1014.8204345703125 554.0133666992188 1347.254150390625
664.347900390625 940.4086303710938 759.7957153320312 997.0933837890625
38.049903869628906 687.3310546875 251.3922576904297 864.2879638671875
41.6616325378418 33.91311264038086 791.2340698242188 139.70480346679688
916.241943359375 316.00079345703125 1134.70751953125 496.6083068847656
39.55217742919922 31.951324462890625 977.5553588867188 139.26622009277344
256.8096618652344 687.5374145507812 471.0239562988281 862.4193725585938
877.5621337890625 938.7675170898438 1070.5015869140625 999.2646484375
36.36141586303711 167.0349578857422 170.38113403320312 249.15457153320312
917.7616577148438 688.3966674804688 1132.1217041015625 866.1864624023438
36.62799072265625 315.7108154296875 253.8635711669922 497.0545654296875
353.54400634765625 166.8221435546875 531.0091552734375 249.4438934326172
620.275146484375 940.5512084960938 760.7304077148438 996.9635009765625
37.6525993347168 1713.33837890625 357.6468200683594 1773.6434326171875
