254.02532958984375 728.0143432617188 990.8115844726562 1693.40869140625
254.02532958984375 728.0143432617188 990.8115844726562 1623.6864013671875
545.5452270507812 1647.56640625 707.3971557617188 1693.40869140625
395.69476318359375 1564.9368896484375 853.9148559570312 1623.6864013671875
254.21707153320312 726.791259765625 990.9490966796875 1511.0380859375
0.8214902281761169 846.3074951171875 107.55766296386719 1389.06396484375
95.86882781982422 383.8155212402344 507.00189208984375 461.4976806640625
1140.1514892578125 848.773681640625 1241.287109375 1388.3726806640625
254.02532958984375 728.0143432617188 990.8115844726562 1509.5740966796875
1070.638427734375 1773.7099609375 1144.9451904296875 1813.4505615234375
76.1810531616211 1753.34375 188.81564331054688 1834.7784423828125
112.11365509033203 43.526329040527344 193.36997985839844 87.26750946044922
530.6788940429688 1994.2310791015625 737.9176635742188 2200.73291015625
95.30081939697266 1772.9420166015625 168.88304138183594 1813.5904541015625
1117.7744140625 52.38174057006836 1182.814697265625 82.915771484375
1046.3433837890625 47.163150787353516 1095.5572509765625 86.8781967163086
749.5013427734375 2410.619384765625 803.4139404296875 2471.96240234375
444.0591735839844 2411.926025390625 500.9819030761719 2469.8076171875
970.54931640625 48.47770690917969 1030.6822509765625 90.4844970703125
1.1351232528686523 2.414534568786621 1240.49365234375 609.9728393554688
1048.7691650390625 2417.378662109375 1109.0216064453125 2467.7724609375
