23.475431442260742 485.73968505859375 122.27161407470703 571.9715576171875
22.48914909362793 485.73968505859375 335.2567138671875 651.114501953125
23.53562355041504 485.73968505859375 334.6504211425781 650.7301025390625
22.922739028930664 485.73968505859375 361.0586853027344 573.6892700195312
22.48914909362793 499.21380615234375 335.2567138671875 651.114501953125
23.53562355041504 499.21380615234375 334.6504211425781 650.7301025390625
22.922739028930664 499.21380615234375 361.0586853027344 573.6892700195312
23.582181930541992 67.59449005126953 68.07550811767578 112.32247161865234
137.1971893310547 679.8390502929688 236.9349822998047 744.6513061523438
23.764450073242188 485.3965759277344 66.25733947753906 527.9940795898438
77.50080108642578 498.95501708984375 183.55914306640625 514.5274658203125
250.54197692871094 679.8008422851562 350.34808349609375 737.347412109375
23.758056640625 413.8791198730469 305.0364990234375 466.13055419921875
168.10089111328125 719.62353515625 203.1518096923828 733.118896484375
151.4319610595703 733.2816162109375 351.66082763671875 790.5889892578125
306.91552734375 67.7478256225586 351.27581787109375 112.08086395263672
53.3896598815918 719.6873779296875 93.00786590576172 731.9686279296875
44.7078742980957 156.2316131591797 141.29795837402344 195.3330535888672
23.95452880859375 679.9544677734375 123.60935974121094 746.3665771484375
29.841293334960938 14.669493675231934 65.6067886352539 30.255273818969727
24.02726173400879 738.7787475585938 56.39985275268555 752.23828125
23.475431442260742 555.3527221679688 122.27161407470703 571.9715576171875
276.2415466308594 719.3358764648438 319.119384765625 731.81591796875
24.36147117614746 759.6328735351562 77.41690826416016 784.046875
22.48914909362793 588.3897094726562 335.2567138671875 651.114501953125
216.7723846435547 753.4786376953125 280.68829345703125 771.6217651367188
328.52130126953125 499.32232666015625 348.8850402832031 513.6844482421875
24.111360549926758 588.58837890625 315.0525817871094 603.7761840820312
335.97845458984375 16.11623191833496 359.7328796386719 29.198457717895508
336.41607666015625 16.627304077148438 358.89459228515625 28.67545509338379
61.036773681640625 168.2935028076172 120.90099334716797 184.64845275878906
291.7591552734375 156.2498321533203 330.7665100097656 195.27635192871094
315.6014404296875 15.129170417785645 331.1929016113281 29.50425148010254
24.0131778717041 485.73968505859375 66.13196563720703 527.7161865234375
23.53562355041504 612.7508544921875 334.6504211425781 650.7301025390625
20.963563919067383 0.18420496582984924 76.07845306396484 42.52008056640625
23.735576629638672 67.73751831054688 67.99267578125 112.07523345947266
293.08306884765625 16.088449478149414 311.5574951171875 30.114124298095703
309.9229431152344 499.21380615234375 323.85321044921875 514.2255249023438
307.0837707519531 67.864990234375 351.103759765625 111.67401885986328
22.922739028930664 554.1080932617188 361.0586853027344 573.6892700195312
23.50562858581543 136.55914306640625 352.881103515625 385.45159912109375
23.30498695373535 413.808837890625 360.7522277832031 466.3698425292969
