337.0276184082031 811.1500244140625 378.1045227050781 860.5637817382812
323.2619934082031 707.6397705078125 390.71405029296875 860.5637817382812
24.45288848876953 845.9432983398438 89.35160827636719 861.273681640625
337.0276184082031 845.335693359375 378.1045227050781 860.5637817382812
129.3023681640625 845.454833984375 185.98330688476562 860.7207641601562
23.932540893554688 359.7157287597656 87.70204162597656 423.59912109375
242.27545166015625 845.2987060546875 273.0382385253906 860.2294921875
23.77686882019043 271.5423583984375 87.77840423583984 335.52459716796875
108.14291381835938 310.7849426269531 158.91888427734375 329.257080078125
23.831707000732422 535.9631958007812 87.6503677368164 599.55126953125
108.29269409179688 399.01324462890625 158.75927734375 417.01513671875
23.943096160888672 447.9822998046875 87.72760009765625 511.51580810546875
23.879638671875 712.1204833984375 87.55728149414062 775.662353515625
70.915283203125 207.02354431152344 234.4622802734375 229.8507843017578
23.887569427490234 624.0202026367188 87.6467056274414 687.4904174804688
70.21981048583984 142.8383331298828 185.17469787597656 163.2800750732422
323.2566223144531 707.5989379882812 390.781494140625 775.7473754882812
108.67028045654297 663.1513061523438 293.6146240234375 681.37548828125
108.03192901611328 557.2869262695312 220.29888916015625 577.2899780273438
24.449411392211914 73.95542907714844 118.20047760009766 96.5979232788086
107.40887451171875 718.7313232421875 293.5614929199219 770.8427734375
107.29476165771484 630.9439086914062 293.85833740234375 682.510009765625
108.35452270507812 487.001220703125 293.32122802734375 505.5613098144531
332.782470703125 15.694360733032227 351.6933288574219 29.846698760986328
108.21115112304688 631.706298828125 260.124755859375 652.5563354492188
344.9056091308594 810.807861328125 371.2929382324219 836.7237548828125
139.81309509277344 881.7355346679688 273.92633056640625 889.672607421875
345.42059326171875 811.1500244140625 371.0655517578125 836.2216796875
106.75240325927734 454.42376708984375 293.9360046386719 506.901123046875
376.3616638183594 16.83776092529297 397.7989501953125 28.401090621948242
323.2619934082031 707.6397705078125 390.71405029296875 775.4855346679688
108.03514862060547 366.4236755371094 207.58900451660156 387.3525085449219
107.44607543945312 278.658447265625 266.721435546875 299.8356018066406
355.27685546875 15.291560173034668 370.7613220214844 28.814558029174805
143.2586669921875 824.234130859375 170.93690490722656 836.3899536132812
23.801572799682617 535.9356079101562 87.6056137084961 599.2210083007812
108.05428314208984 455.16351318359375 212.1079559326172 475.47021484375
107.78975677490234 719.3723754882812 207.27935791015625 740.6901245117188
27.115192413330078 204.4035186767578 48.91075134277344 230.42144775390625
108.45179748535156 751.1099853515625 293.23760986328125 769.8623657226562
15.078021049499512 137.2949676513672 55.47642517089844 165.24774169921875
