393.1613464355469 2165.439697265625 483.92608642578125 2274.97998046875
124.4699478149414 514.5105590820312 276.9386901855469 733.04736328125
91.32453155517578 514.5105590820312 309.2607727050781 791.4266967773438
115.72261810302734 2161.986572265625 178.13201904296875 2276.02099609375
528.3549194335938 1362.2103271484375 638.6412963867188 1508.473876953125
845.8399047851562 553.38916015625 1089.0172119140625 792.7540893554688
904.1930541992188 553.38916015625 1030.341064453125 734.0938720703125
507.8444519042969 514.3570556640625 660.8013916015625 734.330322265625
474.2422180175781 514.3570556640625 692.8161010742188 792.8243408203125
991.58740234375 2162.117431640625 1053.668212890625 2276.022705078125
669.7979125976562 2157.894775390625 791.126953125 2275.583740234375
721.2921142578125 1365.1513671875 865.5858764648438 1509.644287109375
845.8399047851562 514.3792114257812 1089.0172119140625 792.7540893554688
892.5140380859375 514.3792114257812 1044.2427978515625 734.0938720703125
111.0560073852539 1362.556640625 217.68597412109375 1508.6800537109375
136.81866455078125 556.41650390625 262.8536071777344 733.04736328125
91.32453155517578 556.41650390625 309.2607727050781 791.4266967773438
1027.1461181640625 398.81787109375 1142.3138427734375 463.5772399902344
621.26171875 398.82440185546875 838.7128295898438 463.6000671386719
858.8375244140625 399.2539367675781 1006.5232543945312 464.0550231933594
285.98797607421875 398.4065856933594 466.6553039550781 463.4477844238281
486.31329345703125 398.52978515625 602.2316284179688 463.8272399902344
393.1613464355469 2239.6904296875 483.92608642578125 2274.97998046875
405.46075439453125 2165.439697265625 472.0934143066406 2225.73876953125
83.8501968383789 1925.7630615234375 144.65625 1984.740966796875
564.4616088867188 1727.0128173828125 704.466796875 1786.1585693359375
124.4699478149414 514.5105590820312 276.9386901855469 666.6721801757812
49.012821197509766 399.1707763671875 266.1470031738281 463.7227478027344
111.0560073852539 1466.4495849609375 217.68597412109375 1508.6800537109375
116.99837493896484 2239.1455078125 176.19921875 2276.02099609375
888.52392578125 1634.9896240234375 1059.3304443359375 1805.59375
528.3549194335938 1466.9613037109375 638.6412963867188 1508.473876953125
115.72261810302734 2161.986572265625 178.13201904296875 2225.390380859375
721.2921142578125 1466.4056396484375 865.5858764648438 1509.644287109375
602.4288940429688 834.7959594726562 1122.4598388671875 1031.5220947265625
84.73106384277344 1144.807373046875 281.8223571777344 1219.083984375
669.7979125976562 2239.08544921875 791.126953125 2275.583740234375
602.6821899414062 1067.5687255859375 1122.544189453125 1266.703857421875
543.5449829101562 1362.2103271484375 625.1189575195312 1451.4627685546875
85.73040771484375 2028.395263671875 583.160400390625 2090.513916015625
938.3282470703125 553.38916015625 998.4303588867188 628.5020141601562
1004.9606323242188 1133.452880859375 1074.5640869140625 1205.686279296875
1004.0499267578125 898.8685913085938 1074.5875244140625 973.3628540039062
624.7027587890625 2027.826904296875 1001.3137817382812 2089.385498046875
507.8444519042969 514.3570556640625 660.8013916015625 665.5015869140625
162.73582458496094 1932.994140625 237.39877319335938 1973.0531005859375
994.0615844726562 2162.117431640625 1051.3306884765625 2228.76904296875
159.2449188232422 1734.4613037109375 292.5626220703125 1779.1719970703125
699.8629760742188 2157.894775390625 761.9915161132812 2223.2802734375
109.20948791503906 1645.7772216796875 874.84521484375 1713.4493408203125
750.9212646484375 1365.1513671875 833.10888671875 1451.599365234375
85.38921356201172 1018.5458984375 325.26690673828125 1061.374755859375
136.81866455078125 687.0529174804688 262.8536071777344 733.04736328125
646.6932373046875 409.8990478515625 811.3778686523438 452.61541748046875
338.5107421875 1362.44384765625 410.22174072265625 1451.17041015625
266.6863708496094 950.5715942382812 485.8355407714844 993.7642822265625
892.5140380859375 514.3792114257812 1044.2427978515625 665.9078369140625
991.58740234375 2238.648681640625 1053.668212890625 2276.022705078125
338.0800476074219 1467.57080078125 408.5726623535156 1508.7412109375
845.8399047851562 748.9417724609375 1089.0172119140625 792.7540893554688
883.6384887695312 411.2953186035156 979.5317993164062 451.6658935546875
932.6423950195312 1466.61279296875 1075.7938232421875 1508.556884765625
129.09469604492188 1362.556640625 201.42559814453125 1450.6851806640625
694.6009521484375 1181.0892333984375 878.5618896484375 1223.3004150390625
148.65740966796875 278.2664794921875 399.9168395996094 328.7534484863281
1053.8565673828125 79.20590209960938 1118.2652587890625 130.42367553710938
85.01045227050781 882.2157592773438 278.1371154785156 938.5393676757812
53.477943420410156 1305.4322509765625 1120.18115234375 1549.5615234375
639.890869140625 949.6790161132812 856.4827880859375 990.5133056640625
353.4154052734375 1051.4593505859375 558.9151611328125 1268.47607421875
163.17794799804688 556.41650390625 238.55856323242188 628.436279296875
705.6954345703125 1647.61572265625 872.00927734375 1710.327880859375
49.80804443359375 243.4428253173828 1123.0810546875 363.8604431152344
945.6666259765625 244.08470153808594 1120.7049560546875 360.8826599121094
521.3751831054688 686.8391723632812 647.83154296875 734.330322265625
84.45523834228516 951.92529296875 239.79006958007812 994.1873168945312
48.16171646118164 834.68359375 570.1434326171875 1270.07568359375
50.64714431762695 156.15467834472656 510.1986389160156 200.14859008789062
904.1930541992188 687.0077514648438 1030.341064453125 734.0938720703125
84.21065521240234 950.112060546875 487.05230712890625 995.5244750976562
159.3700714111328 1732.490966796875 544.2341918945312 1781.017578125
110.50364685058594 1733.1561279296875 149.50103759765625 1778.9605712890625
205.4189910888672 750.171630859375 308.6907653808594 789.6248168945312
888.6383666992188 1636.946044921875 1057.953125 1804.8363037109375
640.2798461914062 879.9752807617188 833.5189208984375 936.1722412109375
91.32453155517578 750.4617919921875 309.2607727050781 791.4266967773438
52.35245132446289 76.0372314453125 311.1825866699219 145.6475830078125
638.8389892578125 1114.19580078125 833.4945678710938 1170.5865478515625
474.2422180175781 750.287841796875 692.8161010742188 792.8243408203125
84.57720947265625 2027.4454345703125 1005.2433471679688 2092.187255859375
49.540985107421875 1591.7196044921875 1121.542236328125 1835.19580078125
638.48974609375 1181.4639892578125 879.2210083007812 1223.7259521484375
50.01847839355469 1869.88525390625 1119.3172607421875 2133.71923828125
