608.021728515625 706.761962890625 1099.2215576171875 1105.7843017578125
608.021728515625 706.761962890625 1099.2215576171875 1175.067138671875
608.609130859375 1356.014892578125 1099.9771728515625 1752.171142578125
608.609130859375 1356.014892578125 1099.9771728515625 1823.0447998046875
71.73992919921875 705.6824951171875 560.5155639648438 1105.22705078125
71.73992919921875 705.6824951171875 560.5155639648438 1233.9429931640625
525.6504516601562 2290.890869140625 644.871337890625 2407.217529296875
70.8243637084961 1357.0430908203125 561.6975708007812 1822.8743896484375
70.8243637084961 1357.0430908203125 561.6975708007812 1752.3201904296875
73.96216583251953 1706.52294921875 448.7641296386719 1822.8743896484375
69.28334045410156 1706.52294921875 524.8817138671875 1941.2752685546875
70.91991424560547 1706.52294921875 255.3157196044922 1941.0164794921875
66.98252868652344 1706.52294921875 526.8887939453125 1943.0341796875
71.0394515991211 1706.52294921875 523.5579223632812 1890.470703125
607.3544311523438 1706.959716796875 1055.4603271484375 1942.1685791015625
610.7943725585938 1706.959716796875 1007.6063232421875 1823.0447998046875
606.1759033203125 1706.959716796875 1056.7899169921875 1945.2152099609375
609.0048828125 1706.959716796875 1052.8720703125 1940.3084716796875
607.479248046875 1055.790771484375 1088.601318359375 1288.9632568359375
610.14990234375 1055.790771484375 1086.2747802734375 1175.067138671875
606.055419921875 1055.790771484375 1090.190673828125 1289.8447265625
525.6504516601562 2367.245361328125 644.871337890625 2407.217529296875
71.72240447998047 705.7130737304688 560.445556640625 1032.4444580078125
71.1169662475586 1356.95263671875 561.377685546875 1685.1546630859375
608.9147338867188 1356.085693359375 1099.9915771484375 1685.804931640625
608.2830810546875 706.6748046875 1099.459716796875 1036.9200439453125
101.6554946899414 30.65082550048828 296.82421875 102.68508911132812
608.021728515625 706.761962890625 1099.2215576171875 1035.7860107421875
607.3544311523438 1847.0443115234375 1055.4603271484375 1942.1685791015625
208.05706787109375 2367.008544921875 301.10650634765625 2409.63916015625
668.1863403320312 1705.3321533203125 793.3523559570312 1752.171142578125
608.609130859375 1356.014892578125 1099.9771728515625 1684.92578125
71.62301635742188 1052.7198486328125 547.6741943359375 1160.462890625
607.479248046875 1194.80859375 1088.601318359375 1288.9632568359375
71.73992919921875 705.6824951171875 560.5155639648438 1031.0302734375
610.7943725585938 1777.181396484375 1007.6063232421875 1823.0447998046875
2.31636381149292 2059.54248046875 1168.376953125 2247.189453125
73.96216583251953 1777.8275146484375 448.7641296386719 1822.8743896484375
72.38770294189453 570.8958740234375 727.8794555664062 631.8193359375
69.28334045410156 1846.797607421875 524.8817138671875 1941.2752685546875
666.074462890625 1053.4368896484375 979.558837890625 1105.7843017578125
73.09480285644531 1053.9541015625 546.018798828125 1105.22705078125
554.89599609375 2290.890869140625 612.847900390625 2348.205810546875
106.5726089477539 296.7622985839844 1064.0643310546875 442.0331726074219
70.8243637084961 1357.0430908203125 561.6975708007812 1684.7008056640625
610.14990234375 1126.9544677734375 1086.2747802734375 1175.067138671875
1008.839111328125 53.7030029296875 1084.5245361328125 98.10707092285156
304.2065734863281 196.2850799560547 867.2367553710938 252.80796813964844
70.91991424560547 1900.67431640625 255.3157196044922 1941.0164794921875
71.08438110351562 1184.423828125 558.1134033203125 1297.9708251953125
131.9483184814453 1704.7982177734375 306.4021911621094 1752.3201904296875
255.53448486328125 2183.141845703125 914.5933837890625 2233.95068359375
842.0949096679688 46.06528854370117 921.4130249023438 114.40516662597656
77.13282012939453 1706.52294921875 116.16445922851562 1753.1029052734375
72.32052612304688 1253.517822265625 556.9093627929688 1296.867431640625
613.7734985351562 1706.959716796875 653.3138427734375 1753.7216796875
1009.3011474609375 54.84431838989258 1084.1082763671875 96.84940338134766
606.055419921875 1126.819580078125 1090.190673828125 1289.8447265625
613.396240234375 1055.790771484375 654.1256713867188 1101.876953125
999.9080200195312 43.602970123291016 1094.199462890625 111.41548156738281
73.53425598144531 1184.4891357421875 548.68212890625 1233.9429931640625
606.1759033203125 1776.775146484375 1056.7899169921875 1945.2152099609375
936.119873046875 56.25921630859375 986.7966918945312 96.5409164428711
66.98252868652344 1778.6900634765625 526.8887939453125 1943.0341796875
609.0048828125 1899.4954833984375 1052.8720703125 1940.3084716796875
71.0394515991211 1847.5513916015625 523.5579223632812 1890.470703125
