9.833806991577148 8.371343612670898 115.22928619384766 58.02027893066406
9.833806991577148 41.2319221496582 115.22928619384766 58.02027893066406
133.53219604492188 175.91175842285156 216.79672241210938 211.35325622558594
25.403915405273438 364.55426025390625 108.6474838256836 400.47845458984375
133.55982971191406 364.7161560058594 216.91961669921875 400.3426513671875
563.044677734375 175.528076171875 646.5610961914062 211.3142852783203
25.51877784729004 222.96728515625 108.62744140625 258.4049072265625
241.59552001953125 222.87820434570312 324.5379943847656 258.24810791015625
346.96661376953125 364.58203125 430.4009704589844 400.2391662597656
133.6605987548828 317.3831787109375 216.8082733154297 352.9288330078125
241.49716186523438 175.64483642578125 324.7237243652344 211.27073669433594
241.4648895263672 317.275390625 324.53271484375 352.9595947265625
133.65377807617188 222.96092224121094 216.669189453125 258.3948974609375
241.4185028076172 364.5948181152344 324.7501525878906 400.3056640625
346.94403076171875 222.8585662841797 430.4198913574219 258.39898681640625
454.7073669433594 175.59315490722656 538.5382690429688 211.3900146484375
88.76961517333984 136.5636444091797 128.22430419921875 165.99986267089844
133.7034454345703 270.0422668457031 216.80813598632812 305.7875061035156
241.47750854492188 269.86767578125 324.5252990722656 305.643798828125
454.9075012207031 364.55169677734375 538.535888671875 400.27093505859375
346.97265625 269.9353942871094 430.3919372558594 305.6565856933594
346.8966979980469 175.56817626953125 430.3560485839844 211.28341674804688
25.47710609436035 317.375 108.68070983886719 353.0372314453125
25.504364013671875 175.68081665039062 108.60585021972656 211.5436248779297
454.82965087890625 222.8477020263672 538.4979248046875 258.42144775390625
670.9537353515625 175.2148895263672 754.687744140625 211.46604919433594
454.8415222167969 317.3008728027344 538.4293212890625 352.9517517089844
563.1278686523438 317.40716552734375 646.6324462890625 352.9614562988281
562.9795532226562 364.61187744140625 646.741455078125 400.32708740234375
454.8627014160156 269.8092041015625 538.4777221679688 305.6791076660156
346.912353515625 317.3279724121094 430.5211181640625 352.90545654296875
562.9396362304688 222.82974243164062 646.6503295898438 258.4499206542969
670.9912719726562 222.7537841796875 754.6052856445312 258.3898010253906
670.9307250976562 317.3236083984375 754.7662963867188 353.0084228515625
25.449079513549805 270.0362243652344 108.38763427734375 305.6803894042969
670.8736572265625 364.23297119140625 754.5960693359375 400.70574951171875
670.9816284179688 269.9888916015625 754.6632690429688 305.41656494140625
591.6873779296875 135.02061462402344 679.4317626953125 167.3488311767578
709.9771118164062 136.75144958496094 748.8652954101562 165.17112731933594
25.237016677856445 135.89633178710938 55.2484245300293 166.38363647460938
139.73406982421875 184.02613830566406 210.22991943359375 203.55545043945312
633.471435546875 63.80685043334961 742.5650634765625 102.8131332397461
653.6209716796875 28.095388412475586 744.1412353515625 52.16648864746094
9.907007217407227 8.336861610412598 81.28474426269531 34.3099365234375
563.0289306640625 269.9753723144531 646.6458740234375 305.70294189453125
346.86334228515625 364.7354431152344 430.3579406738281 400.1206970214844
25.18242645263672 135.97555541992188 55.21281814575195 166.2935791015625
454.6260681152344 175.74671936035156 538.3525390625 211.0406036376953
9.907699584960938 8.371343612670898 81.28923797607422 34.25514221191406
670.931396484375 364.37188720703125 754.5538940429688 400.490234375
710.0166625976562 136.73825073242188 748.82470703125 165.0374755859375
670.9186401367188 175.33155822753906 754.7075805664062 211.1278076171875
346.76116943359375 175.69467163085938 430.2577819824219 210.9761199951172
25.32182502746582 364.6582946777344 108.63909912109375 400.3364562988281
562.9549560546875 317.5904846191406 646.6085205078125 352.83843994140625
670.9288330078125 222.91038513183594 754.5478515625 258.1820373535156
88.90039825439453 136.7213897705078 128.098876953125 165.8015899658203
562.8650512695312 223.01438903808594 646.500732421875 258.1875305175781
670.7969970703125 317.3323669433594 754.7821655273438 353.0179138183594
454.7737121582031 317.4518737792969 538.3951416015625 352.80194091796875
346.81585693359375 317.50152587890625 430.4626159667969 352.7082214355469
454.790771484375 270.04803466796875 538.4425659179688 305.4041748046875
454.870849609375 364.69549560546875 538.542236328125 400.14013671875
346.7369384765625 222.97679138183594 430.32415771484375 258.1116638183594
346.884033203125 270.21893310546875 430.3388366699219 305.4191589355469
241.48419189453125 364.71685791015625 324.7434997558594 400.19439697265625
