63.40387725830078 455.21356201171875 143.17172241210938 468.15576171875
293.04046630859375 17.55392837524414 310.8369140625 29.500232696533203
316.7253723144531 15.912944793701172 331.867919921875 29.06110191345215
63.76333236694336 523.0830688476562 148.12510681152344 535.88671875
63.824886322021484 437.04638671875 126.08045196533203 450.7560729980469
328.0766296386719 681.4984741210938 358.7535095214844 693.4318237304688
15.361966133117676 442.49713134765625 92.55479431152344 578.6770629882812
63.67774963378906 611.5662841796875 192.86746215820312 628.5613403320312
337.14312744140625 613.655029296875 358.9046325683594 625.3455810546875
336.3283386230469 16.114343643188477 360.19195556640625 29.112646102905273
33.00936508178711 14.714152336120605 63.530052185058594 30.36752700805664
15.950638771057129 115.98344421386719 359.1187744140625 155.27059936523438
15.491894721984863 396.63482666015625 74.79795837402344 410.6429748535156
15.840723991394043 172.0078582763672 359.5235290527344 267.98577880859375
0.7747225761413574 727.4525146484375 374.23748779296875 811.3193359375
315.9781494140625 395.9046630859375 358.4222412109375 410.9267272949219
15.588553428649902 605.6823120117188 48.10900115966797 638.4113159179688
15.680974960327148 674.1326293945312 47.774078369140625 705.5472412109375
15.724997520446777 283.7117614746094 359.5887451171875 379.3499755859375
113.76679229736328 63.937992095947266 261.38134765625 90.13595581054688
63.831443786621094 505.3486022949219 103.41473388671875 518.4927368164062
316.0968933105469 563.9942626953125 358.2392883300781 578.6649780273438
63.5983772277832 680.1915283203125 166.5148162841797 694.9002685546875
