102.38961029052734 2195.539794921875 188.7060546875 2305.9619140625
47.54782485961914 1725.7110595703125 520.0935668945312 2126.02197265625
47.26979064941406 1725.7110595703125 1117.04296875 2133.87646484375
986.4268798828125 2196.23828125 1074.122802734375 2305.121337890625
102.38961029052734 2195.695068359375 188.7060546875 2305.9619140625
390.2258605957031 2201.482177734375 491.5657653808594 2308.04052734375
666.27734375 2196.709228515625 804.6674194335938 2307.392822265625
666.27734375 2197.078125 804.6674194335938 2307.392822265625
986.4268798828125 2270.5712890625 1074.122802734375 2305.121337890625
666.27734375 2272.078369140625 804.6674194335938 2307.392822265625
47.54782485961914 2021.642822265625 520.0935668945312 2126.02197265625
904.1631469726562 2040.20361328125 1066.922119140625 2089.633056640625
50.384918212890625 695.8076171875 579.3506469726562 763.8272705078125
550.8685913085938 2021.8818359375 776.9242553710938 2073.622802734375
102.38961029052734 2271.484619140625 188.7060546875 2305.9619140625
47.26979064941406 2020.109375 1117.04296875 2133.87646484375
116.11946105957031 2195.539794921875 176.08956909179688 2258.24169921875
390.2258605957031 2271.4716796875 491.5657653808594 2308.04052734375
280.6691589355469 1168.82568359375 496.59307861328125 1217.4462890625
278.29205322265625 1240.753662109375 556.1090087890625 1287.026123046875
278.43365478515625 951.380126953125 606.24755859375 1000.0997314453125
278.4395446777344 1529.5169677734375 513.656005859375 1573.4031982421875
102.8851547241211 220.72207641601562 158.3494415283203 276.44000244140625
277.84100341796875 1818.5545654296875 541.1094360351562 1862.0682373046875
47.000030517578125 1680.45751953125 1131.5732421875 1921.9921875
94.34880065917969 1725.7110595703125 238.5985870361328 1872.4169921875
802.6140747070312 2023.819580078125 844.5572509765625 2072.837158203125
94.36035919189453 1437.6287841796875 238.50439453125 1583.5635986328125
94.42013549804688 1149.154541015625 238.67262268066406 1295.5404052734375
94.46171569824219 861.1681518554688 238.5471954345703 1007.7214965820312
46.74736404418945 1391.0223388671875 1132.5892333984375 1634.414794921875
46.88810729980469 1102.5654296875 1132.3380126953125 1346.854248046875
1001.4816284179688 2196.23828125 1059.3428955078125 2255.26123046875
280.3414611816406 1742.4122314453125 561.3568725585938 1793.1448974609375
47.1535530090332 817.20703125 1133.02734375 1057.1182861328125
116.25283813476562 2195.695068359375 175.70314025878906 2258.011474609375
278.5157165527344 1457.2012939453125 457.604248046875 1505.1097412109375
280.56683349609375 879.3851928710938 434.0663757324219 928.7159423828125
414.0694885253906 2201.482177734375 471.1408386230469 2253.6015625
183.7150115966797 214.41542053222656 1089.56005859375 568.4832153320312
712.6390380859375 2196.709228515625 757.03271484375 2258.3505859375
47.82963562011719 70.9421615600586 273.5712890625 144.6608428955078
47.40793991088867 170.89016723632812 1131.8245849609375 619.4129638671875
713.0183715820312 2197.078125 756.9366455078125 2257.893798828125
