48.41775131225586 1513.1976318359375 241.95233154296875 1814.7886962890625
48.33421325683594 1513.1683349609375 241.85694885253906 1814.7886962890625
395.35150146484375 1167.33056640625 755.6915283203125 1361.3880615234375
51.43758773803711 2301.1865234375 159.0541229248047 2343.36474609375
776.5277099609375 1166.5458984375 1137.01123046875 1361.4627685546875
307.3896179199219 1866.8212890625 509.95050048828125 1926.0308837890625
40.90705871582031 1298.7265625 161.2110595703125 1339.4202880859375
15.446030616760254 1167.60302734375 376.3306884765625 1362.3380126953125
679.497314453125 2299.508056640625 787.16259765625 2343.43505859375
926.5928955078125 768.6299438476562 1070.5643310546875 814.325927734375
860.4698486328125 2134.31201171875 1005.5899658203125 2217.418701171875
535.9456176757812 1866.5462646484375 738.7651977539062 1926.008056640625
420.5542907714844 1202.773681640625 589.2018432617188 1253.769775390625
41.08486557006836 1202.7203369140625 209.0865478515625 1253.819091796875
59.04222869873047 2259.52001953125 190.19383239746094 2284.106201171875
938.0636596679688 2280.37890625 1100.545166015625 2346.779541015625
53.06074142456055 1417.2147216796875 439.652099609375 1473.5013427734375
803.09130859375 1200.8603515625 970.6705322265625 1252.7318115234375
80.1531982421875 1865.34423828125 281.23992919921875 1925.829833984375
504.5272216796875 1010.0616455078125 976.1884765625 1094.6737060546875
53.09965133666992 1010.6370239257812 484.60791015625 1094.1627197265625
150.80899047851562 338.5678405761719 246.4136505126953 392.0024719238281
52.685997009277344 2062.7001953125 243.32432556152344 2091.010986328125
130.9560089111328 1873.3887939453125 227.45477294921875 1914.6707763671875
587.0039672851562 1873.448974609375 685.1392211914062 1914.67529296875
816.1249389648438 1873.8011474609375 911.7469482421875 1914.6622314453125
423.1232604980469 1301.324462890625 542.4096069335938 1338.13623046875
160.34828186035156 46.449073791503906 276.9590148925781 111.61772155761719
265.6470947265625 1550.0245361328125 760.4351806640625 1671.4234619140625
48.41775131225586 1513.1976318359375 241.95233154296875 1706.2301025390625
127.83917999267578 768.8045654296875 237.17068481445312 813.4668579101562
890.0189208984375 500.4199523925781 1070.6446533203125 568.1322631835938
917.2278442382812 1624.300537109375 1059.5379638671875 1668.107177734375
48.33421325683594 1513.1683349609375 241.85694885253906 1706.339111328125
878.9028930664062 1612.69921875 1100.107666015625 1679.5908203125
148.95558166503906 1777.781982421875 213.91854858398438 1814.7886962890625
388.0983581542969 297.873046875 760.0706787109375 434.6111145019531
144.97625732421875 2185.882080078125 289.0050354003906 2227.336181640625
633.8753051757812 832.4949951171875 845.2645874023438 877.1697998046875
801.2546997070312 1298.961669921875 919.604736328125 1340.307861328125
358.06256103515625 1873.71728515625 455.77691650390625 1914.5511474609375
764.7557373046875 1867.14990234375 966.7592163085938 1925.6480712890625
466.30828857421875 1551.7305908203125 592.993896484375 1600.92822265625
418.87884521484375 1776.1817626953125 479.5535888671875 1812.8087158203125
50.970272064208984 852.06689453125 1100.5355224609375 977.0193481445312
743.1905517578125 297.6077880859375 1138.1107177734375 436.55865478515625
297.2672424316406 1418.9136962890625 438.7267150878906 1471.7862548828125
16.32248306274414 2088.070556640625 1136.5189208984375 2260.0869140625
73.70545959472656 1031.2191162109375 180.8164825439453 1073.447998046875
14.262519836425781 298.40240478515625 403.9327392578125 433.6443786621094
143.95578002929688 2121.965576171875 716.83642578125 2229.392578125
49.27609634399414 2138.08349609375 125.46263122558594 2214.3330078125
266.77606201171875 1622.5543212890625 452.0054931640625 1668.31689453125
536.9534912109375 496.7589111328125 613.9142456054688 572.3128051757812
790.7476806640625 1777.3428955078125 852.17919921875 1814.133544921875
325.8360290527344 641.083740234375 398.535888671875 682.9818115234375
650.4629516601562 2260.486328125 781.996826171875 2285.29150390625
559.7177734375 1777.4461669921875 628.2157592773438 1814.8525390625
73.98853302001953 623.240966796875 297.7908935546875 687.4667358398438
528.6598510742188 1030.1328125 746.550537109375 1074.53955078125
801.287353515625 1029.537353515625 948.379150390625 1073.82861328125
983.1231079101562 1906.82666015625 1102.38037109375 2051.40234375
74.34639739990234 501.6522521972656 254.12875366210938 567.8302612304688
875.9677124023438 337.2427673339844 1018.9873657226562 391.23406982421875
73.73500061035156 1028.36572265625 422.66644287109375 1076.5872802734375
516.2698364257812 1730.326416015625 747.0574340820312 1843.7720947265625
479.6905822753906 2184.98876953125 696.1873168945312 2226.9814453125
57.97501754760742 236.58517456054688 219.2125244140625 283.1291198730469
