613.9116821289062 313.9857482910156 767.073486328125 369.0584411621094
956.8983764648438 927.740234375 1135.1251220703125 984.3731689453125
30.31418228149414 314.4898376464844 195.25494384765625 366.80072021484375
318.48968505859375 46.89171600341797 577.0963134765625 135.48312377929688
3.061403751373291 533.3169555664062 1169.517578125 650.096923828125
588.7239990234375 681.7613525390625 767.6258544921875 738.298828125
541.1564331054688 2184.47802734375 625.8998413085938 2309.180419921875
308.3179016113281 2273.781494140625 392.0211181640625 2309.532958984375
63.661197662353516 2189.368896484375 169.81993103027344 2308.964599609375
957.3201904296875 681.4557495117188 1135.9034423828125 737.8892211914062
544.7474365234375 2184.215087890625 622.7862548828125 2261.86767578125
3.564629077911377 162.1436309814453 1167.755126953125 280.1834716796875
3.055720090866089 1019.7821044921875 1169.5982666015625 1144.09765625
990.591552734375 2183.259765625 1114.2813720703125 2310.472900390625
8.138593673706055 160.1935272216797 227.02285766601562 276.3131408691406
30.267101287841797 61.62407302856445 192.82815551757812 244.07089233398438
4.397572994232178 408.6629333496094 1168.9891357421875 526.4583129882812
29.409122467041016 684.55908203125 192.08273315429688 735.848876953125
29.549755096435547 1175.6099853515625 198.18276977539062 1228.2882080078125
588.2932739257812 1174.694580078125 767.7346801757812 1230.201904296875
959.8828125 313.19024658203125 1137.0030517578125 369.1914367675781
960.5847778320312 59.70147705078125 1135.3310546875 245.23358154296875
308.7906188964844 2181.3271484375 390.0583190917969 2259.83984375
29.418962478637695 930.73583984375 195.55397033691406 982.2099609375
748.0784912109375 2169.18017578125 892.970703125 2328.596923828125
6.65699577331543 777.044677734375 1168.1280517578125 897.1889038085938
582.49755859375 42.519020080566406 854.8079223632812 139.32986450195312
957.3108520507812 1173.17578125 1136.08935546875 1229.259521484375
