329.2309875488281 52.80763244628906 848.3377075195312 110.13523864746094
254.38018798828125 273.59600830078125 924.611083984375 685.189453125
556.4227294921875 746.1095581054688 669.7423095703125 787.5703125
95.44257354736328 1864.092529296875 441.91766357421875 1913.681396484375
1.7769452333450317 2160.740478515625 1177.8466796875 2410.41064453125
49.265079498291016 1950.5191650390625 1131.7667236328125 2117.864501953125
48.490135192871094 1626.8580322265625 1132.05859375 1793.684814453125
452.8341064453125 152.5910186767578 725.6163330078125 198.7147979736328
95.41949462890625 1541.3531494140625 348.01495361328125 1589.74951171875
47.28539276123047 1037.4610595703125 1132.560302734375 1464.6865234375
383.4402770996094 918.6378173828125 796.4457397460938 967.7326049804688
