44.556396484375 257.7020568847656 374.29150390625 518.4622802734375
116.7154312133789 257.7020568847656 257.4074401855469 486.48956298828125
48.931705474853516 48.362728118896484 277.4118347167969 73.42960357666016
19.11736297607422 10.561053276062012 44.78220748901367 24.57593536376953
334.5547180175781 11.305387496948242 354.16845703125 22.452783584594727
44.556396484375 500.7126159667969 374.29150390625 518.4622802734375
20.019472122192383 607.0907592773438 355.5274658203125 655.5552368164062
308.86798095703125 10.210894584655762 324.56243896484375 23.77328109741211
122.5139389038086 621.9674682617188 253.4910430908203 639.94482421875
283.3585510253906 11.459962844848633 299.93719482421875 24.05225372314453
13.422550201416016 0.9057186841964722 50.09190368652344 31.263200759887695
334.59649658203125 11.449298858642578 354.1025085449219 22.351364135742188
19.37938117980957 53.6085090637207 29.719348907470703 70.8528060913086
116.7154312133789 257.7020568847656 257.4074401855469 412.5058898925781
144.1961669921875 464.2386169433594 231.73329162597656 486.48956298828125
