24.29804229736328 81.62474822998047 80.42935943603516 157.79705810546875
81.50765228271484 206.64898681640625 303.14996337890625 221.57562255859375
82.02165985107422 417.20867919921875 331.53570556640625 503.327392578125
81.74385070800781 417.20867919921875 216.83169555664062 483.001708984375
306.2427978515625 67.80360412597656 350.3480224609375 112.02388763427734
24.25550079345703 273.5148620605469 67.84622955322266 317.9456481933594
20.190038681030273 0.2672651708126068 77.75310516357422 42.41569900512695
24.06374740600586 372.8839111328125 67.91162872314453 415.68536376953125
81.72845458984375 227.76498413085938 269.2460632324219 293.3372497558594
293.11083984375 16.23917007446289 311.63836669921875 30.010356903076172
336.3297119140625 16.50911521911621 359.1243896484375 28.50033950805664
306.8894958496094 376.80841064453125 351.1362609863281 390.13775634765625
23.317163467407227 182.69955444335938 68.29508972167969 226.1328887939453
81.96520233154297 227.76498413085938 318.79925537109375 410.0976867675781
301.06964111328125 468.2554931640625 351.1556091308594 482.0348815917969
23.627891540527344 464.3534851074219 67.6832504272461 508.3835754394531
82.06776428222656 417.20867919921875 172.79066467285156 522.724609375
129.81076049804688 70.4623794555664 237.13980102539062 110.78478240966797
82.25078582763672 184.6542510986328 217.02757263183594 200.7996368408203
24.52216339111328 67.5594253540039 69.15667724609375 111.89611053466797
306.9710388183594 15.40761947631836 351.11376953125 200.12229919433594
