14.80919075012207 117.55038452148438 360.5816955566406 371.1872863769531
282.34808349609375 610.5736083984375 374.99658203125 729.6696166992188
14.950677871704102 117.52044677734375 360.69940185546875 268.6341857910156
149.4140625 610.1456298828125 276.0491638183594 729.4207763671875
15.53573989868164 388.8125915527344 145.88148498535156 593.2413330078125
33.126285552978516 741.533447265625 61.531463623046875 779.644775390625
149.3061065673828 610.3607788085938 276.3785705566406 780.1668090820312
322.9878845214844 287.8576354980469 374.94366455078125 320.3240966796875
315.9129943847656 15.376147270202637 330.87957763671875 29.48017692565918
14.508057594299316 609.7640991210938 140.3798065185547 729.8922119140625
16.560405731201172 61.94423294067383 359.5435791015625 98.44863891601562
282.3186950683594 610.7420043945312 374.9297790527344 779.704345703125
149.17080688476562 388.1805114746094 280.6054382324219 559.642578125
10.854289054870605 342.2082824707031 52.1706657409668 384.8476257324219
282.6013488769531 388.75738525390625 374.9902038574219 557.8578491210938
16.389019012451172 62.40833282470703 57.852176666259766 97.92317199707031
148.96975708007812 388.40252685546875 280.7084045410156 558.925048828125
11.522253036499023 567.1551513671875 91.24898529052734 603.9515380859375
19.404279708862305 0.6471078395843506 66.78271484375 42.72030258178711
98.83550262451172 768.26904296875 138.36309814453125 779.59814453125
293.06524658203125 16.052352905273438 311.56561279296875 30.221519470214844
15.293291091918945 388.7724609375 146.03900146484375 558.6173706054688
