247.565673828125 1673.94140625 404.1372375488281 1917.1923828125
752.8628540039062 1674.474609375 1073.872314453125 1918.296630859375
244.5853271484375 1089.781982421875 410.72064208984375 1330.9969482421875
814.4778442382812 1091.5743408203125 1009.4889526367188 1337.9051513671875
851.8469848632812 503.4134521484375 973.7007446289062 746.233642578125
225.12619018554688 466.8246154785156 431.6592102050781 747.3401489257812
239.24148559570312 466.8246154785156 419.1737060546875 830.1029663085938
225.12619018554688 510.00701904296875 431.6592102050781 747.3401489257812
239.40072631835938 1637.59375 417.7690124511719 1917.1923828125
239.40072631835938 1637.59375 417.7690124511719 2001.078857421875
239.40072631835938 1637.59375 417.7690124511719 2001.6234130859375
814.4778442382812 1052.38232421875 1009.4889526367188 1337.9051513671875
824.1162719726562 1052.38232421875 1002.4119262695312 1416.49365234375
239.77293395996094 1051.16064453125 417.930908203125 1330.9969482421875
239.77293395996094 1051.16064453125 417.930908203125 1417.3173828125
752.8628540039062 1637.7255859375 1073.872314453125 1918.296630859375
824.5888671875 466.7784729003906 1002.4357299804688 746.233642578125
824.5888671875 466.7784729003906 1002.4357299804688 829.8706665039062
657.8670654296875 980.856689453125 1171.50927734375 1492.4661865234375
71.30903625488281 397.1152038574219 585.990478515625 908.4451293945312
72.18309020996094 1564.98388671875 584.9222412109375 2080.750244140625
247.565673828125 1868.1832275390625 404.1372375488281 1917.1923828125
658.1559448242188 396.7847595214844 1171.6463623046875 908.4702758789062
72.02039337158203 980.0117797851562 585.4435424804688 1492.87890625
658.075439453125 1565.817138671875 1171.9033203125 2079.53955078125
814.4778442382812 1282.7069091796875 1009.4889526367188 1337.9051513671875
112.11726379394531 44.37373352050781 192.67355346679688 87.99932098388672
244.5853271484375 1281.9278564453125 410.72064208984375 1330.9969482421875
225.12619018554688 696.9473266601562 431.6592102050781 747.3401489257812
823.6195678710938 1051.5079345703125 1002.7890625 1228.3572998046875
824.3255004882812 1637.1767578125 1003.17578125 1814.6937255859375
239.5131378173828 1050.9990234375 418.34490966796875 1229.00537109375
851.8469848632812 697.5227661132812 973.7007446289062 746.233642578125
833.1727905273438 782.24462890625 996.988525390625 829.8706665039062
239.2652130126953 1637.114990234375 418.2250671386719 1814.2598876953125
853.1700439453125 2491.279541015625 910.6248168945312 2548.567626953125
239.20828247070312 466.1202392578125 419.5772705078125 644.9144897460938
283.8526306152344 1673.94140625 376.402099609375 1774.1534423828125
74.79425048828125 203.32374572753906 292.0133056640625 268.732421875
970.2825317382812 47.8934211730957 1032.2869873046875 90.65093994140625
824.2618408203125 466.271484375 1002.8483276367188 644.69775390625
550.7816772460938 2445.67578125 697.205322265625 2592.11962890625
1087.5489501953125 2492.361328125 1143.8797607421875 2548.145263671875
863.8938598632812 1674.474609375 966.6022338867188 1779.1490478515625
752.8628540039062 1866.3538818359375 1073.872314453125 1918.296630859375
1067.1485595703125 191.63197326660156 1155.444091796875 299.3311767578125
255.7122039794922 1366.3631591796875 406.0467529296875 1417.3173828125
296.1766662597656 1951.408203125 405.56695556640625 2001.078857421875
288.36236572265625 1089.781982421875 371.6812438964844 1185.6324462890625
1051.5203857421875 180.08978271484375 1167.7113037109375 304.8320617675781
250.33987426757812 782.2675170898438 410.7147521972656 830.1029663085938
862.8235473632812 1091.5743408203125 967.0064697265625 1184.5345458984375
870.3427734375 503.4134521484375 960.5617065429688 601.2967529296875
239.24148559570312 466.8246154785156 419.1737060546875 643.8651123046875
839.2116088867188 1366.28515625 989.716064453125 1416.49365234375
288.6166687011719 510.00701904296875 372.32470703125 599.075439453125
77.52739715576172 1.0930774211883545 223.9941864013672 127.37918853759766
239.40072631835938 1637.59375 417.7690124511719 1813.47607421875
824.1162719726562 1052.38232421875 1002.4119262695312 1227.5062255859375
239.77293395996094 1051.16064453125 417.930908203125 1227.7974853515625
824.5435180664062 1637.7255859375 1002.691162109375 1813.692138671875
824.5888671875 466.7784729003906 1002.4357299804688 643.530517578125
1117.62109375 52.19884490966797 1183.2327880859375 84.10548400878906
256.49200439453125 1950.8668212890625 406.1795654296875 2001.6234130859375
2.5279042720794678 2304.9912109375 1240.81005859375 2686.6640625
69.73917388916016 398.7914733886719 587.1744995117188 907.008544921875
68.8758316040039 1565.8509521484375 587.8260498046875 2078.6884765625
