24.61924171447754 523.428466796875 107.13578796386719 629.7587890625
122.9651107788086 589.7250366210938 351.3857116699219 630.0144653320312
60.94194412231445 104.07372283935547 313.14215087890625 118.2885513305664
195.54583740234375 467.79656982421875 296.01025390625 499.852294921875
95.03926086425781 741.674560546875 129.79708862304688 787.0007934570312
315.8502502441406 15.317294120788574 330.82977294921875 29.06153106689453
122.93529510498047 525.5103149414062 336.95697021484375 543.1210327148438
23.525192260742188 185.8299102783203 188.47605895996094 570.186767578125
321.226806640625 742.0531616210938 354.3075256347656 787.1768188476562
22.058734893798828 467.5395202636719 101.16820526123047 499.93878173828125
233.817138671875 744.429931640625 290.82525634765625 787.7909545898438
22.2143611907959 742.1774291992188 52.92526626586914 786.9461669921875
203.9324493408203 359.7403259277344 351.4084167480469 400.17279052734375
293.1917724609375 16.169322967529297 311.5426940917969 30.104976654052734
171.48019409179688 741.7056274414062 203.6549072265625 787.7275390625
304.12249755859375 467.55377197265625 374.8104248046875 499.85272216796875
24.543928146362305 0.31155627965927124 70.95609283447266 40.149864196777344
24.663244247436523 645.2533569335938 106.67021179199219 729.2024536132812
24.685544967651367 645.3073120117188 106.70764923095703 728.9125366210938
213.03114318847656 603.3203735351562 263.7875671386719 692.8407592773438
23.567352294921875 185.37452697753906 188.52906799316406 400.3540954589844
203.48341369628906 253.7058868408203 320.8894348144531 332.7901916503906
122.7892837524414 675.0912475585938 188.97901916503906 695.70263671875
201.96139526367188 556.7691650390625 272.2470703125 571.6697998046875
336.655517578125 16.881380081176758 357.89093017578125 28.065664291381836
203.90655517578125 185.17959594726562 289.7162780761719 206.09852600097656
107.33041381835938 77.17041778564453 266.2366027832031 98.41927337646484
23.774038314819336 144.8498992919922 162.0982666015625 164.25808715820312
204.44395446777344 215.76126098632812 348.8658142089844 232.93109130859375
200.8484344482422 679.62109375 210.1645965576172 691.4454345703125
122.82278442382812 553.0625 189.0423126220703 573.9549560546875
24.663654327392578 523.306884765625 107.08770751953125 629.8328247070312
123.07671356201172 603.3203735351562 269.2749328613281 664.4784545898438
