343.3739013671875 1518.565673828125 404.4103698730469 1598.1048583984375
116.57537841796875 1574.1737060546875 174.07647705078125 1596.562744140625
555.528564453125 646.4701538085938 713.1454467773438 693.7449340820312
126.05755615234375 1298.9041748046875 216.66265869140625 1327.1922607421875
126.22621154785156 1021.2415161132812 204.88082885742188 1050.9737548828125
564.8734130859375 1572.9688720703125 644.966064453125 1598.3045654296875
343.3739013671875 1573.59423828125 404.4103698730469 1598.1048583984375
126.44060516357422 927.362548828125 210.387939453125 957.1813354492188
40.38330841064453 1386.226806640625 131.5715789794922 1480.746826171875
81.94743347167969 492.4085693359375 232.5080108642578 540.8209228515625
593.6665649414062 25.827590942382812 624.1625366210938 54.03243637084961
435.2404479980469 1115.2957763671875 477.63446044921875 1138.8914794921875
269.98211669921875 492.7070007324219 420.6036376953125 540.2898559570312
435.3654479980469 745.8465576171875 477.3753662109375 768.1025390625
435.49493408203125 1298.672119140625 477.68536376953125 1322.3343505859375
126.166015625 1114.6527099609375 172.00057983398438 1142.25390625
264.6976623535156 135.02720642089844 484.03143310546875 171.99745178222656
27.6622257232666 23.569660186767578 93.6808853149414 51.8419189453125
126.46182250976562 651.1678466796875 249.2645721435547 680.959228515625
435.80206298828125 929.166259765625 477.3465270996094 952.979736328125
339.8285827636719 504.74755859375 383.92376708984375 526.3134765625
126.22320556640625 744.0568237304688 352.9685974121094 775.2817993164062
95.08662414550781 322.3367919921875 158.9823455810547 363.58685302734375
40.393672943115234 1386.2393798828125 131.38160705566406 1480.242919921875
458.48455810546875 492.6983337402344 671.036376953125 540.3980102539062
526.0883178710938 386.46185302734375 602.4498291015625 412.0633850097656
630.5204467773438 1421.654296875 662.0072021484375 1445.2479248046875
675.4720458984375 135.25643920898438 713.1486206054688 173.68338012695312
85.11820220947266 276.3064270019531 261.7411804199219 453.1149597167969
301.64599609375 277.97125244140625 421.5760192871094 316.2377624511719
521.4762573242188 503.2328186035156 646.3491821289062 525.8394775390625
39.719112396240234 238.3954315185547 715.8322143554688 577.8997802734375
675.1256103515625 27.53411102294922 717.4878540039062 50.224796295166016
353.33953857421875 1518.565673828125 394.6321716308594 1563.9638671875
126.75594329833984 834.958740234375 365.25823974609375 866.1530151367188
40.09981918334961 826.9164428710938 84.00434112548828 871.784423828125
301.3245849609375 338.1544494628906 522.0858764648438 365.1443176269531
117.46261596679688 642.4430541992188 263.4105529785156 700.85546875
126.14177703857422 1206.04345703125 332.43511962890625 1235.7769775390625
39.78033447265625 643.070556640625 84.35108184814453 688.1063842773438
633.7320556640625 25.56005859375 663.8579711914062 51.961910247802734
39.877201080322266 1013.5521850585938 83.88285064697266 1058.2744140625
85.76634979248047 277.3529968261719 261.39276123046875 452.8111572265625
251.306884765625 114.98920440673828 498.68505859375 195.28573608398438
