93.77611541748047 840.9354248046875 152.45945739746094 912.6008911132812
1.8146471977233887 2164.968017578125 1177.6541748046875 2414.53857421875
528.122314453125 60.27281188964844 651.3829345703125 111.98121643066406
188.33409118652344 1614.3487548828125 380.32806396484375 1677.510498046875
203.28964233398438 1911.8212890625 976.3662719726562 1958.44482421875
304.9228820800781 1807.8416748046875 871.7872314453125 1856.79443359375
95.40886688232422 264.35150146484375 151.5582733154297 338.9367980957031
188.44210815429688 1039.029541015625 411.1256103515625 1101.1627197265625
189.54107666015625 271.4702453613281 843.7665405273438 329.085205078125
189.98077392578125 1231.6353759765625 389.1218566894531 1287.1768798828125
87.32681274414062 1608.31640625 156.9894256591797 1682.760009765625
86.09668731689453 468.08953857421875 157.904296875 519.0902709960938
998.5750732421875 69.30253601074219 1132.3250732421875 115.42233276367188
190.15267944335938 463.82366943359375 323.114013671875 518.46337890625
85.76618194580078 1032.1092529296875 158.67669677734375 1107.4564208984375
188.15264892578125 845.4141235351562 509.9521789550781 906.37890625
90.47354125976562 1416.3052978515625 155.10470581054688 1492.8262939453125
188.3586883544922 656.7025756835938 610.1094970703125 714.9844970703125
85.54373931884766 1222.288330078125 158.761474609375 1297.212890625
188.5880126953125 1422.3515625 592.3446655273438 1482.4761962890625
