206.90484619140625 233.4996795654297 242.69374084472656 282.2626647949219
54.168983459472656 224.31222534179688 93.54428100585938 282.4671325683594
15.852394104003906 224.31222534179688 97.64317321777344 437.2244873046875
206.19412231445312 224.842041015625 245.35791015625 282.2626647949219
136.98043823242188 53.789974212646484 237.98960876464844 204.2421417236328
115.31727600097656 53.789974212646484 256.3632507324219 183.47618103027344
282.33154296875 224.75331115722656 321.8452453613281 282.3797912597656
130.32362365722656 224.6053009033203 169.9964141845703 282.4642028808594
287.1678771972656 234.088623046875 315.3689880371094 282.3797912597656
15.638784408569336 678.563720703125 108.08536529541016 696.2681884765625
15.769553184509277 636.3851318359375 67.48703002929688 650.100341796875
206.90484619140625 269.01300048828125 242.69374084472656 282.2626647949219
57.19929122924805 269.08160400390625 88.67100524902344 282.4671325683594
15.972867965698242 731.3215942382812 140.517578125 750.1943969726562
15.712486267089844 480.7635803222656 107.44359588623047 495.0283203125
132.7843017578125 269.0089111328125 164.2451629638672 282.4642028808594
15.765057563781738 522.43994140625 181.6353759765625 540.6504516601562
15.700509071350098 575.4249877929688 109.34175872802734 594.28955078125
287.1678771972656 269.6044921875 315.3689880371094 282.3797912597656
148.9423370361328 188.3668670654297 221.71080017089844 204.2421417236328
15.873448371887207 367.8118591308594 56.98935317993164 386.60382080078125
15.852394104003906 419.9689025878906 97.64317321777344 437.2244873046875
327.23883056640625 724.1680908203125 358.9992980957031 755.618896484375
15.962580680847168 783.2761840820312 57.074737548828125 800.080078125
33.820220947265625 14.91882610321045 60.16911315917969 30.327682495117188
327.3521423339844 568.3043823242188 358.9624328613281 599.267578125
206.07252502441406 224.6716766357422 245.51914978027344 264.26776123046875
115.31727600097656 159.02078247070312 256.3632507324219 183.47618103027344
15.966053009033203 315.9053649902344 55.20805358886719 332.8740539550781
282.22222900390625 224.55426025390625 322.0072937011719 264.6650695800781
327.4991149902344 515.6215209960938 358.9503173828125 547.4216918945312
130.1888427734375 224.52822875976562 170.12554931640625 264.3376770019531
218.20228576660156 233.4996795654297 234.04779052734375 254.6916961669922
335.28851318359375 364.2416076660156 358.3152770996094 388.5838623046875
317.5229797363281 679.9743041992188 337.9549865722656 695.6700439453125
334.5772399902344 311.829833984375 359.6327819824219 337.2305908203125
54.168983459472656 224.31222534179688 93.54428100585938 264.4078674316406
120.91688537597656 796.84228515625 255.49940490722656 803.935302734375
206.19412231445312 224.842041015625 245.35791015625 264.04779052734375
54.09495162963867 224.27664184570312 93.67794036865234 264.53753662109375
136.98043823242188 53.789974212646484 237.98960876464844 153.3091278076172
282.33154296875 224.75331115722656 321.8452453613281 264.3990173339844
293.2974853515625 16.18180274963379 311.5702819824219 29.971900939941406
130.32362365722656 224.6053009033203 169.9964141845703 264.057373046875
315.6458435058594 15.122342109680176 331.2034912109375 29.066673278808594
293.0896911621094 234.088623046875 310.97412109375 255.14633178710938
327.6787109375 724.858642578125 358.70220947265625 755.0503540039062
336.03009033203125 16.66944694519043 359.4876708984375 29.09397315979004
21.255596160888672 58.06819152832031 36.31718444824219 81.30990600585938
327.8637390136719 516.1075439453125 358.6671142578125 546.9232177734375
