293.2892150878906 16.311891555786133 311.5869445800781 30.01810073852539
298.6724548339844 158.6587677001953 355.4913330078125 214.61888122558594
19.81212043762207 284.07550048828125 181.0146026611328 512.8624877929688
19.896984100341797 73.14312744140625 253.2951202392578 125.98041534423828
291.7531433105469 550.1640625 331.5996398925781 565.4317626953125
220.35897827148438 747.5720825195312 243.05601501464844 769.033447265625
315.8515319824219 15.312572479248047 331.021240234375 29.189712524414062
205.25975036621094 71.60918426513672 230.47323608398438 98.15814971923828
20.175933837890625 158.876708984375 285.2126159667969 214.8834991455078
275.3075256347656 284.0000305175781 355.08074951171875 329.6473388671875
20.038007736206055 175.07205200195312 173.8544464111328 260.3648681640625
40.68606948852539 747.7802124023438 63.11072540283203 770.1968994140625
195.42312622070312 590.83447265625 356.49786376953125 731.803466796875
291.8421630859375 243.11289978027344 331.6119689941406 258.5393981933594
131.53662109375 748.1639404296875 152.38809204101562 769.5755615234375
336.3619384765625 16.585599899291992 358.83538818359375 28.60848045349121
20.669029235839844 591.3058471679688 181.5673370361328 731.6134033203125
34.824344635009766 14.866822242736816 59.36509323120117 29.479257583618164
99.81468963623047 591.2055053710938 178.57675170898438 637.0855712890625
19.421344757080078 549.3673095703125 107.77021789550781 568.6776123046875
328.9773254394531 67.98870849609375 355.5229187011719 97.13875579833984
194.97015380859375 284.21673583984375 356.19891357421875 512.8834228515625
311.6861877441406 747.8204345703125 332.63446044921875 769.7806396484375
298.8305969238281 158.58526611328125 355.4209899902344 214.9394989013672
