1047.0096435546875 46.35353469848633 1095.20556640625 86.4116439819336
74.16401672363281 204.50277709960938 404.3681335449219 281.93597412109375
970.3062133789062 47.831817626953125 1031.8914794921875 90.71979522705078
71.22993469238281 1168.22119140625 303.2939758300781 1400.206298828125
72.20071411132812 383.51031494140625 1171.9473876953125 563.6626586914062
72.94163513183594 1448.2723388671875 1172.39013671875 1677.1673583984375
334.13165283203125 2486.9541015625 397.4237365722656 2550.288330078125
71.65911865234375 613.0737915039062 1172.2978515625 839.6511840820312
302.90399169921875 1225.466796875 875.6762084960938 1562.4490966796875
112.11563873291016 44.34524154663086 192.48138427734375 88.06099700927734
550.5523071289062 2445.39306640625 697.4573364257812 2592.0400390625
1066.6014404296875 191.00506591796875 1155.7684326171875 299.3526916503906
72.14567565917969 890.1331176757812 1170.967529296875 1121.47607421875
325.6542053222656 1171.182373046875 1238.909423828125 1400.688232421875
1086.871826171875 2491.7119140625 1143.7855224609375 2547.870361328125
853.1157836914062 2490.451416015625 911.0819091796875 2550.115478515625
72.8927001953125 2005.495361328125 1171.38818359375 2237.9228515625
99.68862915039062 2486.35498046875 162.6764373779297 2552.97021484375
74.34107208251953 2285.53662109375 1169.893310546875 2392.15673828125
72.25312805175781 1727.7396240234375 1171.0948486328125 1956.3228759765625
70.97122955322266 1168.7806396484375 303.1261291503906 1399.1541748046875
