591.4312744140625 1612.9351806640625 855.8635864257812 1957.325439453125
863.0049438476562 1885.1077880859375 1130.429443359375 2293.78125
302.82232666015625 2160.347412109375 402.3647155761719 2293.603271484375
1049.7427978515625 193.47666931152344 1145.8375244140625 296.3155212402344
50.046730041503906 2163.13525390625 183.16122436523438 2294.511474609375
37.05781936645508 1886.776611328125 300.68243408203125 2294.511474609375
863.41943359375 1612.8057861328125 1129.6383056640625 1955.48779296875
65.86035919189453 1358.529052734375 200.6135711669922 1578.7308349609375
916.811279296875 924.998046875 1133.7088623046875 1032.5091552734375
984.9329833984375 2253.2138671875 1118.722412109375 2293.78125
751.682373046875 2253.02783203125 885.3092041015625 2293.822021484375
225.5733642578125 924.2183837890625 411.76220703125 1032.4893798828125
518.444091796875 2252.852294921875 651.2234497070312 2294.06982421875
50.046730041503906 2253.243408203125 183.16122436523438 2294.511474609375
36.80159378051758 924.236083984375 222.15611267089844 1032.5103759765625
609.9972534179688 330.86505126953125 818.3320922851562 401.80535888671875
302.9668273925781 2253.842041015625 401.1805725097656 2293.603271484375
414.3178405761719 924.4998779296875 601.3399047851562 1032.3934326171875
420.3371887207031 330.382568359375 591.47412109375 400.8605041503906
792.564453125 924.4193725585938 915.400390625 1032.2889404296875
269.9056091308594 330.7812194824219 403.4834289550781 401.004638671875
837.8499145507812 331.2358093261719 1043.813720703125 402.6909484863281
603.6051025390625 924.5654296875 789.881591796875 1032.1275634765625
293.2113952636719 30.950956344604492 480.8594055175781 130.60118103027344
591.5301513671875 1611.93359375 855.0239868164062 1875.3204345703125
863.1860961914062 1883.7606201171875 1130.1817626953125 2146.590087890625
587.4803466796875 428.65936279296875 859.8995971679688 657.1199340820312
723.6786499023438 55.579280853271484 846.5657958984375 105.27352142333984
311.5318603515625 1612.0755615234375 572.6526489257812 1877.086669921875
862.82080078125 1612.90087890625 1129.7586669921875 1874.933349609375
592.1646118164062 1883.6610107421875 855.5808715820312 2145.115234375
620.5789184570312 1524.140625 756.2560424804688 1578.60693359375
371.6571350097656 789.6874389648438 515.356201171875 833.2936401367188
1063.7796630859375 333.7743835449219 1167.131103515625 399.9288635253906
868.8938598632812 344.42919921875 1011.6515502929688 386.7278137207031
343.6182861328125 1708.32958984375 557.1038818359375 1747.8037109375
1049.7427978515625 256.78424072265625 1145.8375244140625 296.3155212402344
37.88023376464844 343.6912536621094 229.070556640625 388.4958801269531
70.57810974121094 1708.4671630859375 160.38340759277344 1746.6136474609375
390.3404235839844 563.1466674804688 497.03521728515625 605.4740600585938
591.4312744140625 1612.9351806640625 855.8635864257812 1874.6085205078125
645.9114379882812 561.5695190429688 787.9884033203125 605.8628540039062
75.71076202392578 954.7250366210938 182.7371826171875 999.3246459960938
591.2710571289062 1495.2841796875 1130.5126953125 1608.6416015625
310.6688232421875 1885.801025390625 572.77978515625 2146.34912109375
957.3856201171875 562.240478515625 1029.98095703125 605.2703857421875
946.5771484375 954.8410034179688 1087.3946533203125 999.789794921875
863.3680419921875 659.2928466796875 1133.2974853515625 773.4286499023438
922.3890991210938 194.0319366455078 1015.1834106445312 285.20782470703125
311.3116149902344 660.0372924804688 584.7210083007812 887.1937866210938
525.8068237304688 55.537803649902344 649.1663208007812 105.44336700439453
124.17505645751953 213.10914611816406 292.6667785644531 264.95001220703125
623.2308959960938 954.6635131835938 768.0001220703125 999.2144775390625
336.41839599609375 1911.2904052734375 419.4702453613281 1956.4678955078125
65.86035919189453 1524.7216796875 200.6135711669922 1578.7308349609375
434.33465576171875 954.777099609375 577.6260986328125 998.3500366210938
927.310791015625 430.44549560546875 1065.7457275390625 466.36322021484375
450.9888610839844 342.9517517089844 560.381103515625 388.4232482910156
626.14794921875 1709.3118896484375 684.4109497070312 1749.4656982421875
767.5294799804688 1363.35009765625 1090.863037109375 1411.1583251953125
40.37689208984375 1067.76513671875 1136.362060546875 1291.34912109375
118.2731704711914 790.2709350585938 223.61703491210938 833.5135498046875
361.230712890625 213.36920166015625 627.0285034179688 263.7282409667969
115.93404388427734 563.1826782226562 225.5189666748047 606.0380859375
37.70226287841797 186.14410400390625 319.02825927734375 296.2533264160156
37.60315704345703 429.8155822753906 309.4398193359375 657.8490600585938
311.96441650390625 429.0284729003906 584.9661254882812 657.4816284179688
333.8321838378906 1637.3226318359375 417.82415771484375 1685.1474609375
160.25439453125 1362.186279296875 299.3040771484375 1416.8055419921875
664.52294921875 790.4224853515625 771.62890625 832.2626953125
336.69757080078125 1361.4561767578125 576.8746948242188 1416.500244140625
617.7431030273438 1911.0341796875 743.2161254882812 1957.325439453125
684.9100341796875 25.428647994995117 881.3449096679688 135.8412628173828
641.1707153320312 342.6954650878906 787.1304931640625 388.7409362792969
39.02147674560547 186.70269775390625 1022.7523193359375 296.19683837890625
1008.13037109375 807.9630737304688 1078.631103515625 852.2913208007812
833.0073852539062 955.2003173828125 906.3308715820312 997.96240234375
63.72748565673828 1912.1077880859375 144.63961791992188 1957.0916748046875
587.5737915039062 659.772705078125 859.2540893554688 887.0442504882812
37.80876922607422 1612.38427734375 301.4549865722656 1877.005615234375
263.7422790527344 954.3880004882812 372.06524658203125 999.343017578125
863.0049438476562 1885.1077880859375 1130.429443359375 2145.742919921875
36.3299674987793 428.98419189453125 310.3692321777344 888.1077880859375
981.7314453125 689.6337280273438 1048.433349609375 735.0748291015625
167.63485717773438 1146.960693359375 713.1467895507812 1228.453857421875
908.4367065429688 804.8489379882812 1078.786865234375 854.6389770507812
302.82232666015625 2160.347412109375 402.3647155761719 2240.827392578125
862.2186889648438 426.4206848144531 1132.938720703125 658.1210327148438
891.6666259765625 1640.39013671875 970.873291015625 1682.32373046875
36.72624206542969 1884.94482421875 300.9225158691406 2147.82666015625
1062.39599609375 193.47666931152344 1132.2125244140625 245.8844451904297
116.93421173095703 663.5689086914062 228.57464599609375 697.6119995117188
483.31402587890625 1104.103759765625 624.7406005859375 1139.8480224609375
908.661376953125 809.5988159179688 980.2708740234375 852.2833251953125
301.3927307128906 344.6557312011719 369.1339416503906 385.60791015625
267.15179443359375 1105.133544921875 469.41650390625 1141.7115478515625
310.62646484375 1887.20458984375 573.1336669921875 2145.80419921875
159.37469482421875 1360.5733642578125 577.8944091796875 1418.31982421875
491.4927062988281 28.920692443847656 677.5443115234375 135.6529998779297
37.590553283691406 658.6666870117188 308.4554443359375 887.8355102539062
922.6719970703125 195.92393493652344 1013.3001098632812 284.36920166015625
38.28395080566406 1496.8109130859375 574.404541015625 1604.64111328125
59.7254753112793 2163.13525390625 160.9803009033203 2243.145751953125
891.2124633789062 1913.9354248046875 971.2064819335938 1955.48779296875
37.05781936645508 1886.776611328125 300.68243408203125 2147.292236328125
862.18505859375 658.7777099609375 1134.6082763671875 887.8868408203125
908.7279052734375 427.283935546875 1088.5919189453125 471.37518310546875
61.653648376464844 1637.6177978515625 141.42713928222656 1683.8232421875
863.41943359375 1612.8057861328125 1129.6383056640625 1873.749755859375
81.60010528564453 1358.529052734375 143.7977294921875 1419.8974609375
489.9650573730469 28.213403701782227 677.9293212890625 135.3372039794922
592.0653686523438 1885.2232666015625 856.0505981445312 2144.42919921875
37.59523391723633 658.6580810546875 308.4538879394531 887.8089599609375
1095.5811767578125 346.580078125 1162.9085693359375 385.7254333496094
309.8096618652344 1222.7113037109375 560.6073608398438 1256.10888671875
265.6523132324219 1103.9228515625 625.17333984375 1142.24658203125
873.0711669921875 2.004800796508789 1119.2647705078125 174.74488830566406
