591.8347778320312 1666.7850341796875 1154.172607421875 2265.663818359375
591.8347778320312 1666.7850341796875 1154.172607421875 2265.447509765625
36.999107360839844 1709.5496826171875 552.3690795898438 2266.508544921875
36.999107360839844 1709.5496826171875 552.3690795898438 2268.71826171875
309.5038146972656 401.56121826171875 550.7971801757812 507.6705017089844
571.6691284179688 401.5646667480469 894.4583129882812 508.2301330566406
37.92405319213867 1708.4642333984375 552.8012084960938 2136.426513671875
48.89369201660156 401.3504333496094 290.0792541503906 507.7367248535156
454.4228515625 2185.300048828125 716.2088012695312 2291.143798828125
100.15989685058594 1435.525390625 252.02928161621094 1475.46240234375
270.5191345214844 2209.5361328125 374.6793212890625 2266.508544921875
679.27001953125 1501.9512939453125 827.0164184570312 1540.62060546875
913.6038818359375 1154.06298828125 1012.7620239257812 1194.46533203125
104.74653625488281 1344.0806884765625 413.3124694824219 1396.293212890625
795.2403564453125 2207.65380859375 899.8734130859375 2265.663818359375
256.1912841796875 1650.4586181640625 307.7748718261719 1682.2744140625
85.85246276855469 2207.466064453125 191.01446533203125 2268.71826171875
978.5311889648438 2207.600830078125 1083.592041015625 2265.447509765625
484.3788146972656 716.1065063476562 564.2182006835938 746.2407836914062
423.470947265625 1952.6693115234375 463.271484375 2025.46142578125
408.75531005859375 1896.478271484375 480.3077087402344 1922.0159912109375
590.8282470703125 556.603515625 1161.0753173828125 1313.7916259765625
394.48382568359375 1654.6253662109375 524.7694702148438 1686.790283203125
615.3717651367188 1344.3038330078125 1094.0013427734375 1465.795166015625
591.8882446289062 1665.184326171875 1155.97802734375 2166.803466796875
930.1858520507812 73.16712951660156 988.8590087890625 149.88372802734375
622.63134765625 650.6810913085938 1118.7357177734375 789.8424072265625
33.9859619140625 1238.1612548828125 194.86204528808594 1289.405029296875
914.9488525390625 401.5179138183594 1168.7861328125 508.6932373046875
148.87730407714844 1896.3095703125 184.71836853027344 1953.122802734375
161.913330078125 429.7437744140625 246.90052795410156 478.915283203125
87.65176391601562 1544.1680908203125 200.14398193359375 1581.0390625
226.1046905517578 227.2405548095703 421.0523376464844 349.6278076171875
34.965118408203125 1427.5941162109375 90.41466522216797 1483.5654296875
787.3550415039062 1212.1282958984375 962.2643432617188 1263.175048828125
614.0388793945312 1492.2183837890625 669.313720703125 1547.542236328125
12.637574195861816 556.5714721679688 580.6941528320312 1314.4986572265625
50.31343078613281 53.74378967285156 870.3685302734375 175.3106689453125
424.573486328125 429.9100646972656 506.9876708984375 479.2726745605469
413.9479064941406 1432.847900390625 544.2802734375 1479.0948486328125
231.95323181152344 2173.33935546875 414.6402587890625 2294.86474609375
209.48800659179688 1246.7578125 400.7462158203125 1281.79150390625
50.914024353027344 251.45050048828125 190.94862365722656 328.0401611328125
618.1865234375 1412.1278076171875 884.2196044921875 1464.1927490234375
418.8580627441406 218.7970733642578 631.1580200195312 353.29315185546875
454.76898193359375 2186.35888671875 715.9320068359375 2290.291748046875
894.1989135742188 42.911869049072266 1022.5333862304688 181.9475555419922
591.8347778320312 1666.7850341796875 1154.172607421875 2165.18896484375
458.0246887207031 251.4177703857422 598.4229736328125 327.546875
13.696728706359863 556.4234619140625 580.108154296875 750.2949829101562
42.40707778930664 1342.45947265625 81.916748046875 1396.724365234375
36.999107360839844 1709.5496826171875 552.3690795898438 2134.384033203125
1045.525390625 57.1589469909668 1135.07763671875 141.6608428955078
401.4914855957031 1597.36181640625 514.0756225585938 1622.0404052734375
35.482303619384766 224.5760040283203 221.90756225585938 355.8831481933594
840.73779296875 1345.3541259765625 1091.9697265625 1397.8037109375
617.6299438476562 1346.7852783203125 809.9989624023438 1398.0771484375
