181.72076416015625 1712.924560546875 394.2947082519531 1775.88330078125
180.75750732421875 632.9039916992188 394.2993469238281 696.351806640625
182.2641143798828 1351.4771728515625 394.9464416503906 1415.0081787109375
48.20525360107422 459.11090087890625 239.85182189941406 514.615478515625
179.91647338867188 2067.513916015625 341.1106872558594 2129.34912109375
63.06572341918945 2234.433837890625 131.84039306640625 2320.311767578125
61.405738830566406 1158.5343017578125 129.82786560058594 1250.750244140625
179.69747924804688 1173.6005859375 287.2182922363281 1234.0260009765625
179.5850067138672 992.1107788085938 396.0069580078125 1055.85546875
52.26859664916992 1525.86572265625 140.15667724609375 1602.2069091796875
47.498687744140625 1702.0806884765625 287.1747131347656 1949.162109375
60.965248107910156 2057.207763671875 128.52452087402344 2140.63134765625
49.19902801513672 296.3130798339844 482.8306884765625 378.7974548339844
286.3251953125 65.1301040649414 448.03948974609375 145.4560546875
1057.4130859375 635.92919921875 1114.379638671875 694.9052734375
925.1376342773438 443.7827453613281 1121.4749755859375 529.97412109375
66.97116088867188 980.1719360351562 129.64691162109375 1067.7403564453125
66.56827545166016 624.0779418945312 128.3106231689453 703.9180297851562
181.79624938964844 2247.16064453125 395.5408935546875 2310.905029296875
179.75042724609375 1533.0045166015625 394.62158203125 1595.8685302734375
1027.1595458984375 191.78094482421875 1120.9935302734375 286.3529357910156
62.65007019042969 1341.8907470703125 129.2554931640625 1426.9578857421875
180.09690856933594 812.533203125 394.5673522949219 874.2066650390625
60.83920669555664 799.8042602539062 131.7717742919922 884.2715454101562
