244.95465087890625 1534.185546875 451.0337829589844 1663.61865234375
21.278825759887695 1542.5904541015625 228.5470428466797 1663.10986328125
902.3936767578125 2138.068115234375 1024.7196044921875 2320.646728515625
61.082096099853516 856.9122314453125 477.1087341308594 934.2637939453125
790.3675537109375 1810.6927490234375 1109.538330078125 1947.2996826171875
333.1395568847656 2171.547119140625 452.9194641113281 2296.415771484375
614.645751953125 857.5932006835938 754.478759765625 932.6033325195312
61.88691711425781 687.5299072265625 720.7354125976562 757.9915771484375
501.1373291015625 2143.951904296875 667.0531616210938 2329.02783203125
150.3238525390625 1355.7357177734375 329.20257568359375 1407.5750732421875
57.06843566894531 81.4843978881836 183.1963348388672 207.64492797851562
468.81121826171875 1532.2486572265625 695.74951171875 1665.113037109375
692.1240844726562 2143.839599609375 865.0518798828125 2324.823974609375
438.3301696777344 1733.831298828125 730.7052612304688 2026.5999755859375
61.52893829345703 1811.2122802734375 379.4393615722656 1947.5467529296875
1049.1392822265625 2191.47705078125 1099.6446533203125 2245.816162109375
347.42108154296875 1326.1094970703125 585.1461791992188 1433.4893798828125
942.1423950195312 1531.28955078125 1164.8204345703125 1676.7784423828125
227.67919921875 76.53237915039062 805.0514526367188 136.83056640625
1002.0186157226562 1326.7271728515625 1110.32421875 1434.8809814453125
718.4227905273438 1533.76220703125 929.436279296875 1666.5009765625
59.36779022216797 989.4464721679688 932.8853149414062 1060.987548828125
228.48965454101562 178.27708435058594 537.0968627929688 288.2272644042969
