256.7270202636719 16.102102279663086 358.8837585449219 181.07479858398438
320.8865966796875 150.0312042236328 358.9893493652344 161.9794158935547
333.75970458984375 641.6867065429688 358.6115417480469 653.6036376953125
137.8275604248047 218.21844482421875 236.03053283691406 232.998291015625
123.32388305664062 709.9949951171875 249.6890106201172 725.349853515625
220.17138671875 742.0404663085938 247.6919708251953 776.3925170898438
279.9311828613281 309.8465270996094 360.161865234375 425.3783264160156
128.87832641601562 742.301025390625 151.66384887695312 776.4625244140625
15.522930145263672 278.3385314941406 101.12218475341797 293.977783203125
316.0063781738281 278.3697814941406 358.23077392578125 292.9610595703125
201.56927490234375 710.1949462890625 249.3984375 725.4647216796875
15.414138793945312 309.7966003417969 96.05093383789062 425.50439453125
32.55150604248047 740.6918334960938 60.94593048095703 776.4449462890625
15.746970176696777 632.0468139648438 48.11885070800781 662.7208251953125
55.888328552246094 640.0546875 158.90081787109375 654.9306030273438
314.4750671386719 739.4869384765625 341.56982421875 776.567138671875
114.85227966308594 326.2631530761719 258.6578063964844 469.8572692871094
15.883977890014648 166.99607849121094 43.30628967285156 180.6944122314453
26.03760528564453 0.24696028232574463 73.29723358154297 42.47483444213867
191.84249877929688 309.6401062011719 272.0337829589844 425.3273620605469
16.196083068847656 115.2265625 272.31256103515625 134.34754943847656
15.503682136535645 563.3536376953125 48.060062408447266 596.6484375
103.93122100830078 309.8800354003906 184.08245849609375 425.34503173828125
15.908733367919922 150.07406616210938 40.94244384765625 161.13458251953125
316.083984375 514.4015502929688 358.1726379394531 528.9143676757812
142.99114990234375 64.7222671508789 231.4480438232422 87.25920104980469
55.91071319580078 571.5496215820312 185.18435668945312 588.5419921875
15.551799774169922 336.12127685546875 105.63421630859375 529.4022827148438
