53.68577575683594 1638.921630859375 110.58906555175781 1714.2401123046875
553.7509765625 1639.1734619140625 606.5204467773438 1713.900634765625
207.61947631835938 1638.53662109375 289.4965515136719 1714.9156494140625
731.3773193359375 1178.1085205078125 803.742431640625 1286.9129638671875
725.6638793945312 1637.7537841796875 764.1312255859375 1714.089599609375
730.8553466796875 1338.848388671875 801.67724609375 1441.7464599609375
371.1621398925781 1641.8753662109375 456.790771484375 1700.5989990234375
207.61947631835938 1690.6309814453125 289.4965515136719 1714.9156494140625
53.68577575683594 1691.063720703125 110.58906555175781 1714.2401123046875
264.66033935546875 115.27548217773438 401.7008972167969 150.8506622314453
731.8497314453125 1412.336669921875 801.0623779296875 1441.7464599609375
21.156492233276367 1407.1619873046875 570.7276000976562 1542.1514892578125
67.982666015625 1567.4847412109375 434.61138916015625 1602.0150146484375
57.3660774230957 1638.921630859375 106.21371459960938 1683.88525390625
445.4845275878906 113.13117218017578 570.7921752929688 147.22279357910156
744.5643310546875 1257.929931640625 790.2615966796875 1286.9129638671875
78.42354583740234 27.366703033447266 129.97219848632812 58.49241256713867
558.2930297851562 1639.1734619140625 600.8410034179688 1681.4759521484375
729.969970703125 1690.5806884765625 761.8836669921875 1714.089599609375
750.2464599609375 32.58774185180664 796.0455932617188 55.12534713745117
226.4862518310547 1638.53662109375 269.76580810546875 1681.97412109375
725.7326049804688 1102.4757080078125 810.5988159179688 1133.0374755859375
712.3378295898438 1502.169921875 812.7977905273438 1605.480224609375
731.3773193359375 1178.1085205078125 803.742431640625 1245.322021484375
725.6638793945312 1637.7537841796875 764.1312255859375 1683.073486328125
553.7509765625 1691.29150390625 606.5204467773438 1713.900634765625
646.8546752929688 30.92142105102539 687.7546997070312 58.42108917236328
730.8553466796875 1338.848388671875 801.67724609375 1397.536376953125
372.4253845214844 1643.215576171875 455.3289794921875 1699.181884765625
351.90008544921875 1629.970947265625 478.2825012207031 1717.0211181640625
541.5578002929688 1628.885986328125 623.0126342773438 1732.6151123046875
185.90383911132812 1630.5548095703125 306.53369140625 1736.5018310546875
24.14592933654785 1464.20849609375 568.8955688476562 1539.437255859375
