59.01578140258789 18.461814880371094 349.6899108886719 200.4129638671875
60.054378509521484 639.5538330078125 349.7357482910156 751.2076416015625
59.01578140258789 57.615501403808594 349.6899108886719 200.4129638671875
131.13775634765625 456.0163269042969 176.54531860351562 509.06805419921875
59.41761779785156 456.0163269042969 348.2486267089844 624.092041015625
57.78025436401367 456.0163269042969 349.7226867675781 625.9321899414062
60.054378509521484 637.369384765625 349.7357482910156 751.2076416015625
65.62943267822266 637.369384765625 177.2113800048828 690.5512084960938
59.41761779785156 458.546142578125 348.2486267089844 624.092041015625
57.78025436401367 458.546142578125 349.7226867675781 625.9321899414062
69.81459045410156 638.9166259765625 120.82582092285156 689.7933349609375
60.054378509521484 638.9166259765625 349.7357482910156 751.2076416015625
65.62943267822266 638.9166259765625 177.2113800048828 690.5512084960938
60.054378509521484 638.1614990234375 349.7357482910156 751.2076416015625
59.56428909301758 638.1614990234375 89.66878509521484 725.1868896484375
59.74138259887695 457.2661437988281 129.0729522705078 560.4241943359375
59.41761779785156 457.2661437988281 348.2486267089844 624.092041015625
57.78025436401367 457.2661437988281 349.7226867675781 625.9321899414062
70.00349426269531 457.98052978515625 120.3270263671875 508.732421875
59.74138259887695 457.98052978515625 129.0729522705078 560.4241943359375
59.41761779785156 457.98052978515625 348.2486267089844 624.092041015625
57.78025436401367 457.98052978515625 349.7226867675781 625.9321899414062
25.939565658569336 770.3618774414062 51.506202697753906 794.088134765625
59.01578140258789 145.3732452392578 349.6899108886719 200.4129638671875
15.627153396606445 707.5184936523438 51.731204986572266 744.6756591796875
70.00349426269531 495.7273254394531 120.3270263671875 508.732421875
104.42562103271484 768.2376098632812 128.82101440429688 792.8690795898438
15.986135482788086 119.30160522460938 52.42524337768555 156.6043243408203
311.96783447265625 18.461814880371094 328.9358215332031 32.749725341796875
319.6912841796875 711.46240234375 344.89202880859375 724.2106323242188
170.7694091796875 639.5538330078125 189.34307861328125 657.8348388671875
69.81459045410156 676.9208374023438 120.82582092285156 689.7933349609375
179.74154663085938 57.615501403808594 209.92962646484375 93.47239685058594
13.907608985900879 664.442626953125 29.93944549560547 681.169189453125
15.920369148254395 542.0423583984375 52.41771697998047 579.175537109375
59.43056869506836 121.00012969970703 129.4881591796875 137.6356964111328
33.33570098876953 655.2174682617188 54.354156494140625 676.2196655273438
135.0216064453125 456.0163269042969 152.93858337402344 478.6150207519531
33.509300231933594 474.2160339355469 54.24751663208008 495.03985595703125
134.70864868164062 637.369384765625 153.20492553710938 659.6251831054688
13.961844444274902 483.2948913574219 30.3033390045166 500.2700500488281
29.2329044342041 678.9775390625 42.48242950439453 692.5753784179688
59.74138259887695 544.4658203125 129.0729522705078 560.4241943359375
60.054378509521484 734.2847900390625 349.7357482910156 751.2076416015625
29.293537139892578 497.721923828125 42.7195930480957 511.464111328125
170.9290008544922 458.546142578125 189.00929260253906 477.1539306640625
340.0216064453125 769.7109375 362.29351806640625 795.2200927734375
183.08750915527344 768.6388549804688 207.2014923095703 794.1163330078125
336.2730407714844 18.28839111328125 361.5909118652344 31.977731704711914
59.56428909301758 711.95654296875 89.66878509521484 725.1868896484375
98.49653625488281 638.9166259765625 117.98320007324219 659.5523681640625
34.30906295776367 11.334668159484863 71.56185913085938 41.24790573120117
311.33282470703125 735.130859375 349.3553161621094 749.900390625
61.2994384765625 638.1614990234375 82.62020874023438 659.0028686523438
260.496337890625 769.3074340820312 285.8583068847656 793.3092651367188
323.8544006347656 546.4855346679688 344.82989501953125 558.728759765625
324.02032470703125 123.89047241210938 344.6844482421875 135.67935180664062
28.15620994567871 0.5134263038635254 78.67790222167969 49.06086349487305
61.66455841064453 457.2661437988281 82.56765747070312 477.5948181152344
59.29713439941406 213.41822814941406 374.48431396484375 444.41180419921875
98.61692810058594 457.98052978515625 118.01155853271484 478.4530029296875
65.62943267822266 675.2618408203125 177.2113800048828 690.5512084960938
131.13775634765625 493.9286804199219 176.54531860351562 509.06805419921875
253.03944396972656 764.5610961914062 294.5121154785156 799.6312255859375
127.0086898803711 444.370361328125 161.75843811035156 482.87884521484375
161.65188598632812 444.50091552734375 200.3848419189453 483.6980895996094
59.41761779785156 568.1624145507812 348.2486267089844 624.092041015625
57.78025436401367 543.8624877929688 349.7226867675781 625.9321899414062
