194.70803833007812 1758.4708251953125 527.6439208984375 1817.61572265625
197.8272705078125 778.9027709960938 495.710693359375 835.0494384765625
195.61126708984375 1365.5406494140625 437.1574401855469 1424.4630126953125
1154.72509765625 1850.9449462890625 1386.4259033203125 1908.852294921875
195.02328491210938 2154.070556640625 486.4071960449219 2211.792236328125
194.69285583496094 2940.83251953125 333.8815612792969 2998.3203125
194.29641723632812 1931.7462158203125 588.00244140625 2043.0706787109375
196.99917602539062 1561.212646484375 756.8855590820312 1627.35205078125
1149.1610107421875 798.9656982421875 1384.306396484375 846.187255859375
901.77978515625 749.6466674804688 1095.573486328125 854.1339721679688
34.43076705932617 199.34439086914062 261.0462646484375 258.52337646484375
195.1680145263672 577.3883056640625 589.5265502929688 638.6656494140625
195.40367126464844 972.0877685546875 480.6754455566406 1031.02197265625
1234.2235107421875 2125.42919921875 1403.0521240234375 2230.277587890625
194.890380859375 382.1781005859375 338.8383483886719 438.6300048828125
194.85025024414062 1168.228515625 467.533935546875 1228.01171875
196.64540100097656 2743.185791015625 561.7611083984375 2806.024658203125
40.454750061035156 2282.321533203125 1152.0040283203125 2479.215087890625
1148.9232177734375 213.50543212890625 1258.8782958984375 274.8234558105469
1278.7945556640625 2634.8583984375 1358.671142578125 2684.752197265625
64.11978149414062 375.4622497558594 131.62791442871094 448.4836730957031
198.19461059570312 2545.968017578125 802.1226196289062 2608.201171875
37.977760314941406 1493.940185546875 1151.09814453125 1691.48388671875
66.20817565917969 1754.1451416015625 130.33226013183594 1820.767578125
196.0172119140625 2326.220703125 461.2734375 2387.7333984375
38.441463470458984 905.6185302734375 1149.8355712890625 1099.9752197265625
37.290130615234375 1101.0435791015625 1152.2158203125 1296.6097412109375
536.5994873046875 2392.810302734375 752.0596313476562 2434.8984375
45.494728088378906 2676.1279296875 1151.2255859375 2872.86474609375
194.78790283203125 2398.040771484375 338.44268798828125 2436.027587890625
61.09622573852539 2546.972412109375 133.80807495117188 2599.286376953125
40.818199157714844 1890.2135009765625 1149.6605224609375 2085.565185546875
297.98095703125 47.75819778442383 338.334716796875 98.07965850830078
60.29365921020508 2745.018798828125 134.17718505859375 2796.99267578125
5.048689842224121 2867.889404296875 1151.109375 3038.826416015625
45.10492706298828 2478.32275390625 1152.9254150390625 2676.714111328125
70.37284851074219 965.271240234375 125.62052154541016 1036.1187744140625
195.53878784179688 2001.8402099609375 550.5985717773438 2041.738525390625
38.470558166503906 512.8511962890625 1149.1854248046875 706.7539672851562
62.60859680175781 2145.8564453125 133.57791137695312 2217.2666015625
1156.0848388671875 1134.0784912109375 1387.3388671875 1186.7615966796875
901.3538208007812 751.3455200195312 1093.9212646484375 853.2691040039062
1293.2745361328125 1207.3013916015625 1396.3502197265625 1260.42724609375
998.5344848632812 759.334228515625 1087.6422119140625 846.6796875
1152.3656005859375 1096.7982177734375 1417.8345947265625 1294.58642578125
71.14046478271484 570.434814453125 125.2512435913086 641.3097534179688
35.73522186279297 1295.6744384765625 1155.2762451171875 1493.526611328125
35.936195373535156 709.5040283203125 1152.3953857421875 904.3026123046875
195.31735229492188 1933.0816650390625 589.0625610351562 1994.3096923828125
1310.7325439453125 46.79338836669922 1343.162353515625 96.35862731933594
