20.40569305419922 0.4051538407802582 75.94410705566406 45.58796310424805
38.15801239013672 659.33837890625 143.48141479492188 674.3045043945312
37.891727447509766 586.8641357421875 119.56342315673828 600.9835815429688
307.8458557128906 732.913818359375 338.27703857421875 771.710693359375
24.33362579345703 423.3268737792969 134.92958068847656 440.3411560058594
121.38726806640625 731.218505859375 158.74578857421875 772.7205810546875
336.200439453125 16.757488250732422 359.25750732421875 28.751720428466797
75.39720916748047 147.2366485595703 299.4612121582031 206.2595672607422
35.21860122680664 255.8896942138672 230.14627075195312 318.6202697753906
292.4542236328125 15.99010944366455 311.4580993652344 30.156646728515625
152.8845977783203 81.06028747558594 214.05889892578125 98.98785400390625
278.1025695800781 459.1458435058594 374.6289367675781 569.745361328125
210.2069091796875 733.191162109375 252.3135223388672 771.6557006835938
221.74037170410156 658.392578125 245.7193603515625 674.1939697265625
34.99631118774414 734.1337890625 63.02457046508789 771.7310180664062
23.494178771972656 66.97071838378906 68.0587158203125 112.11640930175781
37.61611557006836 614.2955322265625 226.84201049804688 652.562255859375
306.95379638671875 67.20643615722656 351.4329833984375 112.26412200927734
310.9192199707031 424.75958251953125 348.22802734375 438.2730712890625
307.0178527832031 67.08258819580078 351.4334411621094 112.41309356689453
23.6759033203125 459.1468505859375 264.0650939941406 570.2105102539062
238.86900329589844 252.94662475585938 337.76263427734375 382.8210144042969
279.26422119140625 570.6121826171875 374.5379333496094 693.1349487304688
293.2028503417969 659.4302368164062 374.8448486328125 673.8709106445312
238.95545959472656 252.45018005371094 337.74151611328125 383.2786560058594
195.87960815429688 357.7889709472656 227.58934020996094 381.1618347167969
54.2387809753418 332.0604248046875 143.47836303710938 345.273193359375
23.5187931060791 66.86712646484375 68.08830261230469 112.42398834228516
