161.225341796875 1545.3499755859375 1091.0697021484375 1802.417724609375
77.83769989013672 2160.68359375 217.2976531982422 2295.322509765625
386.16253662109375 2160.548828125 496.3639221191406 2295.519775390625
963.9933471679688 2159.875244140625 1099.0372314453125 2295.264892578125
699.6578369140625 2158.062255859375 773.0805053710938 2292.35302734375
161.225341796875 1562.3626708984375 1091.0697021484375 1802.417724609375
43.092044830322266 852.9963989257812 1106.71630859375 1142.175048828125
55.82207107543945 1378.0791015625 482.2838439941406 1425.625244140625
77.83769989013672 2256.938232421875 217.2976531982422 2295.322509765625
963.9933471679688 2258.028564453125 1099.0372314453125 2295.264892578125
60.30877685546875 1718.932373046875 130.96559143066406 1793.8572998046875
386.16253662109375 2256.24560546875 496.3639221191406 2295.519775390625
75.74319458007812 621.9373168945312 275.2132873535156 666.8892822265625
48.00143051147461 517.7628173828125 304.2095031738281 772.4170532226562
47.25956726074219 1931.1741943359375 1132.2559814453125 2082.76220703125
19.560768127441406 1675.4813232421875 1161.843505859375 1840.6922607421875
498.5069580078125 1545.3499755859375 684.1236572265625 1679.714111328125
109.14864349365234 2160.68359375 184.05636596679688 2234.287109375
48.08939743041992 1253.9053955078125 329.2692565917969 1299.951416015625
161.225341796875 1710.790283203125 1091.0697021484375 1802.417724609375
404.9394836425781 2160.548828125 477.8155822753906 2232.58349609375
993.0523071289062 2159.875244140625 1069.1451416015625 2236.109130859375
313.53961181640625 1975.6434326171875 863.7454223632812 2036.4053955078125
707.5908203125 2256.42333984375 766.6721801757812 2292.35302734375
699.6578369140625 2158.062255859375 773.0805053710938 2232.86328125
752.7759399414062 2141.651123046875 825.683837890625 2181.38232421875
2.716120481491089 1338.6217041015625 1177.2391357421875 1471.7108154296875
518.9691162109375 1562.3626708984375 661.28125 1679.2161865234375
2.078068733215332 2128.339111328125 1177.076904296875 2422.37353515625
903.057373046875 1252.1973876953125 1121.7247314453125 1300.4639892578125
2.2021725177764893 2133.3125 1177.409912109375 2320.46240234375
