38.3585319519043 710.1747436523438 404.6142578125 799.1616821289062
32.552085876464844 473.7386474609375 404.5957336425781 565.9073486328125
368.909423828125 15.634481430053711 384.380859375 29.12544822692871
28.069175720214844 1.7941588163375854 66.67249298095703 42.19087219238281
23.744569778442383 73.413818359375 60.20621109008789 109.96886444091797
29.42140007019043 356.8223876953125 405.0826416015625 450.2455139160156
123.39494323730469 238.42922973632812 254.46502685546875 276.8492736816406
124.11609649658203 418.72650146484375 177.17916870117188 530.52978515625
389.7651062011719 17.418912887573242 411.54638671875 28.78181266784668
320.9738464355469 217.0057373046875 375.61419677734375 270.1387023925781
25.18058967590332 811.396240234375 404.2413330078125 901.79248046875
123.36680603027344 282.17620849609375 177.2249298095703 413.5986328125
123.52776336669922 264.42047119140625 177.35911560058594 276.873779296875
123.09248352050781 652.7190551757812 230.81898498535156 764.74267578125
346.18548583984375 16.54357147216797 364.8665771484375 30.40561294555664
96.28099822998047 769.7030639648438 144.3778076171875 865.1838989257812
43.4515380859375 235.03414916992188 104.63902282714844 296.9064636230469
224.00570678710938 139.1159210205078 312.3626403808594 175.81809997558594
124.36278533935547 282.17620849609375 298.2131652832031 395.9197998046875
124.04424285888672 535.6924438476562 246.47479248046875 630.64697265625
320.90081787109375 609.3643188476562 375.8669128417969 779.9174194335938
24.05177116394043 139.25064086914062 112.19470977783203 176.26780700683594
123.91856384277344 418.72650146484375 278.14971923828125 513.978271484375
320.9251708984375 375.3323059082031 375.76776123046875 545.7159423828125
34.214942932128906 591.8611450195312 404.172607421875 683.2623291015625
321.04315185546875 492.3857727050781 375.65167236328125 662.3529052734375
143.81285095214844 282.1249084472656 159.81515502929688 293.72735595703125
43.43041229248047 235.2014923095703 104.55976867675781 296.7759704589844
389.7778015136719 17.165233612060547 411.4622802734375 28.99940299987793
124.03433227539062 139.2987060546875 212.20489501953125 175.89215087890625
123.47164154052734 535.6924438476562 176.94155883789062 647.5468139648438
79.20179748535156 87.44094848632812 296.6108093261719 112.356689453125
