338.3050537109375 804.6806030273438 424.743896484375 848.6263427734375
368.9795837402344 15.574856758117676 384.2080993652344 29.297122955322266
30.594310760498047 202.0271453857422 404.26666259765625 284.2071533203125
1.6139782667160034 635.349365234375 426.2398681640625 795.46044921875
29.058279037475586 309.6870422363281 405.09136962890625 401.79058837890625
23.917465209960938 72.09432220458984 60.67787551879883 108.90247344970703
123.81097412109375 370.84271240234375 177.06930541992188 482.93609619140625
346.1623229980469 16.510560989379883 364.74761962890625 30.523324966430664
380.88958740234375 873.1552734375 397.6796569824219 899.71630859375
123.41153717041016 487.64794921875 177.18190002441406 599.888427734375
3.4629809856414795 804.6103515625 90.07138061523438 848.7744140625
123.3156509399414 487.64794921875 246.57577514648438 599.7369995117188
33.77836608886719 15.24925708770752 60.40676498413086 30.386573791503906
25.72890281677246 873.34765625 52.40167999267578 900.2329711914062
95.63922882080078 804.8500366210938 331.5547790527344 848.4966430664062
124.0038833618164 370.84271240234375 278.1970520019531 465.5799255371094
31.620174407958984 427.0744934082031 404.48150634765625 518.7481079101562
24.2564697265625 143.06922912597656 90.21807098388672 162.85482788085938
39.0070915222168 545.572998046875 404.3810119628906 627.5798950195312
80.4310531616211 67.84789276123047 426.6982727050781 114.99378204345703
