18.055757522583008 110.40187072753906 90.44509887695312 241.83567810058594
20.158967971801758 306.8072814941406 104.73570251464844 353.1644287109375
309.8902282714844 14.748838424682617 375.875244140625 173.18862915039062
113.5130844116211 307.36163330078125 226.91778564453125 390.7682189941406
81.45777893066406 307.36163330078125 325.4486389160156 535.4251708984375
83.17496490478516 307.36163330078125 135.71092224121094 450.876953125
82.98165130615234 307.36163330078125 166.1669464111328 430.1888122558594
82.03240966796875 307.36163330078125 324.93609619140625 515.9041748046875
299.2376403808594 148.2542266845703 393.2462158203125 180.88291931152344
21.916133880615234 374.3050537109375 72.4843521118164 390.10504150390625
18.032447814941406 110.27041625976562 90.29190063476562 183.2716064453125
39.87886428833008 307.02203369140625 99.92805480957031 322.8668212890625
20.158967971801758 336.9376220703125 104.73570251464844 353.1644287109375
113.5130844116211 373.43133544921875 226.91778564453125 390.7682189941406
40.01223373413086 826.451904296875 63.417606353759766 848.8046875
82.96338653564453 770.3802490234375 143.98109436035156 784.9886474609375
81.45777893066406 431.6901550292969 325.4486389160156 535.4251708984375
83.17398834228516 558.1669921875 324.85211181640625 575.9869384765625
20.51444435119629 194.7305450439453 92.88056182861328 215.805419921875
133.42510986328125 306.450439453125 279.4308776855469 322.6676330566406
20.884796142578125 224.290771484375 85.80577850341797 241.83567810058594
268.4733581542969 372.7552185058594 311.71990966796875 390.17156982421875
346.2497253417969 743.7710571289062 402.8574523925781 800.641845703125
98.75236511230469 56.55921173095703 290.7605285644531 81.82836151123047
346.2727355957031 743.8388671875 402.860595703125 800.5087890625
39.00022506713867 13.542810440063477 65.2925033569336 29.522045135498047
375.1065979003906 16.562841415405273 396.8434753417969 28.00579071044922
352.394775390625 373.57086181640625 388.809814453125 389.7599792480469
19.86773681640625 49.41448211669922 52.13306427001953 82.25125122070312
19.714876174926758 257.3083190917969 317.2951965332031 297.79791259765625
352.274169921875 827.867431640625 373.7550048828125 847.6141357421875
323.47991943359375 15.101573944091797 343.8838806152344 29.82575225830078
82.90943145751953 518.0238037109375 233.0606689453125 534.638916015625
118.08300018310547 337.1665954589844 203.3794708251953 351.9596252441406
83.32124328613281 586.5999755859375 394.9280700683594 762.0944213867188
83.17496490478516 434.42626953125 135.71092224121094 450.876953125
250.08523559570312 826.630859375 269.6940612792969 847.9779052734375
148.35604858398438 799.4309692382812 176.30511474609375 813.141845703125
309.8902282714844 156.5763702392578 375.875244140625 173.18862915039062
19.622642517089844 434.8897399902344 74.95783233642578 490.88751220703125
18.055757522583008 110.40187072753906 90.44509887695312 183.06639099121094
375.1927795410156 16.920631408691406 396.6795959472656 27.73230743408203
23.3502197265625 0.33667993545532227 75.55773162841797 43.33647918701172
20.689739227294922 306.8072814941406 36.165557861328125 323.0645446777344
348.8092041015625 14.748838424682617 365.16131591796875 28.168352127075195
115.80802917480469 307.36163330078125 131.62193298339844 322.88922119140625
82.98165130615234 415.3018493652344 166.1669464111328 430.1888122558594
145.34591674804688 826.391357421875 166.4928741455078 847.376953125
18.466304779052734 257.0791015625 408.1015930175781 298.1083984375
82.03240966796875 433.46435546875 324.93609619140625 515.9041748046875
