1045.1463623046875 2892.173095703125 1112.95947265625 3019.75
62.41178512573242 167.70494079589844 295.0440673828125 396.88494873046875
282.6162109375 2891.6142578125 434.3568115234375 3021.611572265625
975.656494140625 1408.8243408203125 1379.447265625 1539.928466796875
282.6162109375 2977.219482421875 434.3568115234375 3021.611572265625
1307.78955078125 178.89407348632812 1369.7896728515625 248.10726928710938
1045.1463623046875 2892.173095703125 1112.95947265625 2965.4814453125
673.9454956054688 25.278425216674805 765.0126342773438 117.0921630859375
298.4014892578125 46.76969909667969 337.7931213378906 97.8810806274414
372.0980529785156 952.594482421875 535.9549560546875 1114.3311767578125
68.35408782958984 167.70494079589844 158.92599487304688 257.2544250488281
62.41178512573242 327.41668701171875 295.0440673828125 396.88494873046875
1134.5316162109375 903.9336547851562 1386.0584716796875 1227.36376953125
1048.085693359375 2978.570556640625 1109.12841796875 3019.75
149.5447235107422 889.5283203125 268.6856994628906 1033.6767578125
323.8875732421875 2891.6142578125 394.7398986816406 2965.163818359375
216.3376922607422 47.57692337036133 264.36883544921875 96.0062026977539
527.4818725585938 518.5186767578125 909.4644775390625 573.3090209960938
1050.6015625 1442.528564453125 1307.25927734375 1494.93994140625
850.3507080078125 931.8232421875 1002.3995971679688 1114.3338623046875
106.85155487060547 46.161460876464844 200.77223205566406 97.00772094726562
