313.8511657714844 2163.60888671875 385.3445129394531 2277.329833984375
769.3223876953125 2161.267333984375 868.0082397460938 2278.081298828125
984.8325805664062 2099.5859375 1116.896484375 2278.504638671875
984.8325805664062 2160.58544921875 1116.896484375 2278.504638671875
765.275146484375 152.55938720703125 936.7476806640625 404.1942443847656
576.956298828125 151.76419067382812 747.6648559570312 403.4194030761719
37.928279876708984 804.8019409179688 170.1669464111328 936.2023315429688
984.8325805664062 2236.671875 1116.896484375 2278.504638671875
954.8613891601562 153.33399963378906 1125.3455810546875 403.4233703613281
38.12105941772461 2017.67822265625 169.6149139404297 2143.387939453125
35.479408264160156 153.7453155517578 560.7879028320312 405.2109375
38.279151916503906 1209.1337890625 169.63632202148438 1340.37841796875
39.4393424987793 662.5155029296875 364.7344665527344 724.9124755859375
37.976715087890625 1006.9846801757812 169.82061767578125 1138.6807861328125
769.3223876953125 2238.271240234375 868.0082397460938 2278.081298828125
209.13394165039062 812.7816162109375 519.529541015625 867.9212646484375
210.0040740966797 534.632568359375 501.7087097167969 576.9141235351562
960.880126953125 1018.6087646484375 1111.8590087890625 1062.3348388671875
959.2388916015625 816.1357421875 1112.6187744140625 861.5300903320312
37.76276779174805 1408.8099365234375 170.1461639404297 1543.8057861328125
961.4580078125 1827.7266845703125 1112.57666015625 1872.006103515625
209.25030517578125 1697.8609619140625 332.19329833984375 1743.8455810546875
207.0270233154297 2024.65478515625 563.080322265625 2079.421875
38.173988342285156 455.08087158203125 170.69219970703125 587.9172973632812
38.4691276550293 1613.19091796875 168.88589477539062 1744.4937744140625
540.84228515625 465.3592834472656 623.0552368164062 511.94122314453125
313.8511657714844 2163.60888671875 385.3445129394531 2229.09423828125
958.3302612304688 2029.594482421875 1112.57666015625 2073.06396484375
38.044349670410156 1815.1824951171875 168.9791259765625 1947.0233154296875
209.59341430664062 1013.1564331054688 449.156494140625 1069.2216796875
766.9061279296875 1089.122802734375 1057.8966064453125 1138.235595703125
527.8713989257812 1899.0966796875 738.2301635742188 1945.826904296875
805.1244506835938 1697.8958740234375 1037.9967041015625 1743.593994140625
212.75576782226562 1821.92822265625 547.1644287109375 1877.8946533203125
784.630615234375 2161.267333984375 853.7894897460938 2230.630859375
317.2496643066406 2237.24365234375 384.4723205566406 2277.329833984375
566.7230224609375 1495.8802490234375 822.74267578125 1542.88671875
957.2037353515625 1423.1375732421875 1111.8291015625 1466.91357421875
285.87725830078125 1495.531494140625 523.6365966796875 1542.245849609375
38.336212158203125 1613.5760498046875 168.66384887695312 1743.75634765625
955.8114624023438 1219.674072265625 1111.7724609375 1264.61865234375
208.17446899414062 1419.638671875 356.438720703125 1469.9259033203125
206.74981689453125 1215.1766357421875 659.7479858398438 1271.6737060546875
207.60679626464844 1497.160888671875 257.7044677734375 1543.1868896484375
68.1445083618164 318.026611328125 283.99432373046875 362.3753356933594
368.0717468261719 1697.322021484375 772.1840209960938 1743.9996337890625
629.0684204101562 276.2637023925781 695.0789184570312 343.5740966796875
1064.97607421875 1289.9356689453125 1112.3779296875 1339.7371826171875
208.98060607910156 1620.9046630859375 822.9002075195312 1676.6552734375
960.2554321289062 1626.06103515625 1111.7542724609375 1669.4296875
51.407997131347656 842.3692016601562 155.268310546875 894.2320556640625
37.73778533935547 1409.6544189453125 169.869384765625 1542.5430908203125
209.5489044189453 888.9698486328125 442.8829345703125 936.2603149414062
208.2803192138672 461.0807189941406 525.072265625 514.0285034179688
67.28730010986328 251.50318908691406 319.7352600097656 302.372802734375
207.80970764160156 1088.265625 1058.549072265625 1139.565673828125
207.83387756347656 2100.375 968.4259033203125 2146.985107421875
947.3428344726562 35.48397445678711 1009.7451171875 99.87549591064453
1064.75537109375 2099.5859375 1113.428466796875 2143.196533203125
38.67438507080078 2018.7764892578125 169.22970581054688 2142.4599609375
1064.4884033203125 1897.1263427734375 1112.8095703125 1946.8970947265625
38.537010192871094 1210.8524169921875 169.13714599609375 1339.8504638671875
1016.1648559570312 2160.58544921875 1086.0970458984375 2231.072021484375
208.06857299804688 2101.599609375 363.19378662109375 2145.056884765625
801.8524169921875 1.576181411743164 928.0059814453125 145.24168395996094
208.5453643798828 1623.6888427734375 427.3168640136719 1672.8421630859375
37.777896881103516 1007.4149169921875 169.69931030273438 1137.7843017578125
210.27378845214844 1900.5347900390625 499.83184814453125 1945.189208984375
976.4818115234375 470.1214599609375 1111.03125 512.5535278320312
209.14669799804688 1090.2073974609375 734.6303100585938 1137.7205810546875
209.94247436523438 1292.2552490234375 789.5533447265625 1340.2786865234375
