46.78362274169922 958.0779418945312 85.49108123779297 1156.9490966796875
48.39636993408203 278.505615234375 291.7939147949219 387.20635986328125
50.6326789855957 1877.0111083984375 385.7901306152344 1927.2239990234375
466.75457763671875 2011.1455078125 709.6397705078125 2067.19482421875
710.9401245117188 1505.678955078125 795.2117309570312 1553.5206298828125
49.80000686645508 2204.869140625 191.57125854492188 2259.03857421875
49.009361267089844 439.16253662109375 218.28077697753906 490.50445556640625
833.0391235351562 1502.4312744140625 1056.9654541015625 1556.0589599609375
107.91642761230469 2298.193603515625 278.5257263183594 2346.57080078125
49.17770767211914 860.1262817382812 191.24879455566406 913.3164672851562
1052.2733154296875 44.45074462890625 1111.599853515625 118.64961242675781
108.77665710449219 1024.727783203125 277.0013732910156 1073.80029296875
293.87066650390625 1421.00732421875 493.8147277832031 1470.315673828125
107.91674041748047 954.103759765625 278.5385437011719 1001.9801025390625
43.844459533691406 1337.4166259765625 87.47750091552734 1386.0389404296875
48.59575653076172 1968.6162109375 1131.1944580078125 2114.6171875
48.93215560913086 199.6629180908203 216.23939514160156 250.10684204101562
49.614341735839844 1650.3287353515625 586.6826782226562 1699.821044921875
397.3788146972656 6.584052562713623 780.503173828125 145.79904174804688
405.1552429199219 91.06824493408203 771.7537231445312 139.0549774169922
46.78362274169922 1110.6290283203125 85.49108123779297 1156.9490966796875
25.785242080688477 689.162841796875 673.8010864257812 747.2418212890625
320.2506408691406 1024.373046875 491.03436279296875 1074.2088623046875
491.23504638671875 23.432449340820312 683.143798828125 78.67668914794922
583.2003784179688 518.7626342773438 1132.5908203125 615.9234619140625
26.197608947753906 168.74742126464844 1155.1082763671875 626.9556274414062
51.43018341064453 522.7742919921875 583.2642211914062 612.950927734375
114.34600830078125 1193.0159912109375 241.19705200195312 1240.8267822265625
108.50691986083984 1107.9671630859375 479.37908935546875 1159.164306640625
46.52529525756836 2302.30029296875 85.79996490478516 2343.128173828125
362.969970703125 1564.83984375 490.1178283691406 1613.7952880859375
47.26076126098633 958.0779418945312 84.2416000366211 996.0762939453125
