23.328298568725586 1341.541015625 80.47372436523438 1400.3529052734375
368.7574768066406 1465.82421875 637.671630859375 1538.9337158203125
343.23065185546875 1192.5355224609375 401.40789794921875 1218.5184326171875
104.1738052368164 100.39633178710938 176.29283142089844 174.49075317382812
184.96412658691406 205.521240234375 565.870361328125 532.11572265625
67.86182403564453 29.758779525756836 120.03166198730469 60.448524475097656
205.87246704101562 1478.140869140625 253.04022216796875 1525.131591796875
662.3237915039062 117.3591079711914 720.59375 157.7918701171875
241.2316131591797 1475.669677734375 511.0958251953125 1607.9193115234375
142.5168914794922 687.8048706054688 604.9197387695312 716.0586547851562
667.4888916015625 1473.5784912109375 719.2484130859375 1528.466064453125
585.8436279296875 32.33671569824219 623.8164672851562 60.512882232666016
194.89186096191406 103.21586608886719 383.0625 172.48008728027344
341.79595947265625 926.4490356445312 402.56640625 951.5853271484375
103.97344970703125 1327.16748046875 453.929443359375 1399.6578369140625
104.20108032226562 1251.37548828125 351.54541015625 1323.7310791015625
672.9708251953125 33.97333908081055 717.1493530273438 57.41320037841797
709.2952270507812 1117.8603515625 742.50732421875 1152.2078857421875
569.3257446289062 112.14564514160156 619.4089965820312 162.4076690673828
115.7225341796875 1478.309326171875 168.07037353515625 1525.34326171875
