338.0101623535156 2301.528076171875 533.1782836914062 2357.61279296875
338.4589538574219 1436.21484375 568.8021850585938 1489.4434814453125
338.40032958984375 2013.4427490234375 607.9175415039062 2071.0576171875
338.9205627441406 1724.2342529296875 610.2725830078125 1781.3148193359375
111.97218322753906 44.30391311645508 192.54037475585938 88.15094757080078
116.88385009765625 1385.72412109375 267.2415466308594 1538.042724609375
116.11627960205078 1674.2005615234375 267.3020935058594 1825.802978515625
115.8943099975586 2251.3134765625 267.02423095703125 2388.89892578125
74.4721450805664 1920.5751953125 1171.2578125 2160.87255859375
1050.58251953125 178.98046875 1170.2794189453125 303.0940246582031
74.88150787353516 201.14276123046875 484.78668212890625 269.2890930175781
116.57186889648438 1963.8865966796875 267.3559875488281 2115.018310546875
73.98273468017578 1342.9415283203125 1172.7642822265625 1582.8341064453125
74.30216979980469 1631.69189453125 1171.9222412109375 1872.6279296875
970.228759765625 47.89918899536133 1032.67333984375 91.1167984008789
836.4894409179688 711.6995239257812 917.4498901367188 762.3416137695312
686.3633422851562 493.479736328125 768.0933837890625 543.4548950195312
74.67257690429688 2209.40380859375 1172.5626220703125 2391.587890625
550.6577758789062 2445.45703125 697.4059448242188 2592.4013671875
116.61634826660156 1964.228515625 266.9718933105469 2114.042236328125
1052.3892822265625 180.95147705078125 1167.7855224609375 301.965576171875
1046.4869384765625 45.58924102783203 1095.2498779296875 86.71794891357422
100.5301513671875 2486.515625 163.3392791748047 2552.355224609375
115.94631958007812 1674.63916015625 266.96356201171875 1824.841552734375
1116.9459228515625 51.55886459350586 1183.218994140625 84.22410583496094
853.0450439453125 2491.194091796875 911.0113525390625 2549.662353515625
1066.7294921875 190.8607635498047 1154.9525146484375 298.4753112792969
1087.1763916015625 2491.818115234375 1144.0164794921875 2548.176025390625
333.79248046875 2487.564453125 397.7879333496094 2550.250244140625
267.1982421875 409.8232727050781 976.3753051757812 1076.5784912109375
86.90196228027344 0.7899713516235352 215.80960083007812 123.3095932006836
