148.08287048339844 658.7521362304688 183.1176300048828 702.2159423828125
20.67957878112793 101.15652465820312 153.01637268066406 120.28604125976562
189.85711669921875 714.582275390625 225.1358642578125 758.0302124023438
292.1913146972656 602.39453125 327.8533630371094 646.2349243164062
374.3849792480469 16.633466720581055 397.7782897949219 29.741649627685547
85.96271514892578 602.4583129882812 121.20825958251953 646.1803588867188
263.7456359863281 214.99217224121094 279.0571594238281 230.57684326171875
3.216794729232788 602.3908081054688 38.41263198852539 646.1913452148438
371.1694030761719 101.39979553222656 413.6592712402344 249.88839721679688
105.98623657226562 770.7111206054688 307.54730224609375 814.4111938476562
21.571727752685547 150.3386688232422 100.92085266113281 248.92559814453125
20.910198211669922 49.92436218261719 325.23919677734375 82.20095825195312
126.87313842773438 602.482177734375 162.44796752929688 646.1805419921875
43.5933952331543 602.6282348632812 79.14812469482422 646.0263671875
382.4093933105469 151.06515502929688 413.8302001953125 207.52447509765625
21.56800079345703 150.3386688232422 100.88130187988281 249.3740692138672
355.63677978515625 658.4417724609375 390.8634033203125 702.3477172851562
64.91645050048828 658.6995239257812 100.20645141601562 702.2153930664062
341.29364013671875 15.229207038879395 390.8349914550781 74.30964660644531
107.20795440673828 658.5527954101562 142.2958984375 702.2642211914062
313.4944152832031 658.6271362304688 348.9078063964844 702.1629028320312
27.549386978149414 842.5167236328125 57.498233795166016 870.8658447265625
3.541163444519043 770.7343139648438 99.51930236816406 814.5476684570312
189.91403198242188 658.656005859375 225.09915161132812 702.1729125976562
272.5920715332031 714.5218505859375 308.1067810058594 758.2536010742188
251.9872283935547 602.3631591796875 287.1603698730469 646.2757568359375
107.31901550292969 714.4238891601562 142.4396209716797 758.141845703125
334.2296142578125 602.334228515625 369.57489013671875 646.0955200195312
148.0277099609375 714.570556640625 183.07766723632812 758.0777587890625
65.22557830810547 714.3679809570312 100.19418334960938 758.12109375
20.016454696655273 150.3386688232422 94.3509292602539 295.4881286621094
363.5947570800781 843.17919921875 381.349609375 871.04931640625
282.53851318359375 215.09010314941406 365.48828125 249.2445068359375
230.5912322998047 658.6304321289062 265.76885986328125 702.2257690429688
139.92706298828125 881.3655395507812 273.7921142578125 889.3139038085938
24.244592666625977 658.5777587890625 59.18865203857422 702.0221557617188
314.59185791015625 714.6666870117188 349.7624816894531 758.1454467773438
364.398681640625 714.6763916015625 410.0980529785156 758.4660034179688
375.4809875488281 602.4169311523438 410.3580017089844 645.9979858398438
110.4603042602539 150.44900512695312 183.9824676513672 249.5590362548828
272.6256103515625 658.6318359375 308.1996765136719 702.1823120117188
377.44879150390625 280.0501403808594 390.6795349121094 293.9028015136719
313.6581726074219 770.54345703125 410.34661865234375 814.505126953125
209.69189453125 602.2853393554688 245.0126953125 646.1590576171875
230.6173858642578 714.4429321289062 265.76763916015625 758.1085815429688
194.5206298828125 150.12001037597656 271.0112609863281 249.47145080566406
168.87535095214844 602.4346313476562 203.90228271484375 646.1527099609375
282.2499694824219 215.3311004638672 365.3277587890625 249.6290283203125
323.5748291015625 16.305749893188477 344.048828125 30.272075653076172
3.1838223934173584 714.167724609375 49.16541290283203 758.4595336914062
38.77647399902344 14.855262756347656 65.2690200805664 30.302330017089844
