399.1166687011719 388.89996337890625 712.6141357421875 758.3180541992188
399.1166687011719 388.89996337890625 712.6141357421875 804.32421875
343.3182373046875 1518.215087890625 404.4112854003906 1597.7906494140625
399.46246337890625 842.2106323242188 714.9136962890625 1259.6422119140625
399.46246337890625 842.2106323242188 714.9136962890625 1260.2491455078125
399.46246337890625 842.2106323242188 714.9136962890625 1213.8397216796875
38.145751953125 842.2597045898438 353.2413024902344 1259.916259765625
38.145751953125 842.2597045898438 353.2413024902344 1215.941650390625
37.86613082885742 842.2597045898438 354.6197814941406 1261.8853759765625
38.145751953125 842.2597045898438 353.2413024902344 1258.8211669921875
38.589900970458984 390.03289794921875 352.6649475097656 760.27392578125
38.589900970458984 390.03289794921875 352.6649475097656 883.2747192382812
38.589900970458984 390.03289794921875 352.6649475097656 804.73876953125
116.52593231201172 1573.9222412109375 174.07496643066406 1596.0863037109375
38.53504943847656 389.1213684082031 352.84600830078125 703.6175537109375
399.16070556640625 388.46771240234375 713.1136474609375 702.26416015625
564.7717895507812 1572.958251953125 645.1390991210938 1597.953857421875
343.3182373046875 1573.504638671875 404.4112854003906 1597.7906494140625
39.200111389160156 733.2019653320312 113.56683349609375 760.27392578125
382.3335266113281 264.703857421875 492.55487060546875 311.9407043457031
536.4195556640625 268.0522766113281 627.1605224609375 299.20452880859375
399.4239196777344 841.709716796875 715.23193359375 1157.9635009765625
401.0162353515625 732.14794921875 470.5902099609375 758.3180541992188
399.5971984863281 1296.6376953125 712.2739868164062 1378.6336669921875
38.686832427978516 841.292724609375 352.9793395996094 1157.8138427734375
84.09992980957031 1119.6595458984375 305.36724853515625 1138.3094482421875
137.06552124023438 854.5697021484375 260.598388671875 883.2747192382812
593.5894165039062 25.748464584350586 624.4413452148438 54.17610168457031
259.2727966308594 1233.1414794921875 352.6767578125 1259.916259765625
399.3182373046875 1188.4019775390625 469.6417541503906 1213.5462646484375
39.95098876953125 1296.24462890625 351.9307556152344 1378.685302734375
676.056640625 268.03533935546875 749.2548217773438 298.5537109375
260.0562744140625 779.152587890625 352.74371337890625 805.6702880859375
41.09261703491211 1387.0509033203125 130.70689392089844 1479.0203857421875
374.3125 253.37229919433594 501.1396789550781 316.0645446777344
384.67724609375 267.6396179199219 489.6179504394531 299.7481994628906
399.1166687011719 388.89996337890625 712.6141357421875 700.62109375
27.719655990600586 23.60150718688965 93.49182891845703 51.98148727416992
400.5948791503906 1234.2666015625 487.04840087890625 1259.6422119140625
400.4213562011719 777.6297607421875 571.882080078125 804.32421875
325.2991027832031 137.2736358642578 424.27020263671875 175.68792724609375
316.9030456542969 126.05413055419922 433.0109558105469 189.4207305908203
619.5404663085938 1233.1781005859375 713.4573974609375 1260.2491455078125
53.201011657714844 468.296875 172.51930236816406 555.8659057617188
619.6438598632812 778.4147338867188 713.6595458984375 805.9698486328125
39.13277053833008 1187.2928466796875 241.5229034423828 1215.941650390625
39.58329772949219 777.4424438476562 212.0467987060547 804.73876953125
476.9622497558594 1186.93359375 541.7982177734375 1213.8397216796875
474.0238037109375 1420.968017578125 506.0940856933594 1444.4617919921875
39.5174560546875 266.2896423339844 171.16943359375 302.37994384765625
630.5935668945312 1421.5167236328125 662.178466796875 1444.8134765625
351.9762268066406 1518.215087890625 395.2616271972656 1564.14990234375
519.5350952148438 249.451171875 646.4927368164062 318.61907958984375
203.38851928710938 250.3788604736328 348.5565490722656 320.1106872558594
399.46246337890625 842.2106323242188 714.9136962890625 1156.9552001953125
37.86613082885742 1187.322509765625 354.6197814941406 1261.8853759765625
220.4324951171875 266.33355712890625 336.7383117675781 300.7486572265625
39.53179168701172 1296.2265625 352.21356201171875 1378.5313720703125
6.130199909210205 0.9514723420143127 114.05573272705078 78.47035217285156
27.638364791870117 251.6243133544922 190.20835876464844 319.7875061035156
399.2037048339844 1297.322998046875 712.5717163085938 1378.6600341796875
675.3125 27.837844848632812 717.6344604492188 50.05074691772461
675.268310546875 135.18527221679688 713.302001953125 173.52606201171875
38.145751953125 842.2597045898438 353.2413024902344 1155.887939453125
38.589900970458984 390.03289794921875 352.6649475097656 702.93603515625
305.1048889160156 113.85926818847656 445.4168395996094 200.5063934326172
39.1705436706543 1233.834716796875 137.45114135742188 1258.8211669921875
658.9573974609375 250.75711059570312 749.2361450195312 325.0365905761719
633.7113037109375 25.81073570251465 663.7111206054688 51.81290817260742
