738.2348022460938 2270.9951171875 880.124267578125 2401.232177734375
501.46295166015625 2217.551513671875 667.013671875 2385.406005859375
604.0917358398438 1427.3275146484375 818.5470581054688 1472.650634765625
1009.3570556640625 53.564674377441406 1070.846435546875 98.7428207397461
504.9962463378906 1149.8421630859375 664.3366088867188 1282.6552734375
61.30724334716797 321.30194091796875 131.68397521972656 393.6484069824219
655.4440307617188 464.273681640625 794.5923461914062 656.2968139648438
103.52201843261719 2271.036376953125 174.31607055664062 2401.349853515625
145.7751922607422 331.7454528808594 395.17755126953125 377.4602355957031
335.1921691894531 1914.3045654296875 747.6536254882812 2028.610595703125
957.017822265625 958.332275390625 1086.962158203125 1086.6427001953125
738.0252685546875 959.2054443359375 869.4610595703125 1085.830322265625
76.21144104003906 2068.4140625 164.54421997070312 2086.54736328125
957.66943359375 765.6471557617188 1086.103271484375 888.9102172851562
82.40008544921875 957.2158203125 214.25477600097656 1086.045166015625
288.1142883300781 2274.7021484375 432.2438659667969 2401.84521484375
335.84405517578125 1987.9542236328125 747.7130126953125 2028.0576171875
989.3820190429688 1242.62646484375 1053.7860107421875 1282.4765625
924.172119140625 468.8223876953125 1080.1817626953125 656.7188720703125
60.53388977050781 1855.4425048828125 290.9324645996094 2075.79296875
90.36544799804688 465.5294494628906 246.52468872070312 656.7846069335938
60.65425491333008 1517.9442138671875 391.2868347167969 1678.6455078125
300.65167236328125 760.1678466796875 432.7557067871094 889.5911254882812
518.4059448242188 760.0481567382812 650.3028564453125 889.0498046875
777.548095703125 1518.38134765625 1109.8427734375 1678.2657470703125
723.5365600585938 756.2691040039062 885.2339477539062 889.6317138671875
60.87683868408203 1565.926025390625 272.76947021484375 1822.1485595703125
66.4798583984375 1154.3858642578125 230.2543182373047 1283.2027587890625
419.4574890136719 1519.070068359375 750.1214599609375 1678.170654296875
317.6138916015625 959.2334594726562 414.414794921875 1084.9796142578125
83.09777069091797 761.3175048828125 213.4812469482422 889.6881103515625
349.60498046875 1428.285888671875 577.16845703125 1474.6883544921875
503.9779968261719 960.8389892578125 667.0096435546875 1085.905517578125
882.4054565429688 319.87335205078125 1111.8582763671875 393.30853271484375
959.3287353515625 2273.638916015625 1102.7174072265625 2401.7138671875
882.3104858398438 182.23587036132812 1112.1331787109375 279.6239013671875
58.251155853271484 191.3284149169922 355.26422119140625 268.627685546875
372.48406982421875 472.21954345703125 527.8652954101562 656.64404296875
275.7549743652344 1149.5953369140625 454.5722961425781 1282.712646484375
737.9625854492188 1161.072021484375 869.2161254882812 1283.5390625
