1008.7864990234375 53.44420623779297 1087.962890625 99.49752044677734
59.66128158569336 2301.103271484375 1113.762939453125 2530.457275390625
740.5502319335938 633.2313842773438 862.06005859375 822.1260375976562
61.0552978515625 352.79632568359375 1109.7503662109375 487.8979797363281
523.2992553710938 633.5496215820312 646.6873779296875 821.4266357421875
894.3272705078125 198.64817810058594 1110.78662109375 294.1370544433594
60.60222244262695 540.6891479492188 130.30020141601562 585.3118896484375
93.2671127319336 634.773681640625 214.1780548095703 821.2645874023438
307.64154052734375 632.9630126953125 430.0501708984375 821.262939453125
60.31733703613281 1582.498291015625 1112.7720947265625 2243.088623046875
60.69786071777344 864.91943359375 1110.629638671875 1522.29296875
96.65629577636719 2.7740933895111084 284.8191223144531 145.61691284179688
841.342041015625 39.71821594238281 925.4114990234375 120.94585418701172
955.8095092773438 632.6113891601562 1078.9954833984375 821.846923828125
927.9075317382812 41.11088943481445 996.5767211914062 126.6857681274414
45.02237319946289 194.93881225585938 174.19215393066406 294.4523010253906
884.3285522460938 2461.964599609375 1006.9512329101562 2530.623046875
