49.87056350708008 2184.666015625 186.72555541992188 2309.594970703125
288.7153625488281 2185.500732421875 416.7994689941406 2310.673828125
791.409912109375 2183.393310546875 856.7319946289062 2310.866943359375
485.67230224609375 2183.409423828125 691.07177734375 2312.61572265625
49.87056350708008 2273.25732421875 186.72555541992188 2309.594970703125
1020.8433837890625 2272.273193359375 1100.4595947265625 2309.4287109375
288.7153625488281 2271.590087890625 416.7994689941406 2310.673828125
188.21255493164062 295.0893249511719 399.3101806640625 341.5357360839844
485.67230224609375 2270.473876953125 691.07177734375 2312.61572265625
778.9274291992188 297.6172180175781 991.0792236328125 340.81512451171875
791.409912109375 2271.21923828125 856.7319946289062 2310.866943359375
953.33056640625 1103.9669189453125 1064.45263671875 1146.4034423828125
106.69935607910156 1812.4722900390625 783.39013671875 1911.8223876953125
261.2854309082031 56.549827575683594 916.96337890625 114.99809265136719
1058.1895751953125 49.62892150878906 1131.15869140625 122.60336303710938
106.64240264892578 2048.065185546875 779.80810546875 2148.877685546875
983.2512817382812 630.0626220703125 1065.942138671875 670.0559692382812
48.1679801940918 487.4912109375 142.38986206054688 529.3126831054688
88.03953552246094 2184.666015625 147.21881103515625 2249.21728515625
401.03411865234375 153.56576538085938 778.8114013671875 201.46212768554688
320.5122375488281 2185.500732421875 384.71746826171875 2247.70361328125
105.92391967773438 1099.4554443359375 597.0731201171875 1202.2373046875
972.099365234375 2052.200927734375 1065.23583984375 2093.76904296875
970.4933471679688 866.683349609375 1066.22265625 908.0701904296875
957.378173828125 1815.022705078125 1064.3258056640625 1856.5404052734375
107.30799865722656 1337.0845947265625 789.3994750976562 1437.0679931640625
105.44371795654297 1575.529296875 597.0244750976562 1676.1353759765625
792.9095458984375 2183.393310546875 855.072265625 2245.927490234375
557.500732421875 2183.409423828125 620.67919921875 2245.352294921875
106.7867431640625 863.1730346679688 781.346435546875 961.7859497070312
106.61846923828125 625.609375 774.2139282226562 725.8675537109375
1058.540283203125 50.4887580871582 1130.4840087890625 122.17158508300781
92.7012939453125 2046.8509521484375 1122.2037353515625 2149.72216796875
