23.397380828857422 365.4010925292969 91.18590545654297 542.3826293945312
42.32542419433594 365.4010925292969 100.37873077392578 417.2862548828125
41.317344665527344 365.4010925292969 73.3160629272461 462.17376708984375
210.56735229492188 197.28799438476562 242.25479125976562 293.49847412109375
210.6825408935547 197.28799438476562 261.0917053222656 249.12583923339844
195.44004821777344 312.41845703125 351.83209228515625 527.01220703125
195.44004821777344 312.41845703125 351.83209228515625 512.6397094726562
195.44004821777344 312.41845703125 351.83209228515625 526.727783203125
195.6944122314453 180.40530395507812 352.3114318847656 461.4039001464844
195.6944122314453 180.40530395507812 352.3114318847656 419.0354919433594
26.654653549194336 348.0414123535156 180.5489501953125 578.3895874023438
26.654653549194336 348.0414123535156 180.5489501953125 602.2534790039062
26.654653549194336 348.0414123535156 180.5489501953125 601.7861328125
24.089405059814453 180.8277130126953 180.3946075439453 417.2862548828125
24.089405059814453 180.8277130126953 180.3946075439453 462.17376708984375
103.71015930175781 623.3446044921875 144.31600952148438 643.8676147460938
195.72439575195312 312.10723876953125 351.6730651855469 464.94879150390625
24.542888641357422 180.45968627929688 180.10174560546875 333.15069580078125
195.7534942626953 180.37887573242188 352.094970703125 296.5427551269531
53.97275161743164 623.4246215820312 98.05844116210938 643.9388427734375
27.021724700927734 347.9641418457031 180.22743225097656 465.21990966796875
54.00472640991211 683.9935302734375 175.39822387695312 701.8059692382812
23.397380828857422 492.2558288574219 91.18590545654297 542.3826293945312
210.56735229492188 279.1924743652344 242.25479125976562 293.49847412109375
42.32542419433594 400.6559753417969 100.37873077392578 417.2862548828125
210.45358276367188 446.7423095703125 241.84866333007812 461.4039001464844
210.4158477783203 400.16949462890625 277.37384033203125 419.0354919433594
53.36300277709961 197.49623107910156 111.5027847290039 253.50115966796875
24.137428283691406 84.23454284667969 46.82981491088867 98.99071502685547
160.98548889160156 718.9826049804688 212.7899627685547 770.2688598632812
23.883914947509766 137.27685546875 77.97518920898438 186.0315399169922
247.34249877929688 733.1892700195312 269.1585693359375 755.6104736328125
210.6825408935547 232.1825714111328 261.0917053222656 249.12583923339844
57.0080451965332 84.6073989868164 224.20318603515625 100.5547103881836
39.70534896850586 314.8258361816406 71.08988952636719 329.6941833496094
39.942203521728516 268.544921875 109.67658996582031 286.18817138671875
43.95003890991211 365.4010925292969 67.9804458618164 389.8757019042969
50.06578826904297 734.1785888671875 71.65376281738281 764.2471313476562
308.7034912109375 499.7518615722656 336.423583984375 527.01220703125
302.2276611328125 733.988525390625 323.8653564453125 755.20458984375
220.80224609375 327.6513671875 291.2135925292969 386.7586669921875
28.9882755279541 709.12548828125 346.9666748046875 782.276611328125
53.882965087890625 559.839111328125 175.21141052246094 578.3895874023438
309.43048095703125 500.3168640136719 336.19525146484375 512.6397094726562
321.9096374511719 51.05606460571289 342.5860290527344 76.56700134277344
41.317344665527344 446.533447265625 73.3160629272461 462.17376708984375
23.60311508178711 51.18382263183594 224.70545959472656 101.40011596679688
24.12950897216797 83.9870376586914 224.1931610107422 100.79322814941406
106.46318054199219 734.5963745117188 125.5206527709961 754.9865112304688
52.59431838989258 559.4744262695312 175.28424072265625 602.2534790039062
212.65267944335938 197.28799438476562 237.51206970214844 221.85972595214844
53.85430908203125 587.0494995117188 134.9637451171875 601.7861328125
309.56170654296875 514.5533447265625 322.84906005859375 526.727783203125
195.44004821777344 312.41845703125 351.83209228515625 464.58587646484375
195.6944122314453 180.40530395507812 352.3114318847656 296.0297546386719
26.654653549194336 348.0414123535156 180.5489501953125 464.9820251464844
38.78152847290039 267.845947265625 109.54080963134766 329.9540710449219
311.89898681640625 44.72312545776367 351.53271484375 85.59677124023438
24.089405059814453 180.8277130126953 180.3946075439453 332.48504638671875
30.393999099731445 669.2584838867188 351.5265197753906 709.6826782226562
