524.6992797851562 2247.61376953125 644.6912841796875 2288.364013671875
71.50709533691406 696.607666015625 1099.8187255859375 1028.8321533203125
70.36538696289062 1229.2198486328125 1099.4449462890625 2028.1080322265625
211.05577087402344 2165.54248046875 300.0053405761719 2290.990478515625
879.4783325195312 2167.906494140625 950.396240234375 2289.34130859375
443.2638244628906 42.230506896972656 732.321044921875 496.5306396484375
48.01249694824219 530.254638671875 363.91259765625 651.6177978515625
70.37776184082031 1226.1331787109375 1099.9443359375 1884.926513671875
70.6168212890625 1091.1683349609375 1072.07763671875 1159.2982177734375
44.292816162109375 32.28586959838867 217.75115966796875 205.99794006347656
