326.9445495605469 1712.059326171875 398.1230163574219 1847.8162841796875
54.284080505371094 1709.000244140625 235.42364501953125 1848.6923828125
544.8739013671875 1708.5035400390625 617.9060668945312 1848.84521484375
740.4564819335938 1482.2257080078125 863.744140625 1664.93359375
1049.867431640625 52.79240798950195 1109.391845703125 153.74034118652344
728.2907104492188 1704.3194580078125 875.0662231445312 1848.6134033203125
510.6631774902344 1483.093505859375 654.843505859375 1665.607666015625
959.8877563476562 1482.280517578125 1081.784423828125 1665.0244140625
318.3511047363281 2164.25537109375 381.1606140136719 2274.261962890625
1020.7567138671875 2162.10791015625 1082.92138671875 2274.054931640625
786.256591796875 2166.304443359375 850.970947265625 2273.441162109375
947.6644287109375 1712.9437255859375 1092.5687255859375 1846.847412109375
83.68950653076172 1482.5914306640625 206.3063201904297 1663.9774169921875
302.0981140136719 1483.0233154296875 425.4134826660156 1665.2786865234375
510.6631774902344 1622.8197021484375 654.843505859375 1665.607666015625
318.3511047363281 2236.611083984375 381.1606140136719 2274.261962890625
747.6578979492188 1983.5584716796875 874.501220703125 2032.2747802734375
552.8011474609375 1320.903564453125 649.735107421875 1376.546630859375
15.411127090454102 786.8358764648438 239.24636840820312 834.8978271484375
841.1443481445312 1163.5584716796875 991.1298828125 1210.12158203125
728.2907104492188 1805.1339111328125 875.0662231445312 1848.6134033203125
752.7252197265625 957.4987182617188 974.6753540039062 1002.3599243164062
966.0252075195312 1621.3624267578125 1073.7862548828125 1665.0244140625
315.6039733886719 960.7069091796875 575.0328369140625 1007.4776611328125
786.4638061523438 2237.00390625 848.6429443359375 2273.441162109375
552.9393920898438 2237.058349609375 613.5313720703125 2273.972412109375
359.013671875 540.4193725585938 509.15155029296875 585.9061889648438
762.6056518554688 1622.1544189453125 836.8179931640625 1664.93359375
326.9445495605469 1805.4822998046875 398.1230163574219 1847.8162841796875
621.0504760742188 1964.04833984375 711.6742553710938 2055.33544921875
1021.4752807617188 309.3413391113281 1137.023681640625 446.42901611328125
1020.7567138671875 2236.856201171875 1082.92138671875 2274.054931640625
544.8739013671875 1805.8245849609375 617.9060668945312 1848.84521484375
108.08472442626953 1622.6912841796875 179.20494079589844 1663.9774169921875
1051.187255859375 123.77024841308594 1105.813720703125 153.74034118652344
163.69216918945312 1319.2593994140625 374.7663269042969 1375.20458984375
591.2166137695312 618.6033325195312 816.0806274414062 666.3291015625
54.284080505371094 1805.723876953125 235.42364501953125 1848.6923828125
439.3931884765625 1988.767333984375 545.8571166992188 2029.9920654296875
329.7867126464844 1712.059326171875 397.7861633300781 1779.6832275390625
25.784963607788086 1267.924072265625 1146.41162109375 1428.5296630859375
999.5977783203125 1988.3616943359375 1106.6904296875 2029.4786376953125
1020.1858520507812 938.5838012695312 1140.1214599609375 1061.20556640625
947.6644287109375 1804.767578125 1092.5687255859375 1846.847412109375
188.0404052734375 1986.670654296875 268.8564758300781 2033.13525390625
480.7541198730469 436.6401672363281 573.935791015625 478.7419128417969
1021.3488159179688 29.980894088745117 1138.1116943359375 170.66909790039062
1.1161476373672485 45.25146484375 172.72401428222656 109.23661041259766
83.48029327392578 1482.256591796875 206.26382446289062 1604.291015625
59.65522003173828 1964.281005859375 149.31610107421875 2055.259033203125
119.96016693115234 1709.000244140625 170.6409454345703 1782.438720703125
556.5823364257812 1708.5035400390625 610.8577880859375 1784.0693359375
1054.42041015625 392.8984375 1106.133056640625 425.44366455078125
1022.802001953125 171.7755584716797 1134.5263671875 304.84442138671875
553.176025390625 2167.7060546875 616.3619995117188 2221.573974609375
480.0223693847656 434.50518798828125 668.72705078125 480.217041015625
740.4564819335938 1482.2257080078125 863.744140625 1605.2564697265625
96.31751251220703 1172.5357666015625 248.08230590820312 1213.9788818359375
327.1929016113281 1621.815673828125 400.0185241699219 1665.2786865234375
1019.955810546875 1089.1448974609375 1139.971435546875 1212.9388427734375
896.3635864257812 1313.51611328125 962.2608032226562 1383.4041748046875
1049.867431640625 52.79240798950195 1109.391845703125 110.64988708496094
770.0811767578125 1704.3194580078125 845.4634399414062 1779.55859375
406.1527099609375 1320.887451171875 521.9019165039062 1377.48828125
522.241943359375 1483.093505859375 644.0986328125 1604.8555908203125
959.8877563476562 1482.280517578125 1081.784423828125 1604.56005859375
734.3428344726562 1962.8983154296875 896.859375 2060.85986328125
323.35211181640625 2164.25537109375 378.41546630859375 2224.125732421875
1023.3037719726562 2162.10791015625 1081.791015625 2223.22412109375
422.8299865722656 427.36004638671875 474.24517822265625 488.08251953125
416.1413879394531 1964.9366455078125 575.6973876953125 2059.501953125
136.5991973876953 1214.182861328125 286.3310852050781 1260.4542236328125
177.09475708007812 1971.3638916015625 287.0585632324219 2055.19775390625
786.256591796875 2166.304443359375 850.970947265625 2219.8291015625
988.1775512695312 1712.9437255859375 1051.978759765625 1777.1722412109375
83.68950653076172 1482.5914306640625 206.3063201904297 1603.9378662109375
302.0981140136719 1483.0233154296875 425.4134826660156 1604.3890380859375
621.9909057617188 1965.9306640625 710.725341796875 2054.004638671875
572.0088500976562 434.436767578125 668.1847534179688 479.02899169921875
