107.9575424194336 441.89984130859375 1329.8831787109375 1128.5648193359375
111.25859069824219 2249.029296875 1328.311279296875 2396.275634765625
111.7258529663086 1957.1783447265625 1327.51953125 2100.975830078125
583.6638793945312 205.7705078125 854.5147094726562 268.3757629394531
180.93923950195312 2540.376708984375 330.3070373535156 2588.719482421875
3.7119626998901367 2846.43115234375 1437.35107421875 3040.94287109375
112.0711441040039 2629.5986328125 1245.35986328125 2772.25341796875
1311.45703125 47.33733367919922 1342.494140625 95.74047088623047
110.62601470947266 2250.763427734375 1198.258544921875 2392.965576171875
299.1041259765625 47.9189453125 336.9218444824219 96.16597747802734
109.57913970947266 1661.7445068359375 1247.8240966796875 1807.445556640625
111.46028900146484 1475.133056640625 166.87088012695312 1520.6563720703125
217.12059020996094 48.57614517211914 263.8314208984375 94.9848861694336
108.81979370117188 1167.8328857421875 1276.9996337890625 1410.4522705078125
