1026.381591796875 2179.736328125 1094.7437744140625 2296.09716796875
790.3458251953125 2181.476318359375 859.7754516601562 2295.889404296875
70.37837219238281 268.766357421875 145.46588134765625 390.380859375
559.7175903320312 2180.510009765625 622.5239868164062 2295.508056640625
82.20635223388672 2178.19873046875 151.56883239746094 2296.461181640625
294.07757568359375 263.0558166503906 400.9924011230469 388.26995849609375
1032.6558837890625 260.13226318359375 1103.3536376953125 387.929931640625
71.47970581054688 507.5 1112.1593017578125 1707.3916015625
71.47970581054688 507.5 1112.1593017578125 1580.1446533203125
309.010009765625 2260.137451171875 398.33843994140625 2295.53369140625
794.8986206054688 2259.557861328125 853.9164428710938 2295.889404296875
560.6456909179688 2260.30810546875 619.4498901367188 2295.508056640625
71.7122802734375 1526.45751953125 436.2801513671875 1707.3916015625
1030.6220703125 2259.38671875 1090.1512451171875 2296.09716796875
517.2093505859375 346.3954772949219 659.0286254882812 389.3226318359375
294.07757568359375 346.97796630859375 400.9924011230469 388.26995849609375
756.963623046875 346.4205322265625 900.349609375 389.3236999511719
266.5276794433594 104.35708618164062 407.924560546875 151.586669921875
87.22159576416016 2259.48291015625 148.4650421142578 2296.461181640625
487.51959228515625 47.92335510253906 763.7628173828125 209.03866577148438
561.3072509765625 105.66024780273438 703.916259765625 151.14633178710938
855.43408203125 104.97674560546875 998.4971923828125 150.7593536376953
71.59347534179688 1828.80908203125 1108.1563720703125 2154.3818359375
72.65044403076172 346.5920715332031 144.67286682128906 390.380859375
1026.381591796875 2179.736328125 1094.7437744140625 2247.854248046875
962.853515625 552.386962890625 1060.0802001953125 650.8379516601562
962.3682250976562 1876.3125 1059.531494140625 1973.6922607421875
1032.6558837890625 347.02081298828125 1103.3536376953125 387.929931640625
1033.7149658203125 259.74249267578125 1102.068115234375 330.9041748046875
227.66395568847656 50.08740997314453 446.630126953125 209.36143493652344
790.3458251953125 2181.476318359375 859.7754516601562 2246.16455078125
130.77163696289062 95.54637145996094 191.3882598876953 158.1923065185547
962.958984375 552.8626098632812 1059.6558837890625 649.760986328125
73.03172302246094 1526.536376953125 436.125732421875 1580.1446533203125
70.37837219238281 268.766357421875 145.46588134765625 322.01580810546875
559.7175903320312 2180.510009765625 622.5239868164062 2248.89306640625
71.8397216796875 505.73944091796875 1112.953369140625 1491.894775390625
775.6175537109375 45.69506072998047 1106.8560791015625 211.2598114013672
82.20635223388672 2178.19873046875 151.56883239746094 2245.7060546875
313.1786193847656 263.0558166503906 382.6936950683594 329.44549560546875
962.579345703125 1876.9915771484375 1059.1055908203125 1972.7684326171875
1033.8016357421875 260.13226318359375 1102.0916748046875 330.9757080078125
72.50396728515625 1654.2423095703125 385.20660400390625 1705.851806640625
73.09688568115234 45.959625244140625 1108.841796875 212.58680725097656
71.47970581054688 507.5 1112.1593017578125 1490.4256591796875
490.8108825683594 255.80575561523438 675.26806640625 434.1837463378906
727.8505859375 253.68551635742188 918.53369140625 434.1485290527344
