70.03826141357422 60.48399353027344 117.84082794189453 108.61294555664062
355.4197082519531 15.331365585327148 370.69580078125 28.866708755493164
11.337223052978516 595.1358032226562 39.05738830566406 610.0093994140625
11.936178207397461 718.796875 183.29452514648438 769.3365478515625
374.85491943359375 328.68902587890625 402.5351867675781 342.6579895019531
11.983948707580566 248.38064575195312 39.079345703125 262.99932861328125
11.574435234069824 407.91693115234375 39.088008880615234 423.1624755859375
37.193870544433594 617.3052978515625 371.86932373046875 683.4541015625
11.584737777709961 776.4417724609375 38.74993896484375 790.729736328125
20.908740997314453 0.41636133193969727 66.80587768554688 44.13456726074219
332.8665771484375 15.756896018981934 351.6872863769531 29.860515594482422
23.84450912475586 74.42932891845703 295.2646179199219 230.47740173339844
105.3315658569336 436.8451232910156 406.81658935546875 481.52886962890625
11.809088706970215 356.8539123535156 222.0121307373047 401.6377258300781
376.2583923339844 17.045989990234375 397.6566467285156 28.540111541748047
344.9520568847656 690.5016479492188 372.0903625488281 704.952880859375
131.7088165283203 63.681297302246094 290.6554870605469 84.34049987792969
12.065919876098633 196.92955017089844 308.0869445800781 241.90475463867188
0.6819548606872559 798.3323364257812 413.62530517578125 848.8856811523438
380.03472900390625 487.77886962890625 407.8582458496094 502.8602294921875
168.26426696777344 276.60272216796875 402.4597473144531 322.9988098144531
139.81227111816406 881.5917358398438 273.8707275390625 889.3374633789062
12.009028434753418 516.5303955078125 349.25103759765625 588.4909057617188
