20.686050415039062 559.6426391601562 180.0023956298828 822.9970703125
21.583545684814453 202.096435546875 312.506591796875 594.053955078125
21.583545684814453 202.096435546875 312.506591796875 593.4760131835938
21.583545684814453 202.096435546875 312.506591796875 593.756103515625
21.583545684814453 202.096435546875 312.506591796875 593.2859497070312
194.92388916015625 559.796142578125 355.0437316894531 858.9616088867188
20.486343383789062 88.05647277832031 135.48654174804688 174.84347534179688
195.04397583007812 824.1099853515625 354.6363220214844 1038.5882568359375
20.71376609802246 559.0331420898438 179.92420959472656 773.5726318359375
20.922582626342773 788.5673217773438 180.11695861816406 1038.9503173828125
195.04396057128906 559.2411499023438 354.86102294921875 810.305908203125
44.233055114746094 809.4552612304688 95.82727813720703 822.9970703125
67.53120422363281 228.59033203125 154.1033477783203 242.4029083251953
45.44226837158203 580.3280029296875 95.0267562866211 594.053955078125
20.288536071777344 515.0376586914062 169.89608764648438 533.40478515625
112.04350280761719 88.03540802001953 152.2195281982422 104.10901641845703
32.45359420776367 10.806964874267578 58.11399841308594 26.602275848388672
353.65313720703125 401.7014465332031 374.8160095214844 414.0511169433594
60.93136215209961 70.00540161132812 354.5318298339844 122.70584106445312
355.8307800292969 227.86639404296875 374.7308044433594 240.9890899658203
20.486343383789062 155.9081573486328 135.48654174804688 174.84347534179688
209.88339233398438 778.880859375 293.5816650390625 791.6993408203125
21.51323890686035 201.41201782226562 312.4024658203125 483.6795959472656
210.2908935546875 757.3112182617188 311.4225158691406 792.7529907226562
343.0746154785156 450.4906005859375 374.5679931640625 463.1941223144531
343.1675720214844 430.09405517578125 374.7754211425781 445.21246337890625
222.41860961914062 845.9689331054688 274.125732421875 858.9616088867188
172.77452087402344 402.13763427734375 202.96731567382812 413.4541320800781
21.3118839263916 0.5150437355041504 66.89265441894531 39.361427307128906
242.86106872558594 581.56103515625 270.3230895996094 593.4760131835938
210.41799926757812 1007.8121948242188 276.2445983886719 1020.5588989257812
48.43364334106445 401.9729919433594 86.28445434570312 414.0386047363281
35.270843505859375 983.9819946289062 124.55548095703125 1022.2979125976562
39.5293083190918 364.9936828613281 169.48133850097656 384.73291015625
22.199722290039062 87.55292510986328 41.81975173950195 103.91824340820312
138.8440399169922 985.1532592773438 155.52096557617188 1002.0986938476562
35.354515075683594 742.9418334960938 101.03950500488281 755.5260009765625
342.96075439453125 364.4874572753906 374.6773681640625 384.1309814453125
11.495661735534668 74.28458404541016 52.46160125732422 118.50199127197266
336.0885009765625 12.598217964172363 357.2923889160156 25.003942489624023
35.33230972290039 719.598388671875 132.953125 755.9761962890625
292.5963134765625 11.731513023376465 311.54791259765625 26.372325897216797
327.68914794921875 201.46466064453125 374.63629150390625 483.3635559082031
35.564208984375 1006.5204467773438 113.89511108398438 1021.1570434570312
220.13609313964844 580.72509765625 270.67645263671875 593.756103515625
211.4931182861328 757.80859375 311.34747314453125 772.7927856445312
36.239662170410156 984.89208984375 124.33154296875 1001.0509033203125
20.686050415039062 559.6426391601562 180.0023956298828 774.1592407226562
194.98593139648438 824.5218505859375 355.0921630859375 1038.59326171875
21.583545684814453 202.096435546875 312.506591796875 483.0994873046875
37.46823501586914 430.2948303222656 255.82041931152344 464.4359436035156
194.92388916015625 559.796142578125 355.0437316894531 809.4467163085938
220.3604736328125 581.0435791015625 240.3814239501953 593.2859497070312
342.62847900390625 429.645263671875 374.7183532714844 463.5408630371094
20.640649795532227 788.8744506835938 180.49635314941406 1039.4698486328125
344.2665710449219 394.6310119628906 374.7154541015625 420.1107482910156
22.376359939575195 88.05647277832031 41.83775329589844 103.66752624511719
315.587890625 11.85821533203125 330.8048095703125 25.563922882080078
285.5484313964844 0.6095799207687378 370.2647705078125 42.40073013305664
315.3706970214844 11.394323348999023 331.0851745605469 25.641061782836914
209.08724975585938 985.1011962890625 318.217041015625 1020.9867553710938
