94.8320541381836 198.282470703125 511.67010498046875 300.3691101074219
292.99920654296875 1386.81982421875 827.0050659179688 1452.6412353515625
507.19000244140625 1963.8594970703125 881.4989624023438 2061.804443359375
292.98016357421875 801.98779296875 868.2689208984375 865.0443725585938
507.3124084472656 1963.7449951171875 880.9749145507812 2061.32275390625
94.82537078857422 799.3235473632812 247.37353515625 949.5955200195312
318.5635681152344 2575.657958984375 460.4112854003906 2617.350341796875
918.0626831054688 1963.894287109375 1241.4093017578125 2110.560302734375
671.1860961914062 403.9067687988281 1011.6668090820312 536.8715209960938
1040.817138671875 2190.960205078125 1147.6300048828125 2297.00439453125
108.89035034179688 2470.899169921875 206.60215759277344 2613.904052734375
95.7927474975586 404.5490417480469 626.6610107421875 536.7592163085938
95.00125885009766 1578.955078125 246.2716522216797 1730.8341064453125
95.12371063232422 994.7660522460938 246.85174560546875 1146.152099609375
901.9158325195312 2208.9287109375 972.8875122070312 2274.9443359375
95.22333526611328 670.3108520507812 611.0667724609375 746.3150024414062
779.5033569335938 2469.26708984375 888.3943481445312 2615.748046875
94.66107177734375 800.0387573242188 247.17161560058594 949.6806030273438
293.5268859863281 1090.1029052734375 526.718505859375 1131.648193359375
94.34236907958984 1579.0626220703125 659.3902587890625 1905.4427490234375
292.60064697265625 1591.3631591796875 672.0140991210938 1645.5726318359375
292.7871398925781 1479.189208984375 526.1919555664062 1521.727294921875
970.6135864257812 47.970767974853516 1032.317138671875 90.70662689208984
293.5612487792969 894.306640625 527.4732666015625 936.5300903320312
95.24333953857422 2152.08642578125 277.08502197265625 2334.831298828125
112.08810424804688 44.23894119262695 192.63685607910156 88.12232971191406
94.86801147460938 1189.5767822265625 246.70745849609375 1340.810546875
94.3692626953125 1965.3052978515625 470.3342590332031 2062.5556640625
1006.9625244140625 2574.977294921875 1141.239990234375 2616.4072265625
322.80914306640625 2179.921142578125 740.7982788085938 2310.48583984375
1046.5615234375 45.97417068481445 1095.4749755859375 86.44583892822266
1116.64501953125 51.85685729980469 1184.9853515625 84.11622619628906
293.9261779785156 1203.2645263671875 503.0726013183594 1255.3424072265625
293.58563232421875 1004.6805419921875 940.8973388671875 1061.665283203125
553.9150390625 2574.57861328125 664.8837890625 2614.3974609375
94.63587951660156 1965.257080078125 470.0411682128906 2062.461669921875
94.60089111328125 1385.6319580078125 246.98118591308594 1535.8187255859375
293.3137512207031 1285.2266845703125 526.1993408203125 1326.93701171875
