839.9656982421875 2871.930419921875 956.1644897460938 3006.103515625
453.5086669921875 2879.006103515625 626.3359985351562 3007.5712890625
112.54304504394531 2863.49169921875 246.8192596435547 3007.60791015625
1180.95849609375 2871.64892578125 1335.5452880859375 3011.18408203125
453.5086669921875 2962.424560546875 626.3359985351562 3007.5712890625
109.53643798828125 1340.563720703125 1154.390869140625 1591.400634765625
839.9656982421875 2961.467529296875 956.1644897460938 3006.103515625
112.54304504394531 2957.44921875 246.8192596435547 3007.60791015625
866.3214721679688 2871.930419921875 931.7384033203125 2944.02587890625
923.98681640625 955.4423828125 1265.5335693359375 1187.5498046875
1180.95849609375 2963.211181640625 1335.5452880859375 3011.18408203125
671.6318969726562 356.4769592285156 868.4267578125 499.8879699707031
708.5996704101562 388.2904052734375 842.8536987304688 440.02154541015625
106.99310302734375 2516.644287109375 1274.8212890625 2754.92236328125
111.09864044189453 2607.60498046875 1269.9678955078125 2749.926025390625
111.47488403320312 2302.282470703125 1277.6019287109375 2367.517333984375
110.515380859375 1923.2548828125 1221.5751953125 2066.7900390625
1326.509521484375 387.70587158203125 1438.060546875 439.7257995605469
112.34034729003906 1831.50537109375 455.2668151855469 1880.6466064453125
51.18488311767578 387.94482421875 280.4181823730469 448.1921081542969
498.95086669921875 2879.006103515625 580.8907470703125 2935.16259765625
726.6685180664062 659.5513916015625 1223.611572265625 990.6502075195312
383.18896484375 388.0869140625 603.4310913085938 441.19866943359375
947.603759765625 387.0356140136719 1224.3167724609375 442.4831848144531
111.43054962158203 2210.69384765625 1280.934326171875 2370.75927734375
141.47329711914062 2863.49169921875 217.21725463867188 2939.399169921875
726.4411010742188 661.018798828125 1223.4219970703125 989.5095825195312
1227.5869140625 2871.64892578125 1288.8775634765625 2945.84228515625
298.8868713378906 47.856239318847656 337.0812683105469 96.60757446289062
142.88119506835938 769.0191650390625 542.248779296875 891.5582275390625
175.6975555419922 778.7396850585938 507.526123046875 875.3289184570312
1302.355712890625 199.82037353515625 1376.943603515625 273.16998291015625
3.121662139892578 2838.82666015625 1437.5030517578125 3042.818115234375
1310.8519287109375 46.87285614013672 1343.0478515625 95.96908569335938
42.9232292175293 374.6534729003906 288.0433349609375 495.0232849121094
20.169170379638672 348.6763916015625 318.6142883300781 501.095458984375
337.807861328125 351.0545349121094 634.6193237304688 502.7007141113281
911.0645141601562 354.6628723144531 1259.029296875 500.5760803222656
110.59078216552734 1827.846435546875 1313.00048828125 1891.5447998046875
107.7833480834961 1340.8187255859375 1320.408447265625 1593.483642578125
