121.4646987915039 731.1212158203125 158.77259826660156 772.4218139648438
35.10715866088867 734.370361328125 63.083919525146484 771.5435791015625
23.27676773071289 604.9491577148438 264.41546630859375 771.4281005859375
23.27676773071289 604.9491577148438 264.41546630859375 772.4218139648438
23.27676773071289 604.9491577148438 264.41546630859375 771.5435791015625
210.11952209472656 732.874755859375 252.3310089111328 771.4281005859375
210.11952209472656 616.3881225585938 252.3310089111328 771.4281005859375
23.81609344482422 153.57040405273438 119.5958480834961 289.23614501953125
210.11952209472656 759.9706420898438 252.3310089111328 771.4281005859375
23.73679542541504 203.20802307128906 122.39250183105469 244.37425231933594
121.4646987915039 761.0982666015625 158.77259826660156 772.4218139648438
311.7722473144531 204.2772216796875 375.0462646484375 243.95059204101562
292.8782958984375 435.29193115234375 364.50146484375 448.2474670410156
130.98028564453125 203.85256958007812 212.0707550048828 243.72393798828125
35.10715866088867 760.2979736328125 63.083919525146484 771.5435791015625
37.849830627441406 434.7969970703125 119.40995788574219 449.1025695800781
307.8619689941406 759.7073974609375 338.2860107421875 771.608154296875
292.5814208984375 462.85162353515625 374.6747131347656 500.36090087890625
29.77629280090332 14.748512268066406 65.77206420898438 30.146669387817383
306.2222900390625 67.88356018066406 350.3077697753906 112.1403579711914
310.99591064453125 570.6029052734375 348.3897705078125 584.0564575195312
23.98770523071289 568.70849609375 119.4511947631836 586.621337890625
23.81609344482422 271.0768127441406 119.5958480834961 289.23614501953125
223.7240753173828 203.9113311767578 300.1266784667969 243.7884521484375
151.33116149902344 81.11058044433594 217.10072326660156 99.11988830566406
65.66465759277344 154.21450805664062 120.9835205078125 169.63555908203125
38.19632339477539 462.0804748535156 226.6555633544922 479.1900939941406
310.7010498046875 272.58056640625 348.1978759765625 285.84527587890625
278.86279296875 417.9923400878906 374.8323059082031 541.41357421875
92.44029998779297 506.8595275878906 143.39080810546875 521.8460693359375
23.877851486206055 307.4751892089844 264.1556091308594 418.1512451171875
221.80865478515625 506.1763916015625 245.76283264160156 522.486572265625
38.14105224609375 507.9703369140625 88.94774627685547 522.3037719726562
24.421144485473633 136.38699340820312 350.9674987792969 187.52435302734375
234.93211364746094 216.55062866210938 286.55877685546875 231.56649780273438
277.7411193847656 605.1001586914062 374.9847412109375 712.5151977539062
37.60230255126953 461.8974609375 226.85565185546875 501.0343322753906
130.4351806640625 731.1212158203125 152.8756103515625 752.7373657226562
40.989036560058594 734.370361328125 59.836910247802734 752.3289184570312
37.990135192871094 485.1850280761719 80.82988739013672 500.7486877441406
23.495849609375 604.8740844726562 264.2074279785156 713.1658935546875
23.27676773071289 604.9491577148438 264.41546630859375 712.944580078125
278.4177551269531 307.98553466796875 374.9214782714844 418.1843566894531
44.10441589355469 216.23638916015625 99.66886138916016 230.765380859375
322.65234375 216.6019744873047 374.94091796875 230.29263305664062
23.8763427734375 419.8343505859375 264.0774841308594 541.6195068359375
222.3125 732.874755859375 243.7806854248047 752.068603515625
336.0146179199219 16.321727752685547 359.74761962890625 29.097640991210938
219.5778045654297 616.3881225585938 250.4971923828125 649.4273681640625
38.28266525268555 506.740478515625 143.5599365234375 522.4244384765625
292.9363708496094 16.196903228759766 311.59637451171875 30.213197708129883
40.640419006347656 153.57040405273438 57.51443862915039 170.37306213378906
142.26101684570312 216.41111755371094 197.75079345703125 231.3013916015625
293.115478515625 507.13128662109375 374.8832702636719 521.8466186523438
37.03688049316406 461.8539733886719 249.10546875 523.2183227539062
