32.01164245605469 748.719970703125 246.30178833007812 769.6185302734375
135.49530029296875 77.3155746459961 279.2401123046875 98.19617462158203
31.75662612915039 523.68701171875 162.32542419433594 578.2691650390625
312.97393798828125 15.903870582580566 333.4479064941406 30.36457633972168
182.19151306152344 523.9585571289062 298.5074157714844 578.027587890625
32.25796127319336 59.69499206542969 87.05353546142578 116.24922180175781
31.857145309448242 615.8731079101562 232.21377563476562 637.0482177734375
192.42922973632812 656.3153076171875 376.61175537109375 709.7008666992188
31.676132202148438 147.9468994140625 382.87725830078125 311.1000061035156
32.09843826293945 656.4498901367188 169.79409790039062 709.94140625
26.801559448242188 13.938458442687988 54.03607177734375 29.4620304107666
337.770263671875 15.43111801147461 354.7227478027344 29.43695068359375
31.624540328979492 347.70965576171875 122.54032135009766 368.7255859375
32.57752227783203 388.48443603515625 381.9936218261719 446.50830078125
31.843708038330078 809.54345703125 382.64276123046875 868.8775024414062
321.0804443359375 744.72119140625 382.45599365234375 774.436767578125
31.574024200439453 484.53558349609375 130.10475158691406 508.344482421875
361.1825866699219 17.489431381225586 384.51373291015625 28.4920654296875
