103.57366180419922 2182.712646484375 190.11056518554688 2292.84814453125
987.215576171875 2183.015380859375 1075.8223876953125 2292.644287109375
666.044921875 2182.9345703125 805.8696899414062 2294.48876953125
390.87103271484375 2188.7099609375 491.3564147949219 2295.143798828125
862.0400390625 1571.0858154296875 1078.785400390625 1725.0343017578125
666.044921875 2259.384765625 805.8696899414062 2294.48876953125
607.8356323242188 1571.427978515625 824.809326171875 1725.3668212890625
98.55339050292969 1571.5528564453125 316.1426086425781 1725.0078125
352.99615478515625 1571.3338623046875 569.7174682617188 1725.369873046875
103.57366180419922 2259.23974609375 190.11056518554688 2292.84814453125
987.215576171875 2258.03369140625 1075.8223876953125 2292.644287109375
538.7642822265625 428.21087646484375 754.3023071289062 478.1185607910156
97.62960815429688 1338.565673828125 296.2560729980469 1478.007568359375
390.87103271484375 2258.93017578125 491.3564147949219 2295.143798828125
541.1737670898438 1847.89794921875 636.791015625 1902.7626953125
44.6746826171875 635.3861083984375 1134.0902099609375 1248.310546875
171.63340759277344 430.0914001464844 316.47894287109375 476.9123229980469
363.5495910644531 1387.572998046875 421.06573486328125 1432.7119140625
351.4830627441406 429.0891418457031 503.0392150878906 477.3870849609375
116.4164047241211 2182.712646484375 177.22360229492188 2245.308349609375
1002.2098388671875 2183.015380859375 1060.4951171875 2242.229248046875
934.8867797851562 1359.3470458984375 1020.0730590820312 1461.4693603515625
752.5302124023438 1386.7525634765625 812.8777465820312 1432.4525146484375
97.89312744140625 1335.9036865234375 1083.17822265625 1483.087646484375
95.85602569580078 1805.2052001953125 1082.7701416015625 1951.9224853515625
97.73159790039062 256.9371032714844 251.13449096679688 303.6481018066406
714.1920166015625 2182.9345703125 757.870849609375 2244.55615234375
558.228271484375 1387.325439453125 614.0137939453125 1434.36181640625
107.14457702636719 427.6297912597656 156.71107482910156 475.49957275390625
98.10274505615234 1571.3212890625 316.1087341308594 1724.4306640625
352.2110595703125 1571.5540771484375 569.7692260742188 1724.5489501953125
415.4710998535156 2188.7099609375 471.46258544921875 2241.425048828125
