53.97275161743164 623.4246215820312 98.05844116210938 643.9388427734375
195.6944122314453 180.40530395507812 352.3114318847656 461.4039001464844
195.44004821777344 312.41845703125 351.83209228515625 527.01220703125
24.542888641357422 180.45968627929688 180.10174560546875 333.15069580078125
28.9882755279541 709.12548828125 346.9666748046875 782.276611328125
103.71015930175781 623.3446044921875 144.31600952148438 643.8676147460938
23.397380828857422 365.4010925292969 91.18590545654297 542.3826293945312
311.89898681640625 44.72312545776367 351.53271484375 85.59677124023438
30.393999099731445 669.2584838867188 351.5265197753906 709.6826782226562
24.089405059814453 180.8277130126953 180.3946075439453 462.17376708984375
195.7534942626953 180.37887573242188 352.094970703125 296.5427551269531
195.72439575195312 312.10723876953125 351.6730651855469 464.94879150390625
26.654653549194336 348.0414123535156 180.5489501953125 602.2534790039062
23.60311508178711 51.18382263183594 224.70545959472656 101.40011596679688
23.883914947509766 137.27685546875 77.97518920898438 186.0315399169922
27.021724700927734 347.9641418457031 180.22743225097656 465.21990966796875
