8.370054244995117 445.2513732910156 68.11914825439453 459.6769714355469
321.0880432128906 87.21588897705078 359.04840087890625 113.87477111816406
118.3143310546875 86.19648742675781 155.98468017578125 112.82819366455078
80.24200439453125 349.1600341796875 236.47821044921875 502.91119384765625
8.196040153503418 751.2456665039062 68.5838394165039 766.2747802734375
272.59454345703125 114.15662384033203 307.5317687988281 149.5960693359375
217.56202697753906 85.64774322509766 260.85662841796875 115.86361694335938
79.88824462890625 552.561279296875 362.2306823730469 605.2536010742188
80.15425109863281 349.5747985839844 236.37892150878906 595.1318359375
8.680665016174316 496.2044982910156 68.11766815185547 510.5546875
13.812127113342285 84.82972717285156 56.66931915283203 115.74268341064453
8.43886947631836 598.18798828125 67.99382781982422 612.791015625
8.829309463500977 547.5017700195312 67.71907043457031 561.6571655273438
118.85641479492188 113.37645721435547 155.2607879638672 150.209228515625
323.3323974609375 114.1339340209961 359.01397705078125 149.57379150390625
167.18089294433594 87.72870635986328 208.73980712890625 114.41690826416016
6.55279016494751 234.3916473388672 72.95223999023438 263.6583557128906
80.02261352539062 195.54783630371094 362.5829162597656 248.515625
89.3975601196289 113.51537322998047 240.98597717285156 238.136474609375
240.84413146972656 400.20074462890625 362.3874816894531 502.63037109375
8.539979934692383 700.6751708984375 44.27077102661133 714.7528686523438
152.0838623046875 57.225547790527344 230.85040283203125 76.52091979980469
272.0858154296875 85.24410247802734 308.66552734375 113.13652801513672
62.8676872253418 84.50653076171875 107.51580810546875 115.5560073852539
80.05137634277344 655.2608032226562 362.1980285644531 708.1932373046875
220.65963745117188 117.71330261230469 254.45587158203125 148.123779296875
9.410181045532227 649.6039428710938 68.69558715820312 663.8212280273438
7.716623306274414 292.31329345703125 67.15081024169922 307.1533203125
315.3022155761719 55.09624099731445 365.2998046875 78.96605682373047
9.517595291137695 343.4649963378906 68.65752410888672 357.70745849609375
14.246581077575684 190.38381958007812 65.9129409790039 205.1195068359375
8.664937973022461 393.87005615234375 67.69025421142578 409.0906677246094
