19.95608139038086 664.307373046875 164.99717712402344 682.4811401367188
69.50648498535156 493.10614013671875 118.25601196289062 518.720458984375
280.1316223144531 33.928001403808594 351.6218566894531 106.56938934326172
69.29039001464844 231.49920654296875 306.3543701171875 512.7278442382812
49.50448226928711 608.395751953125 124.97042083740234 628.1332397460938
202.94520568847656 491.14813232421875 251.37083435058594 520.3872680664062
19.013057708740234 606.3531494140625 36.01898193359375 623.8618774414062
18.619638442993164 749.3792114257812 355.3968505859375 799.4725952148438
19.55777359008789 110.0411376953125 155.09295654296875 138.2266082763672
18.5373477935791 29.454265594482422 45.336402893066406 57.17329406738281
259.302734375 491.3520202636719 307.0276794433594 520.3241577148438
88.50765228271484 186.44586181640625 294.3860778808594 211.25039672851562
18.576448440551758 29.451478958129883 45.42342758178711 57.051910400390625
129.08505249023438 491.7117614746094 195.43663024902344 521.5068359375
