180.2147216796875 387.8887023925781 316.0941162109375 407.0721435546875
72.85486602783203 271.580810546875 303.2601318359375 316.18017578125
57.86632537841797 616.1541137695312 318.5588684082031 661.2682495117188
57.80332565307617 435.3368835449219 318.4289245605469 649.4593505859375
57.82828140258789 675.2401733398438 318.4835205078125 720.5405883789062
111.6337661743164 103.56456756591797 278.2445068359375 229.28868103027344
57.780426025390625 675.3867797851562 318.3257751464844 720.2686767578125
72.46232604980469 330.5740966796875 302.7607421875 374.88775634765625
1.9447803497314453 0.4694669842720032 110.8856201171875 26.555574417114258
152.59474182128906 0.04874986410140991 219.43386840820312 32.85971450805664
344.7270202636719 4.419137477874756 369.86651611328125 15.541342735290527
