279.75579833984375 33.457908630371094 352.0043029785156 106.9217529296875
13.517319679260254 23.034852981567383 50.62944412231445 65.34202575683594
11.290987968444824 165.49598693847656 84.6361083984375 196.4269256591797
80.62812805175781 541.1546630859375 113.60668182373047 555.890625
208.12965393066406 671.6675415039062 357.4486389160156 734.97509765625
197.14093017578125 163.68931579589844 273.97674560546875 197.658447265625
18.724098205566406 593.512939453125 181.78594970703125 802.9407958984375
195.03353881835938 593.4737548828125 333.4355163574219 723.4395751953125
255.482421875 535.3770751953125 299.6312255859375 562.589111328125
19.10566520690918 671.6187133789062 188.15953063964844 735.1760864257812
164.56146240234375 534.8899536132812 209.34690856933594 563.8878784179688
311.32696533203125 541.0167846679688 336.8338317871094 556.0126953125
353.99139404296875 541.394775390625 374.0621032714844 555.9140014648438
279.6986999511719 33.42985153198242 351.982666015625 188.44168090820312
19.179861068725586 749.9073486328125 300.48980712890625 811.6920166015625
19.80288314819336 110.98004913330078 223.41506958007812 137.92176818847656
292.2806701660156 164.25865173339844 354.130615234375 198.76649475097656
211.73037719726562 536.4291381835938 254.05393981933594 561.6303100585938
96.17794799804688 161.40553283691406 180.1103515625 196.25213623046875
96.10093688964844 161.55825805664062 180.28680419921875 196.0551300048828
125.8544692993164 540.8677368164062 158.77117919921875 555.43408203125
