35.23653030395508 527.8833618164062 155.50198364257812 544.1114501953125
229.94544982910156 677.50830078125 337.0149230957031 692.7498168945312
18.552953720092773 29.324331283569336 45.578731536865234 56.859100341796875
220.19322204589844 376.66473388671875 338.20330810546875 395.84210205078125
239.37905883789062 797.621337890625 336.80499267578125 811.9773559570312
35.89380645751953 715.7073364257812 162.47508239746094 740.154541015625
19.720203399658203 109.78759765625 238.5888671875 138.06185913085938
230.1837615966797 752.453125 275.4293518066406 767.1766357421875
279.1912841796875 33.554107666015625 352.2888488769531 106.86967468261719
35.68539810180664 452.5267028808594 200.7048797607422 469.6548156738281
34.395111083984375 602.8671875 155.74691772460938 618.9740600585938
224.41732788085938 568.915283203125 339.2438049316406 618.8795166015625
260.3207092285156 690.0491943359375 341.7282409667969 771.043701171875
36.297080993652344 640.7672119140625 168.2100830078125 664.89892578125
35.420448303222656 678.1211547851562 155.1400909423828 693.8683471679688
35.044090270996094 753.086669921875 156.01287841796875 769.0245971679688
19.840456008911133 232.90887451171875 355.529541015625 303.0978698730469
19.908931732177734 153.46800231933594 355.2899169921875 223.33477783203125
35.90751266479492 791.1138916015625 170.4788360595703 811.8450317382812
243.28207397460938 648.397216796875 338.7662658691406 670.7498779296875
36.129234313964844 490.7178039550781 146.16464233398438 514.6968994140625
36.34186553955078 415.6905517578125 179.12966918945312 440.1289367675781
221.9354705810547 422.0391845703125 338.46051025390625 469.9137878417969
18.58088493347168 29.31875991821289 45.443572998046875 56.970191955566406
244.9366912841797 498.4749450683594 340.6927490234375 520.6148681640625
36.16763687133789 565.86474609375 177.25990295410156 590.0167236328125
229.86146545410156 527.0339965820312 336.71136474609375 542.696044921875
35.87602233886719 374.87115478515625 109.38764953613281 401.7922668457031
