64.0372543334961 259.5479736328125 230.05001831054688 409.5960693359375
64.09727478027344 259.5479736328125 229.7374725341797 485.6468200683594
68.15542602539062 259.5479736328125 150.4337158203125 336.27532958984375
63.803077697753906 259.5479736328125 230.10366821289062 503.05914306640625
214.98193359375 260.2477111816406 293.7547607421875 336.0837097167969
64.35576629638672 251.04620361328125 129.67955017089844 426.698974609375
64.0372543334961 251.04620361328125 230.05001831054688 409.5960693359375
68.15542602539062 251.04620361328125 150.4337158203125 336.27532958984375
214.98193359375 250.97683715820312 293.7547607421875 336.0837097167969
21.37506866455078 164.55572509765625 55.07061767578125 201.1721649169922
21.30603790283203 88.539794921875 55.23118591308594 124.89551544189453
21.318944931030273 392.52490234375 54.936317443847656 428.87860107421875
147.39430236816406 414.00634765625 176.58001708984375 426.37750244140625
21.341346740722656 468.5738830566406 55.01532745361328 504.9461669921875
214.98193359375 321.38140869140625 293.7547607421875 336.0837097167969
147.43495178222656 566.1214599609375 176.58213806152344 578.201171875
21.36640739440918 6.3277201652526855 45.49108123779297 18.110103607177734
21.36034393310547 544.5029296875 55.05680847167969 581.0428466796875
64.35576629638672 413.9678955078125 129.67955017089844 426.698974609375
147.468017578125 490.1990966796875 176.3308868408203 502.4175720214844
318.316162109375 31.705549240112305 340.8699035644531 48.53773498535156
147.34921264648438 110.06289672851562 176.38291931152344 122.44303894042969
98.84284973144531 259.5479736328125 137.91522216796875 310.8455810546875
241.74241638183594 260.2477111816406 279.58001708984375 310.97052001953125
64.0372543334961 392.86639404296875 230.05001831054688 409.5960693359375
279.85107421875 568.6675415039062 344.0461730957031 632.5587158203125
20.3607234954834 34.647789001464844 190.58364868164062 53.58269500732422
271.44842529296875 6.746888160705566 286.8028259277344 18.132638931274414
64.09727478027344 468.82073974609375 229.7374725341797 485.6468200683594
64.40863037109375 489.81317138671875 129.47647094726562 502.57086181640625
63.729087829589844 164.08609008789062 230.40333557128906 198.77027893066406
64.23168182373047 109.7664794921875 129.7096405029297 122.64961242675781
64.08390045166016 88.74485778808594 230.00315856933594 105.77229309082031
147.19195556640625 185.85853576660156 176.4111328125 198.46588134765625
279.3591003417969 29.643993377685547 299.87646484375 50.26914596557617
13.584476470947266 150.11209106445312 348.2298583984375 215.23785400390625
12.34011459350586 225.52862548828125 30.757537841796875 292.1307067871094
68.15542602539062 321.3009033203125 150.4337158203125 336.27532958984375
16.993087768554688 0.3779113292694092 49.96772003173828 24.265947341918945
64.43507385253906 565.8565063476562 129.688232421875 578.4688110351562
63.948753356933594 544.7830810546875 229.72396850585938 561.87060546875
14.506019592285156 454.5596923828125 347.92791748046875 519.9758911132812
29.202110290527344 215.70127868652344 330.5992126464844 377.6737976074219
63.86042022705078 88.38140869140625 230.06149291992188 122.96028137207031
21.271005630493164 392.5755310058594 54.95343017578125 428.6287841796875
21.378620147705078 544.5765380859375 54.94268035888672 580.82080078125
295.6370544433594 6.086728572845459 309.66058349609375 17.82883644104004
63.803077697753906 468.315673828125 230.10366821289062 503.05914306640625
64.2708969116211 185.64321899414062 129.81224060058594 198.53887939453125
13.26428508758545 74.38951110839844 348.3815002441406 139.57847595214844
80.43795776367188 251.04620361328125 114.9764404296875 301.3701171875
13.989039421081543 530.7947998046875 348.3921813964844 596.5462036132812
311.97381591796875 27.063188552856445 346.7677307128906 56.326236724853516
222.2638702392578 250.97683715820312 256.4162292480469 301.4862060546875
21.334716796875 468.671142578125 55.00553894042969 504.6658630371094
63.96104431152344 164.4192657470703 230.05245971679688 181.68946838378906
21.337413787841797 88.67842864990234 55.18912887573242 124.6883316040039
63.75783157348633 544.3624267578125 230.11729431152344 578.734375
