659.1315307617188 2821.79931640625 776.8748779296875 3001.28076171875
704.4956665039062 485.00433349609375 1152.003173828125 691.3843383789062
375.17974853515625 2874.6005859375 528.5012817382812 3001.487548828125
1201.89599609375 2875.54248046875 1298.319091796875 3007.7294921875
937.3793334960938 2876.32666015625 1029.7740478515625 3001.42822265625
131.12664794921875 2871.335205078125 246.23330688476562 3001.697509765625
375.17974853515625 2958.1767578125 528.5012817382812 3001.487548828125
1268.427490234375 443.566162109375 1438.439208984375 998.5448608398438
661.5069580078125 441.781982421875 1219.839599609375 999.1068115234375
1040.11669921875 46.06950378417969 1383.16552734375 172.71763610839844
55.5278205871582 442.9389953613281 609.68115234375 997.51904296875
131.12664794921875 2957.888427734375 246.23330688476562 3001.697509765625
675.663330078125 2958.351318359375 766.395751953125 3001.28076171875
937.3793334960938 2958.1513671875 1029.7740478515625 3001.42822265625
1150.4051513671875 261.19183349609375 1230.66650390625 338.2791748046875
1201.89599609375 2961.2265625 1298.319091796875 3007.7294921875
95.69915008544922 844.390869140625 357.844970703125 896.5321655273438
1307.6651611328125 631.7506103515625 1437.1151123046875 912.2800903320312
659.1315307617188 2821.79931640625 776.8748779296875 2937.85986328125
808.2941284179688 500.3855285644531 973.4115600585938 547.8676147460938
674.4772338867188 26.03856658935547 763.9596557617188 116.1742172241211
704.4956665039062 589.91162109375 1152.003173828125 691.3843383789062
112.75279235839844 276.9632873535156 561.962158203125 341.2982177734375
60.860652923583984 232.62725830078125 1381.173828125 380.73065185546875
707.2056274414062 485.00433349609375 773.2708740234375 553.39599609375
415.0045166015625 2874.6005859375 490.4151916503906 2939.745361328125
1274.5294189453125 266.12347412109375 1326.8868408203125 338.75653076171875
1218.227783203125 2875.54248046875 1282.1171875 2939.311279296875
104.18183898925781 486.96026611328125 161.01622009277344 550.3694458007812
201.71807861328125 497.7124328613281 552.9893798828125 548.1300048828125
633.9974975585938 2.379075050354004 804.8313598632812 158.24551391601562
952.0565795898438 2876.32666015625 1017.638427734375 2940.37646484375
153.1918182373047 2871.335205078125 222.8185272216797 2942.91943359375
1312.276611328125 864.16162109375 1423.302001953125 911.0623779296875
55.331031799316406 444.4429016113281 610.5963134765625 995.9454956054688
3.289504051208496 2830.699462890625 1438.2862548828125 3039.231201171875
