20.038007736206055 175.07205200195312 173.8544464111328 260.3648681640625
35.35113525390625 606.865966796875 149.341552734375 731.246826171875
35.3564338684082 606.865966796875 138.68450927734375 678.1226806640625
210.2490234375 606.3026123046875 324.3623046875 731.491943359375
209.93711853027344 606.3026123046875 287.9296875 677.9927978515625
35.21976852416992 299.56048583984375 138.9552764892578 371.41595458984375
34.66534423828125 299.56048583984375 149.44239807128906 451.573974609375
209.68450927734375 299.8073425292969 324.2593688964844 451.8199462890625
209.8954620361328 299.8073425292969 288.0890197753906 371.3042907714844
35.35113525390625 688.404541015625 149.341552734375 731.246826171875
209.68450927734375 380.9010314941406 324.2593688964844 451.8199462890625
19.421344757080078 549.3673095703125 107.77021789550781 568.6776123046875
210.2490234375 688.2906494140625 324.3623046875 731.491943359375
40.68606948852539 747.7802124023438 63.11072540283203 770.1968994140625
20.038007736206055 242.14328002929688 173.8544464111328 260.3648681640625
35.21976852416992 358.5191345214844 138.9552764892578 371.41595458984375
34.66534423828125 380.7523498535156 149.44239807128906 451.573974609375
220.35897827148438 747.5720825195312 243.05601501464844 769.033447265625
131.53662109375 748.1639404296875 152.38809204101562 769.5755615234375
291.7531433105469 550.1640625 331.5996398925781 565.4317626953125
311.6861877441406 747.8204345703125 332.63446044921875 769.7806396484375
275.3075256347656 284.0000305175781 355.08074951171875 329.6473388671875
195.42312622070312 590.83447265625 356.49786376953125 731.803466796875
298.8305969238281 158.58526611328125 355.4209899902344 214.9394989013672
291.8421630859375 243.11289978027344 331.6119689941406 258.5393981933594
36.107120513916016 606.6185302734375 80.0309066772461 650.7803344726562
20.175933837890625 158.876708984375 285.2126159667969 214.8834991455078
336.3619384765625 16.585599899291992 358.83538818359375 28.60848045349121
36.01882553100586 299.5264587402344 80.04733276367188 343.7981872558594
35.3564338684082 665.8640747070312 138.68450927734375 678.1226806640625
328.9773254394531 67.98870849609375 355.5229187011719 97.13875579833984
205.25975036621094 71.60918426513672 230.47323608398438 98.15814971923828
209.93711853027344 665.90966796875 287.9296875 677.9927978515625
210.9066619873047 606.0514526367188 255.38975524902344 650.7225341796875
315.8515319824219 15.312572479248047 331.021240234375 29.189712524414062
19.896984100341797 73.14312744140625 253.2951202392578 125.98041534423828
34.824344635009766 14.866822242736816 59.36509323120117 29.479257583618164
298.6724548339844 158.6587677001953 355.4913330078125 214.61888122558594
36.10264587402344 473.8167419433594 89.41529083251953 493.60125732421875
19.81212043762207 284.07550048828125 181.0146026611328 512.8624877929688
99.83403015136719 284.3201599121094 179.42724609375 330.0423278808594
210.7510223388672 299.6042785644531 255.33518981933594 343.6517333984375
99.81468963623047 591.2055053710938 178.57675170898438 637.0855712890625
44.407814025878906 175.07205200195312 67.32422637939453 198.4966278076172
210.98764038085938 473.82763671875 264.62640380859375 493.75762939453125
79.75759887695312 179.43890380859375 189.48390197753906 196.89683532714844
275.0181884765625 591.1542358398438 354.9218444824219 636.87255859375
20.669029235839844 591.3058471679688 181.5673370361328 731.6134033203125
293.2892150878906 16.311891555786133 311.5869445800781 30.01810073852539
209.8954620361328 358.91387939453125 288.0890197753906 371.3042907714844
96.64991760253906 666.1533813476562 138.37574768066406 677.576416015625
194.97015380859375 284.21673583984375 356.19891357421875 512.8834228515625
36.1094970703125 606.865966796875 79.89569854736328 650.4699096679688
210.86123657226562 606.3026123046875 255.2662353515625 650.426513671875
35.96584701538086 299.56048583984375 80.0115966796875 343.58953857421875
210.733154296875 299.8073425292969 255.17945861816406 343.54803466796875
