525.6504516601562 2290.890869140625 644.871337890625 2407.217529296875
72.38770294189453 570.8958740234375 727.8794555664062 631.8193359375
936.119873046875 56.25921630859375 986.7966918945312 96.5409164428711
608.609130859375 1356.014892578125 1099.9771728515625 1823.0447998046875
71.08438110351562 1184.423828125 558.1134033203125 1297.9708251953125
71.62301635742188 1052.7198486328125 547.6741943359375 1160.462890625
71.73992919921875 705.6824951171875 560.5155639648438 1233.9429931640625
608.021728515625 706.761962890625 1099.2215576171875 1175.067138671875
66.98252868652344 1706.52294921875 526.8887939453125 1943.0341796875
70.8243637084961 1357.0430908203125 561.6975708007812 1822.8743896484375
106.5726089477539 296.7622985839844 1064.0643310546875 442.0331726074219
101.6554946899414 30.65082550048828 296.82421875 102.68508911132812
842.0949096679688 46.06528854370117 921.4130249023438 114.40516662597656
999.9080200195312 43.602970123291016 1094.199462890625 111.41548156738281
71.72240447998047 705.7130737304688 560.445556640625 1032.4444580078125
608.9147338867188 1356.085693359375 1099.9915771484375 1685.804931640625
304.2065734863281 196.2850799560547 867.2367553710938 252.80796813964844
606.1759033203125 1706.959716796875 1056.7899169921875 1945.2152099609375
2.31636381149292 2059.54248046875 1168.376953125 2247.189453125
608.2830810546875 706.6748046875 1099.459716796875 1036.9200439453125
208.05706787109375 2367.008544921875 301.10650634765625 2409.63916015625
606.055419921875 1055.790771484375 1090.190673828125 1289.8447265625
71.1169662475586 1356.95263671875 561.377685546875 1685.1546630859375
