32.54847717285156 740.669189453125 61.04650115966797 776.5458374023438
315.2518615722656 739.5225830078125 342.5497741699219 776.7372436523438
220.30538940429688 741.6438598632812 247.86834716796875 776.5673828125
128.8584442138672 742.2367553710938 151.7022705078125 776.611083984375
200.1887664794922 175.10003662109375 350.510498046875 252.2318878173828
200.40907287597656 175.10003662109375 301.7412414550781 388.52850341796875
200.69778442382812 175.10003662109375 286.4073181152344 251.9163818359375
200.99070739746094 175.10003662109375 350.1191711425781 236.1227569580078
200.119384765625 175.10003662109375 350.18707275390625 389.0026550292969
25.004179000854492 311.8235778808594 61.45183181762695 409.4773254394531
24.379520416259766 311.8235778808594 139.6869659423828 388.49945068359375
24.752452850341797 311.8235778808594 139.5973358154297 371.1780090332031
23.734861373901367 311.8235778808594 176.17054748535156 388.86236572265625
200.40907287597656 311.6778564453125 301.7412414550781 388.52850341796875
200.119384765625 311.6778564453125 350.18707275390625 389.0026550292969
24.797609329223633 174.87765502929688 78.790283203125 235.30650329589844
24.736225128173828 174.87765502929688 104.83499145507812 252.50721740722656
24.379520416259766 174.87765502929688 139.6869659423828 388.49945068359375
24.752452850341797 174.87765502929688 139.5973358154297 371.1780090332031
23.734861373901367 174.87765502929688 176.17054748535156 388.86236572265625
32.54847717285156 740.6637573242188 61.04650115966797 776.5458374023438
128.8584442138672 765.0866088867188 151.7022705078125 776.611083984375
220.30538940429688 764.8355102539062 247.86834716796875 776.5673828125
32.54847717285156 765.2546997070312 61.04650115966797 776.5458374023438
36.966156005859375 740.669189453125 56.93901824951172 761.572509765625
315.2518615722656 765.117919921875 342.5497741699219 776.7372436523438
192.71917724609375 299.58380126953125 361.1472473144531 427.4901123046875
319.64825439453125 739.5225830078125 336.80157470703125 761.5534057617188
61.318138122558594 399.1579284667969 81.0950698852539 411.1647644042969
33.03107452392578 14.700140953063965 63.4247932434082 30.30568504333496
221.75437927246094 741.6438598632812 246.98887634277344 759.5751953125
200.1887664794922 219.76499938964844 350.510498046875 252.2318878173828
129.9159393310547 742.2367553710938 151.3666229248047 759.634033203125
200.40907287597656 355.29345703125 301.7412414550781 388.52850341796875
17.53557777404785 164.02493286132812 184.5128631591797 291.09344482421875
47.986167907714844 263.76641845703125 66.88483428955078 275.16046142578125
203.67262268066406 175.10003662109375 234.83203125 204.0223846435547
17.281673431396484 299.7725524902344 184.45443725585938 427.12493896484375
24.797609329223633 220.62046813964844 78.790283203125 235.30650329589844
16.47780418395996 64.0098876953125 180.10641479492188 90.31329345703125
266.1901550292969 263.3504333496094 287.0857849121094 274.94384765625
25.004179000854492 311.8235778808594 61.45183181762695 337.2508850097656
316.9673156738281 16.04427719116211 331.59185791015625 29.047916412353516
24.736225128173828 239.14158630371094 104.83499145507812 252.50721740722656
200.78404235839844 311.6778564453125 237.69464111328125 337.1694030761719
25.013051986694336 401.3394470214844 58.67777633666992 409.4773254394531
26.88002586364746 174.87765502929688 58.98688888549805 203.02891540527344
296.3597412109375 399.2869567871094 317.27203369140625 411.15740966796875
36.88530731201172 740.6637573242188 56.91947555541992 761.59912109375
24.379520416259766 355.4720153808594 139.6869659423828 388.49945068359375
24.74342918395996 376.29278564453125 60.14411544799805 387.8560791015625
200.69778442382812 238.52859497070312 286.4073181152344 251.9163818359375
200.99070739746094 220.3705291748047 350.1191711425781 236.1227569580078
200.119384765625 355.06158447265625 350.18707275390625 389.0026550292969
24.752452850341797 355.8695068359375 139.5973358154297 371.1780090332031
23.734861373901367 355.13568115234375 176.17054748535156 388.86236572265625
