10.06397533416748 0.3446672260761261 75.61112213134766 37.00424575805664
20.832778930664062 58.663795471191406 130.67449951171875 81.04631042480469
156.02789306640625 707.518798828125 219.1376190185547 719.9827880859375
336.22198486328125 657.1373291015625 374.9842529296875 670.6331787109375
165.789306640625 692.9655151367188 209.23402404785156 705.3902587890625
120.12872314453125 572.7661743164062 199.90975952148438 669.35107421875
310.3601379394531 747.144775390625 329.5480651855469 769.0977172851562
319.9415588378906 573.77392578125 374.7964782714844 652.693603515625
219.8837432861328 572.63037109375 299.57623291015625 669.350830078125
189.9338836669922 337.7377624511719 340.5634765625 487.92071533203125
120.12747192382812 572.5639038085938 199.9083709716797 652.6162719726562
19.75457191467285 572.6255493164062 100.32720184326172 669.607421875
332.01153564453125 10.792346000671387 358.6846923828125 23.010242462158203
19.57723045349121 103.53948211669922 170.27093505859375 422.00384521484375
359.8416442871094 103.29431915283203 375.0000915527344 252.8302459716797
189.8948516845703 103.44556427001953 340.6768493652344 422.21710205078125
20.100614547729492 336.979248046875 169.66136169433594 487.9992370605469
19.90839195251465 572.4489135742188 100.18578338623047 652.9431762695312
189.78709411621094 337.948486328125 340.6284484863281 516.820068359375
315.7433776855469 10.943992614746094 327.2955627441406 21.954675674438477
19.87392234802246 337.4809265136719 169.7368927001953 553.62109375
320.0238952636719 573.6021118164062 374.7752990722656 652.8089599609375
19.816791534423828 103.18553161621094 170.16815185546875 252.74945068359375
338.67022705078125 695.2904052734375 360.9376220703125 717.9136962890625
189.97628784179688 103.10675048828125 340.6344299316406 252.98196411132812
219.9514617919922 572.6159057617188 299.4957580566406 652.716064453125
132.75857543945312 747.1452026367188 242.93638610839844 800.1870727539062
