19.510639190673828 103.39932250976562 170.34410095214844 390.2292785644531
165.76158142089844 692.9527587890625 209.31402587890625 705.4692993164062
25.308969497680664 430.09783935546875 41.53813171386719 564.9439697265625
190.11854553222656 102.96975708007812 340.3450622558594 386.37371826171875
277.98907470703125 371.2542724609375 325.2651062011719 391.8446044921875
68.05229187011719 487.8175048828125 127.33888244628906 505.0185852050781
46.72970962524414 746.0824584960938 67.24266052246094 768.9773559570312
332.1531982421875 10.823741912841797 357.963134765625 22.987171173095703
67.9681396484375 603.5260009765625 132.2370147705078 620.2842407226562
67.65756225585938 429.2857971191406 182.23348999023438 447.73309326171875
20.8100528717041 485.95220947265625 101.95507049560547 682.2964477539062
155.90492248535156 707.3330688476562 219.33778381347656 720.3521728515625
315.49664306640625 10.672829627990723 327.5960388183594 22.412979125976562
310.4178161621094 747.0077514648438 329.6361083984375 769.3478393554688
132.71731567382812 746.9371948242188 242.9945068359375 800.1318969726562
12.195249557495117 0.4512931704521179 72.88758087158203 34.389930725097656
338.7264404296875 695.1296997070312 361.11370849609375 718.1940307617188
20.854537963867188 58.63410949707031 130.64474487304688 81.02332305908203
359.845458984375 103.1208724975586 374.9353332519531 253.23358154296875
25.37480354309082 430.0107421875 41.483001708984375 449.59014892578125
19.734861373901367 103.10894012451172 170.26451110839844 252.89784240722656
293.21099853515625 11.146591186523438 310.85845947265625 23.556415557861328
