19.570690155029297 68.54673767089844 109.8755111694336 288.2161560058594
19.621213912963867 68.54673767089844 195.983642578125 207.8845672607422
258.08203125 326.58990478515625 374.6510009765625 461.7124328613281
258.9219055175781 326.58990478515625 305.8985290527344 533.9041748046875
258.8346862792969 326.58990478515625 339.1519775390625 534.273681640625
258.27740478515625 326.58990478515625 336.31658935546875 407.7142028808594
35.20387649536133 326.2240295410156 202.0399932861328 461.7314758300781
35.338802337646484 326.2240295410156 138.71868896484375 407.6114807128906
35.96677017211914 326.2240295410156 116.07849884033203 534.2752075195312
19.700294494628906 476.92742919921875 181.1604461669922 607.3216552734375
19.570690155029297 73.15144348144531 109.8755111694336 288.2161560058594
19.621213912963867 73.15144348144531 195.983642578125 207.8845672607422
258.08203125 270.8619689941406 374.6510009765625 461.7124328613281
41.491092681884766 748.248046875 62.40055465698242 769.5985107421875
35.20387649536133 415.79888916015625 202.0399932861328 461.7314758300781
19.93113136291504 68.54673767089844 62.74277114868164 111.28271484375
19.700294494628906 588.5348510742188 181.1604461669922 607.3216552734375
261.5885925292969 326.58990478515625 296.8829650878906 362.512451171875
38.56556701660156 326.2240295410156 73.68226623535156 362.6928405761719
232.36061096191406 631.7061767578125 374.5130920410156 694.3798217773438
258.08203125 415.6737060546875 374.6510009765625 461.7124328613281
35.794883728027344 476.92742919921875 52.42955780029297 493.92669677734375
220.41017150878906 747.2084350585938 242.98255920410156 768.79736328125
20.483427047729492 632.176025390625 215.88832092285156 694.609619140625
311.6477966308594 747.5335083007812 332.5604553222656 769.5552978515625
57.05758285522461 477.7450256347656 120.67938232421875 492.0033874511719
19.570690155029297 268.3150939941406 109.8755111694336 288.2161560058594
312.7565612792969 668.0978393554688 374.71954345703125 680.9358520507812
291.9937744140625 590.31298828125 331.5527648925781 605.0094604492188
294.29150390625 644.2340087890625 374.50103759765625 659.7763671875
19.9544620513916 309.6002502441406 223.1544647216797 379.8111572265625
315.9301452636719 15.514181137084961 330.8062744140625 29.17418670654297
130.69171142578125 747.1925048828125 153.17381286621094 769.8345947265625
82.51602935791016 644.10546875 156.19979858398438 659.8546752929688
291.92169189453125 269.48980712890625 331.5704650878906 284.2388000488281
35.338802337646484 394.7541198730469 138.71868896484375 407.6114807128906
33.69169235229492 644.0623168945312 71.45136260986328 682.7345581054688
242.88189697265625 309.7287902832031 374.6042785644531 379.5193176269531
35.96677017211914 519.8327026367188 116.07849884033203 534.2752075195312
333.2277526855469 188.556640625 352.5360412597656 204.6849365234375
19.621213912963867 153.21876525878906 195.983642578125 207.8845672607422
72.6504898071289 68.79776763916016 210.36831665039062 111.23483276367188
24.68777847290039 73.15144348144531 57.88652038574219 110.4542236328125
83.09104919433594 668.861572265625 95.30560302734375 682.2474365234375
258.9219055175781 520.494384765625 305.8985290527344 533.9041748046875
294.64532470703125 669.1053466796875 307.4307861328125 682.3262329101562
236.3208465576172 91.01626586914062 254.3562469482422 110.45365142822266
244.16648864746094 641.9628295898438 284.04949951171875 682.4677734375
100.95903778076172 668.0797729492188 186.84979248046875 680.7072143554688
256.0165710449219 91.43356323242188 274.70343017578125 110.11312866210938
73.93047332763672 91.67103576660156 209.4559326171875 110.73759460449219
279.88507080078125 478.68658447265625 350.4453125 491.8375549316406
329.09912109375 82.38468170166016 355.311279296875 110.2767562866211
214.7208709716797 91.01526641845703 235.10060119628906 110.21215057373047
293.1305847167969 16.297224044799805 311.47540283203125 30.006855010986328
258.8346862792969 519.80419921875 339.1519775390625 534.273681640625
311.7923278808594 747.78466796875 332.3946533203125 769.1898803710938
23.500057220458984 0.2652626633644104 67.74726104736328 40.987953186035156
344.0236511230469 270.8619689941406 351.6021423339844 283.4020080566406
73.56871032714844 69.17691802978516 152.759521484375 83.3373031616211
258.27740478515625 394.9612731933594 336.31658935546875 407.7142028808594
