1273.6514892578125 29.841812133789062 1363.7154541015625 192.45654296875
85.85765838623047 2178.27294921875 219.1109161376953 2324.18701171875
1121.1217041015625 2274.7529296875 1375.9464111328125 2530.245361328125
85.6874771118164 1874.254150390625 218.8506622314453 2019.5986328125
85.35294342041016 657.3359375 218.73324584960938 803.5301513671875
85.24758911132812 353.8706970214844 219.8163604736328 499.70556640625
198.5615234375 1084.8111572265625 624.3330078125 1146.3485107421875
85.81855773925781 1874.148193359375 218.82516479492188 2019.063720703125
256.73504638671875 658.0323486328125 920.5789184570312 725.0999755859375
257.53533935546875 1875.1243896484375 918.6607666015625 1942.4451904296875
1273.6514892578125 125.99821472167969 1363.7154541015625 192.45654296875
204.4276123046875 844.91845703125 433.176513671875 917.070556640625
85.6798324584961 24.775888442993164 182.55824279785156 73.5728530883789
85.90471649169922 2178.330322265625 218.9877471923828 2323.74169921875
257.9566955566406 2263.400634765625 518.50390625 2314.2080078125
1120.635986328125 2274.79052734375 1375.8553466796875 2530.252197265625
193.5583038330078 1081.6541748046875 684.8422241210938 1630.7099609375
197.231689453125 1204.81591796875 684.7911987304688 1269.8463134765625
83.17212677001953 127.13021850585938 763.319091796875 201.8319091796875
589.7722778320312 440.03155517578125 705.4650268554688 490.2499084472656
257.031982421875 354.83154296875 919.9183959960938 423.0001220703125
58.03858184814453 1817.155029296875 1393.236328125 2080.189697265625
1086.260009765625 27.33702850341797 1147.052001953125 72.8117446899414
589.1204833984375 2264.0400390625 706.1690673828125 2312.984130859375
85.55255889892578 657.5965576171875 218.65328979492188 803.241455078125
590.107666015625 1960.45654296875 705.2557983398438 2009.941162109375
257.763671875 743.2546997070312 517.9048461914062 772.8453369140625
54.251304626464844 298.2577819824219 1393.4771728515625 557.984130859375
255.32911682128906 353.154052734375 920.481201171875 492.100830078125
197.75665283203125 1325.984130859375 683.905029296875 1390.8697509765625
257.5263977050781 1959.6514892578125 518.1378784179688 2010.9326171875
198.6504669189453 963.0935668945312 624.4644165039062 1022.9013061523438
57.40266418457031 601.7318725585938 1390.9320068359375 857.6964111328125
113.763427734375 772.6009521484375 1323.9464111328125 1718.61962890625
57.71135330200195 2123.8330078125 1393.311767578125 2384.531005859375
1162.16259765625 948.8472900390625 1243.3052978515625 1007.903076171875
255.9084930419922 1872.53955078125 920.8270874023438 2013.1456298828125
1117.5078125 118.50935363769531 1199.32763671875 200.58645629882812
257.52484130859375 2178.864013671875 918.49609375 2246.51806640625
1278.5457763671875 29.841812133789062 1350.535888671875 66.79261016845703
198.31663513183594 1567.9473876953125 666.7042236328125 1627.929931640625
1183.001708984375 24.677303314208984 1238.906005859375 71.8150634765625
1084.8541259765625 105.5494613647461 1227.7227783203125 224.12472534179688
68.5138931274414 1.829237937927246 202.28851318359375 101.43413543701172
1251.520751953125 108.99642944335938 1384.9136962890625 224.5868682861328
256.78070068359375 438.30865478515625 518.6525268554688 490.92437744140625
85.42045593261719 354.07098388671875 219.68304443359375 498.93316650390625
257.05535888671875 742.7282104492188 706.441650390625 774.010986328125
255.9249725341797 2176.921142578125 920.6363525390625 2315.82470703125
