23.474294662475586 46.09346389770508 71.92638397216797 138.64837646484375
23.474294662475586 46.09346389770508 71.92638397216797 228.8590087890625
26.847408294677734 529.7703247070312 58.1448860168457 587.3320922851562
162.580810546875 524.8547973632812 213.02072143554688 541.8793334960938
278.0553283691406 608.2109375 351.3913879394531 642.6110229492188
29.91606330871582 124.71099853515625 62.68865203857422 138.64837646484375
51.931488037109375 524.8505249023438 114.6630859375 541.6289672851562
262.683837890625 524.6765747070312 309.302734375 541.688720703125
26.847408294677734 572.0652465820312 58.1448860168457 587.3320922851562
29.790592193603516 156.4512176513672 148.96702575683594 173.39849853515625
29.83756446838379 309.10113525390625 61.99201202392578 322.71636962890625
29.641538619995117 402.828857421875 101.44754028320312 417.5743713378906
148.52658081054688 659.1097412109375 225.68817138671875 673.076416015625
29.506479263305664 247.0093536376953 132.6968231201172 264.2261657714844
29.887704849243164 493.5565490722656 60.764320373535156 508.8418273925781
162.18429565429688 732.638916015625 215.39849853515625 750.2326049804688
23.747121810913086 608.169677734375 100.79991912841797 644.7632446289062
23.333215713500977 46.10099411010742 72.04808044433594 93.54253387451172
190.1365966796875 608.077880859375 272.0060119628906 642.5486450195312
29.761991500854492 434.238525390625 255.99818420410156 452.74114990234375
61.785255432128906 340.1784973144531 102.05422973632812 356.8845520019531
119.56326293945312 325.66143798828125 144.8363800048828 341.8178405761719
284.8079528808594 325.7497253417969 309.6416320800781 341.5712585449219
29.889989852905273 215.3853759765625 59.254337310791016 228.8590087890625
106.86868286132812 608.0119018554688 183.83677673339844 644.6419677734375
23.53226089477539 715.3104248046875 351.8244323730469 772.2899780273438
226.5367431640625 340.07708740234375 267.3305358886719 357.1725769042969
298.32403564453125 616.3296508789062 331.33984375 631.0294799804688
23.474294662475586 46.09346389770508 71.92638397216797 93.2635269165039
326.112060546875 242.8888397216797 344.0804138183594 262.74334716796875
106.7925796508789 608.0592041015625 183.80068969726562 644.822998046875
23.696054458618164 608.1643676757812 100.79142761230469 644.7049560546875
29.217824935913086 529.7703247070312 42.38959884643555 543.3071899414062
140.8550567626953 530.4590454101562 153.0405731201172 543.0016479492188
156.87278747558594 519.6445922851562 221.47259521484375 547.5205688476562
240.80398559570312 530.35595703125 253.0527801513672 543.261962890625
29.405147552490234 433.636962890625 338.1365051269531 453.153564453125
148.3700408935547 56.90005111694336 226.6107177734375 75.03012084960938
