55.466609954833984 851.1893310546875 1139.2073974609375 914.9580078125
53.11531448364258 2051.115234375 1152.1920166015625 2112.20654296875
45.2706413269043 936.3699340820312 1138.3526611328125 1090.4056396484375
43.37651443481445 644.69140625 1136.645751953125 799.3650512695312
93.7168197631836 1133.8465576171875 1092.578369140625 1190.9478759765625
37.96904373168945 103.0113525390625 95.56928253173828 153.345947265625
43.71565628051758 1550.6097412109375 1136.3619384765625 1704.232666015625
92.36366271972656 533.5986328125 1092.353515625 590.07177734375
58.05518341064453 99.48480224609375 230.32957458496094 306.69439697265625
132.94700622558594 61.20320510864258 1143.7984619140625 191.7259979248047
45.86094284057617 339.4566955566406 1137.3525390625 487.32635498046875
43.86186218261719 1842.485107421875 1136.4625244140625 1998.3944091796875
2.942823886871338 2169.619384765625 1176.5198974609375 2416.368408203125
54.95585632324219 1753.0452880859375 1144.221435546875 1826.735595703125
94.346435546875 1440.11669921875 1090.4979248046875 1498.2362060546875
45.02141571044922 1244.286865234375 1137.765380859375 1397.110595703125
