147.69131469726562 909.89453125 343.6722106933594 958.7804565429688
2.965803623199463 201.75418090820312 1165.0703125 337.42242431640625
146.58255004882812 1434.729736328125 251.86094665527344 1481.69970703125
412.24151611328125 2194.141357421875 471.1337890625 2260.7431640625
37.58780288696289 85.11151885986328 95.23243713378906 135.0325164794922
38.855709075927734 460.72283935546875 108.88030242919922 532.7830810546875
29.998037338256836 1030.2486572265625 393.73687744140625 1070.1815185546875
146.3455810546875 765.308837890625 384.6557922363281 817.20166015625
1.916860580444336 571.2935791015625 1177.66259765625 715.1153564453125
147.58111572265625 477.9415588378906 285.7646789550781 524.4667358398438
39.19184494018555 750.6782836914062 107.74340057373047 820.6448974609375
694.4035034179688 2188.29736328125 780.1151733398438 2264.012451171875
1019.78369140625 76.50010681152344 1121.6407470703125 291.287109375
147.37884521484375 1870.16650390625 245.92962646484375 1917.2886962890625
146.1754913330078 1291.0487060546875 436.6478271484375 1340.2757568359375
133.5220184326172 43.75221252441406 1140.521240234375 173.18569946289062
29.881664276123047 361.2693786621094 393.9659729003906 401.3828430175781
117.13009643554688 2199.717529296875 176.20947265625 2257.645751953125
38.33770751953125 1853.8388671875 107.32372283935547 1924.89013671875
146.68630981445312 1147.1595458984375 399.2649230957031 1197.6666259765625
56.76730728149414 2029.6552734375 1108.5867919921875 2156.549072265625
1001.8225708007812 2201.353271484375 1060.6187744140625 2250.217041015625
147.02984619140625 1724.2410888671875 251.58567810058594 1771.7484130859375
