45.098785400390625 332.04083251953125 574.6824951171875 476.3482360839844
2.111765146255493 1.0297415256500244 1176.936279296875 172.0155487060547
45.85635757446289 1888.3699951171875 391.1866149902344 2175.23876953125
605.2271118164062 505.82843017578125 1133.5574951171875 650.4330444335938
999.6984252929688 193.1466827392578 1073.3773193359375 248.33438110351562
787.319580078125 1494.696044921875 1133.8212890625 1840.9378662109375
608.66650390625 823.8108520507812 1149.2464599609375 1241.9488525390625
416.02508544921875 1889.7652587890625 762.9732666015625 2173.616455078125
415.4881591796875 1888.8336181640625 762.79833984375 2173.6259765625
45.978511810302734 506.18170166015625 574.3659057617188 650.2866821289062
997.7310791015625 1391.3297119140625 1134.623779296875 1440.9251708984375
34.70167922973633 179.07464599609375 120.38554382324219 264.5798034667969
45.186683654785156 1494.512939453125 391.8647155761719 1840.7296142578125
695.29150390625 2205.559814453125 780.3414306640625 2281.500244140625
415.9762878417969 1494.056396484375 762.7802124023438 1841.3450927734375
997.8744506835938 720.6351928710938 1134.736572265625 769.4330444335938
116.24370574951172 2218.257568359375 176.88275146484375 2277.63720703125
44.729408264160156 822.8076171875 585.3191528320312 1242.126708984375
1086.3712158203125 199.2122344970703 1142.3175048828125 242.3343963623047
605.2759399414062 331.855224609375 1133.8319091796875 476.37493896484375
695.0782470703125 2206.256591796875 780.3682861328125 2281.81982421875
793.172607421875 1890.4764404296875 1129.0546875 2174.137451171875
44.4619026184082 1389.4058837890625 292.96429443359375 1449.632568359375
412.1387939453125 2212.396728515625 471.94403076171875 2279.34521484375
142.49571228027344 197.59591674804688 406.32098388671875 249.47384643554688
43.57955551147461 718.4030151367188 350.615478515625 774.0704956054688
