301.8652038574219 52.916072845458984 349.34234619140625 100.71134185791016
194.37332153320312 593.6808471679688 332.3278503417969 707.9628295898438
122.46112823486328 107.94911193847656 259.8714904785156 250.48394775390625
86.50750732421875 614.1185913085938 135.3633270263672 708.6749267578125
194.11741638183594 281.5065002441406 332.1842956542969 420.0014343261719
42.30536651611328 437.8229064941406 179.7266845703125 575.4439086914062
28.629653930664062 710.3859252929688 345.7374267578125 782.796875
194.2945556640625 438.00531005859375 331.90045166015625 575.5573120117188
143.36521911621094 94.07669830322266 231.98822021484375 179.7879638671875
41.831871032714844 281.59039306640625 180.0525360107422 554.3469848632812
41.82839584350586 593.5589599609375 180.1551971435547 708.3939208984375
42.0273551940918 281.4761047363281 179.9359893798828 420.0452880859375
193.87338256835938 281.81500244140625 332.2915954589844 554.43896484375
