224.0653839111328 139.08750915527344 312.3263244628906 175.8356170654297
124.81881713867188 139.2543182373047 212.01425170898438 175.71624755859375
260.2101135253906 836.1356811523438 308.319580078125 876.59423828125
47.81261444091797 835.9993896484375 95.68807220458984 876.5760498046875
120.05438232421875 834.64013671875 236.93019104003906 878.2757568359375
43.702388763427734 563.4063720703125 104.03378295898438 623.6920166015625
332.0933532714844 835.662841796875 380.3091735839844 876.7158203125
123.99571990966797 691.9052124023438 246.5738525390625 711.4481811523438
43.6214714050293 331.00433349609375 104.325439453125 391.61358642578125
123.2944564819336 600.0155029296875 177.1562042236328 613.1399536132812
43.74128723144531 679.8740844726562 103.89909362792969 740.1099853515625
39.68883514404297 148.6122283935547 98.48670196533203 166.242919921875
124.25495910644531 459.6396179199219 297.86541748046875 478.56451416015625
123.64169311523438 252.34375 177.224609375 265.1329040527344
124.16665649414062 368.7007141113281 177.15171813964844 380.826171875
33.73295211791992 15.217951774597168 60.24357223510742 30.3148250579834
23.480337142944336 73.57176208496094 124.40901184082031 176.16038513183594
25.202592849731445 549.775390625 403.3660583496094 640.1354370117188
124.13993072509766 343.16973876953125 278.09600830078125 363.8360290527344
43.78621292114258 447.6249694824219 103.77351379394531 507.59136962890625
123.4854507446289 716.6778564453125 177.15711975097656 729.3906860351562
43.689666748046875 331.22021484375 104.20866394042969 391.6019287109375
123.14559936523438 575.64208984375 230.85855102539062 613.7249145507812
332.1703186035156 835.8395385742188 380.1085510253906 876.4269409179688
316.2958068847656 214.65286254882812 376.8611755371094 275.0430908203125
44.034461975097656 448.0872497558594 103.44347381591797 507.2063293457031
123.22647094726562 484.4310302734375 177.22531127929688 496.74676513671875
273.245361328125 844.7149047851562 295.0215759277344 866.3778076171875
43.802894592285156 680.11083984375 103.71041107177734 739.9603271484375
123.45873260498047 342.341552734375 278.8639221191406 381.1925964355469
389.79364013671875 17.464540481567383 411.1827392578125 28.731639862060547
315.6888427734375 562.9199829101562 376.4361877441406 624.0768432617188
43.71836853027344 563.545166015625 103.95391082763672 623.4761352539062
23.43614959716797 73.57048797607422 124.54202270507812 176.06578063964844
124.08122253417969 227.28077697753906 254.58766174316406 247.56390380859375
25.3043155670166 200.7788543701172 403.7815856933594 290.9773864746094
43.43606948852539 215.04696655273438 104.5512466430664 276.3105773925781
47.948707580566406 836.249755859375 95.56299591064453 876.3241577148438
389.8863830566406 17.26658821105957 411.0370788574219 28.870704650878906
315.72857666015625 679.0550537109375 376.5533447265625 740.411865234375
315.4712219238281 446.80706787109375 376.3948669433594 507.92877197265625
139.7880096435547 148.59527587890625 198.37539672851562 166.1494140625
25.42564582824707 665.4520263671875 403.23382568359375 756.4841918945312
346.15277099609375 16.492582321166992 364.8824768066406 30.402997970581055
23.309768676757812 811.266845703125 405.00860595703125 903.2108154296875
315.64068603515625 563.0552978515625 376.3576965332031 623.9229125976562
368.8660583496094 15.617057800292969 384.4377136230469 29.163604736328125
123.23532104492188 226.76341247558594 254.70297241210938 265.43603515625
25.675994873046875 432.95166015625 403.4887390136719 523.2597045898438
124.1771240234375 576.173583984375 230.5795135498047 595.2076416015625
123.34532165527344 86.29340362548828 317.0200500488281 112.20787811279297
316.176025390625 330.4192810058594 376.6430358886719 392.1893615722656
260.3084716796875 836.4847412109375 308.22698974609375 876.2139892578125
315.69647216796875 679.2186279296875 376.3534851074219 740.1753540039062
122.97380828857422 459.0822448730469 298.2552795410156 497.3929748535156
25.813831329345703 316.90545654296875 403.63287353515625 406.837890625
27.534896850585938 3.561265707015991 67.58641052246094 41.10129928588867
223.8949737548828 139.38072204589844 312.493896484375 175.581298828125
123.22624206542969 691.1846923828125 246.836181640625 729.9751586914062
