701.1309814453125 325.8858337402344 857.0593872070312 505.43865966796875
50.23009490966797 310.0887756347656 352.9824523925781 632.927734375
43.48834991455078 310.0887756347656 200.9718780517578 506.2214660644531
786.1989135742188 2154.380615234375 886.540771484375 2279.873291015625
96.84878540039062 2166.0546875 164.22576904296875 2279.163330078125
586.9343872070312 1898.9930419921875 814.2081298828125 2014.2252197265625
293.4288024902344 318.994873046875 389.3050231933594 505.1696472167969
481.2367858886719 324.22723388671875 634.8566284179688 505.7809143066406
1003.4291381835938 2163.575927734375 1073.8104248046875 2279.79541015625
833.5205688476562 1200.770751953125 909.0883178710938 1266.068115234375
965.1067504882812 1201.5740966796875 1096.68359375 1414.7745361328125
992.9541015625 1201.5740966796875 1068.8656005859375 1265.21435546875
883.5004272460938 657.6463012695312 1124.7052001953125 855.0662231445312
674.1749267578125 1200.7275390625 748.05712890625 1264.889892578125
939.96484375 316.6165771484375 1051.4833984375 505.29229736328125
769.2091064453125 914.5841064453125 987.5009765625 1000.7486572265625
559.20947265625 552.9937744140625 839.274169921875 879.2404174804688
288.5727844238281 914.7084350585938 508.2931823730469 999.832275390625
47.643272399902344 914.8973999023438 269.7539978027344 1000.8850708007812
529.0839233398438 914.75927734375 748.5203857421875 1000.4483642578125
863.3710327148438 552.7902221679688 1146.29150390625 879.3237915039062
174.968994140625 1752.2041015625 521.5243530273438 1804.6431884765625
631.915771484375 1314.3150634765625 725.3794555664062 1347.005615234375
883.5004272460938 814.199951171875 1124.7052001953125 855.0662231445312
982.9351196289062 2010.1903076171875 1114.33740234375 2052.77685546875
481.2367858886719 458.3869934082031 634.8566284179688 505.7809143066406
608.442626953125 1775.1019287109375 751.93359375 1826.3162841796875
795.8974609375 929.0472412109375 960.538330078125 978.87890625
302.0354919433594 459.4332580566406 378.7039794921875 505.1696472167969
50.31446075439453 684.5036010742188 288.3424377441406 731.49658203125
35.4223747253418 1750.940185546875 163.93675231933594 1804.2259521484375
674.1749267578125 1237.595458984375 748.05712890625 1264.889892578125
965.1067504882812 1384.5506591796875 1096.68359375 1414.7745361328125
672.203857421875 1454.4075927734375 734.360595703125 1483.60400390625
833.5205688476562 1238.5819091796875 909.0883178710938 1266.068115234375
628.465576171875 813.7351684570312 768.9815063476562 855.3607177734375
701.1309814453125 459.84698486328125 857.0593872070312 505.43865966796875
1007.2391967773438 2242.87255859375 1070.313232421875 2279.79541015625
631.5370483398438 1135.8612060546875 724.7499389648438 1166.4195556640625
314.4273376464844 928.169921875 481.5661315917969 980.1165161132812
683.5996704101562 1521.9332275390625 1044.286376953125 1613.8004150390625
992.9541015625 1238.236083984375 1068.8656005859375 1265.21435546875
794.2964477539062 2242.185302734375 855.4309692382812 2279.873291015625
50.23009490966797 580.0197143554688 352.9824523925781 632.927734375
767.333740234375 1058.3023681640625 848.8828735351562 1087.2713623046875
609.3075561523438 585.0872192382812 786.2550048828125 636.4567260742188
43.48834991455078 459.9958801269531 200.9718780517578 506.2214660644531
958.0647583007812 461.3924255371094 1032.292724609375 505.29229736328125
724.724365234375 325.8858337402344 835.4943237304688 426.2571716308594
99.43424224853516 2242.63525390625 160.4956512451172 2279.163330078125
130.35113525390625 1831.6236572265625 280.4646911621094 1871.7783203125
62.158660888671875 310.0887756347656 197.6479949951172 435.5147399902344
786.1989135742188 2154.380615234375 886.540771484375 2236.3251953125
96.84878540039062 2166.0546875 164.22576904296875 2234.649658203125
555.3297729492188 928.1564331054688 722.901123046875 978.6023559570312
614.9140014648438 1114.8616943359375 1130.0452880859375 1287.967529296875
289.1398620605469 2153.07275390625 426.73382568359375 2269.84716796875
1007.0457153320312 919.3527221679688 1144.1044921875 999.525390625
947.6097412109375 580.6896362304688 1119.606689453125 631.1975708007812
355.6646728515625 1896.8504638671875 649.4595947265625 1944.988525390625
987.7391967773438 1454.347412109375 1092.9920654296875 1482.5152587890625
855.8035278320312 1057.9383544921875 949.0031127929688 1088.36474609375
699.9671630859375 1838.81640625 962.9937744140625 1868.5657958984375
661.0321044921875 1898.9930419921875 710.133056640625 1949.2406005859375
671.2054443359375 1386.4818115234375 713.6964721679688 1414.2457275390625
927.8043212890625 1453.108642578125 1098.2587890625 1484.3680419921875
293.4288024902344 318.994873046875 389.3050231933594 432.64892578125
503.0704650878906 324.22723388671875 614.3838500976562 430.9153747558594
283.589599609375 28.075651168823242 422.7358093261719 104.874755859375
33.931121826171875 50.85121536254883 222.00709533691406 105.47389221191406
35.38972854614258 1977.7745361328125 92.70903015136719 2034.1373291015625
38.196693420410156 145.1800537109375 1021.4564819335938 251.61288452148438
794.9762573242188 1019.3846435546875 955.1708374023438 1042.9427490234375
609.1969604492188 1841.18798828125 650.103515625 1866.3697509765625
608.7369995117188 1773.2940673828125 1098.3953857421875 1887.039306640625
48.824913024902344 751.1838989257812 253.78944396972656 828.50341796875
586.9343872070312 1963.3240966796875 814.2081298828125 2014.2252197265625
35.00086212158203 1906.892822265625 120.80287170410156 1955.0499267578125
922.2988891601562 23.60879898071289 1145.218994140625 108.30138397216797
785.25146484375 168.03839111328125 845.8095092773438 225.463623046875
1003.4291381835938 2163.575927734375 1073.8104248046875 2235.988525390625
924.4252319335938 28.500019073486328 999.0607299804688 101.49522399902344
102.22882843017578 1987.7467041015625 157.1984405517578 2025.7105712890625
281.5367736816406 26.239883422851562 425.53314208984375 107.5606918334961
854.4190063476562 1200.770751953125 888.2142944335938 1235.114013671875
1014.4163208007812 1201.5740966796875 1047.701416015625 1236.123046875
937.6766967773438 657.6463012695312 1073.7445068359375 790.5733032226562
493.82550048828125 2100.69775390625 674.571533203125 2285.7958984375
24.33323860168457 555.496826171875 533.7343139648438 876.8606567382812
169.76690673828125 174.23760986328125 289.9006652832031 221.6759490966797
695.26123046875 1200.7275390625 727.420654296875 1234.04638671875
616.97119140625 1198.23291015625 784.1569213867188 1280.0208740234375
939.96484375 316.6165771484375 1051.4833984375 433.26324462890625
630.44384765625 1453.3948974609375 662.6028442382812 1485.0548095703125
765.4508666992188 1776.28271484375 1075.194091796875 1828.9576416015625
630.3974609375 1383.954345703125 660.5133056640625 1413.481689453125
964.131103515625 1190.4228515625 1124.3077392578125 1284.89501953125
672.2547607421875 301.8785705566406 875.5399780273438 523.1095581054688
260.6474609375 2.748912811279297 442.65240478515625 118.34036254882812
