19.372943878173828 627.9302368164062 70.61205291748047 699.487548828125
20.47920799255371 627.9302368164062 68.0739517211914 796.3424072265625
293.5830383300781 627.9039306640625 348.7610168457031 698.0632934570312
296.3951416015625 627.9039306640625 344.1870422363281 795.922119140625
306.79913330078125 736.3326416015625 335.0703125 795.922119140625
88.88539123535156 628.0139770507812 139.7078857421875 710.6049194335938
89.1829605102539 628.0139770507812 137.91558837890625 808.560302734375
89.54232788085938 628.0139770507812 137.0123291015625 709.8781127929688
89.54232788085938 628.0139770507812 137.0123291015625 794.8736572265625
296.9727478027344 727.2012939453125 343.41571044921875 795.922119140625
157.66783142089844 627.4356079101562 207.07313537597656 698.1963500976562
155.3422393798828 627.4356079101562 208.30723571777344 795.6798706054688
367.0339660644531 738.819091796875 412.8200378417969 808.724853515625
366.35894775390625 738.819091796875 412.93463134765625 810.5350341796875
373.0732727050781 738.819091796875 406.0860595703125 794.8825073242188
359.7428283691406 431.524169921875 408.1545715332031 566.7965087890625
226.37985229492188 627.18896484375 276.356201171875 697.6353759765625
226.37985229492188 627.18896484375 276.356201171875 795.5564575195312
27.431983947753906 738.0792236328125 60.742088317871094 796.3424072265625
364.5927734375 627.057861328125 413.471435546875 808.724853515625
364.5927734375 627.057861328125 413.471435546875 810.5350341796875
364.5927734375 627.057861328125 413.471435546875 794.8825073242188
363.0263671875 511.9714050292969 405.1138610839844 566.7965087890625
228.29843139648438 727.2606201171875 274.1812744140625 795.5564575195312
89.1829605102539 726.9627685546875 137.91558837890625 808.560302734375
90.27740478515625 726.9627685546875 136.29177856445312 794.8736572265625
155.3422393798828 726.5875854492188 208.30723571777344 795.6798706054688
160.16671752929688 685.0585327148438 205.58926391601562 698.1963500976562
19.372943878173828 684.4420166015625 70.61205291748047 699.487548828125
293.5830383300781 684.9913940429688 348.7610168457031 698.0632934570312
181.67837524414062 597.2113037109375 230.4786834716797 611.516357421875
365.3563232421875 685.3370971679688 413.69671630859375 697.9165649414062
27.431983947753906 783.090087890625 60.742088317871094 796.3424072265625
239.91725158691406 684.6142578125 263.4617614746094 697.6353759765625
239.52650451660156 782.947509765625 263.58612060546875 795.5564575195312
183.83908081054688 828.50146484375 229.67225646972656 844.651611328125
306.79913330078125 782.9795532226562 335.0703125 795.922119140625
363.0263671875 551.3368530273438 405.1138610839844 566.7965087890625
88.88539123535156 684.3406372070312 139.7078857421875 710.6049194335938
159.2811737060547 726.611572265625 205.43202209472656 773.4686279296875
132.2549285888672 57.778526306152344 200.9336395263672 75.33734130859375
367.0339660644531 796.9110717773438 412.8200378417969 808.724853515625
228.00579833984375 727.0948486328125 274.45452880859375 773.3684692382812
90.10841369628906 727.04541015625 136.43089294433594 773.7825317382812
20.802753448486328 726.8623657226562 67.39192962646484 773.4840698242188
365.8374328613281 726.822265625 412.8028564453125 773.5050659179688
88.16741943359375 783.0179443359375 138.88941955566406 810.6810302734375
296.8795471191406 727.15869140625 343.5976257324219 773.6533203125
366.35894775390625 782.0582275390625 412.93463134765625 810.5350341796875
89.1829605102539 797.1863403320312 137.91558837890625 808.560302734375
20.47920799255371 627.9302368164062 68.0739517211914 675.6873779296875
296.3951416015625 627.9039306640625 344.1870422363281 675.71337890625
307.508544921875 736.3326416015625 330.45648193359375 763.6380615234375
155.3422393798828 782.7157592773438 208.30723571777344 795.6798706054688
89.54232788085938 628.0139770507812 137.0123291015625 675.6636962890625
296.9727478027344 727.2012939453125 343.41571044921875 773.4872436523438
323.4200134277344 15.186925888061523 343.7392272949219 29.570110321044922
348.9433288574219 14.640655517578125 365.2693176269531 28.017967224121094
157.66783142089844 627.4356079101562 207.07313537597656 676.5585327148438
222.85829162597656 56.71061706542969 285.498291015625 73.64944458007812
373.0732727050781 782.5733032226562 406.0860595703125 794.8825073242188
380.0843505859375 738.819091796875 398.7496032714844 761.6464233398438
359.7428283691406 431.524169921875 408.1545715332031 479.0448303222656
226.37985229492188 627.18896484375 276.356201171875 676.8410034179688
375.01116943359375 16.595897674560547 397.1846008300781 28.0412654876709
98.885009765625 698.8300170898438 129.6857452392578 709.8781127929688
31.781259536743164 738.0792236328125 56.39972686767578 760.6570434570312
154.37051391601562 681.2091064453125 214.28546142578125 711.6123657226562
103.85416412353516 783.085693359375 123.244873046875 794.8736572265625
364.5927734375 627.057861328125 413.471435546875 676.5533447265625
295.455810546875 777.369384765625 349.1579895019531 812.617431640625
14.084458351135254 680.6404418945312 78.3922348022461 711.7198486328125
365.30767822265625 511.9714050292969 402.3774719238281 546.65576171875
228.29843139648438 727.2606201171875 274.1812744140625 772.8922119140625
90.27740478515625 726.9627685546875 136.29177856445312 773.4521484375
159.23443603515625 726.5875854492188 205.2309112548828 773.3147583007812
