523.793212890625 2201.42919921875 645.300537109375 2306.78662109375
47.865447998046875 197.55238342285156 235.07687377929688 269.8189697265625
523.793212890625 2268.404052734375 645.300537109375 2306.78662109375
666.4452514648438 554.27490234375 1167.76220703125 744.6475219726562
48.39899826049805 1869.735595703125 1118.278076171875 2119.665283203125
854.3978881835938 658.370849609375 1169.0391845703125 701.662353515625
944.8429565429688 2269.446044921875 1005.0682983398438 2305.37841796875
237.1412353515625 196.88726806640625 885.4299926757812 269.6889953613281
53.48125457763672 1310.141845703125 476.290283203125 1375.0318603515625
55.68443298339844 334.72735595703125 333.653076171875 411.17303466796875
50.3133430480957 554.5858764648438 629.9361572265625 745.6651611328125
48.352378845214844 1729.609130859375 554.5376586914062 1798.2666015625
48.55343246459961 445.11492919921875 218.33914184570312 495.01519775390625
51.16958236694336 2057.9189453125 314.3612060546875 2114.275390625
420.2185363769531 589.1170654296875 562.5040893554688 635.8756103515625
262.44622802734375 446.6715087890625 382.89276123046875 494.21142578125
354.8160400390625 2056.4091796875 469.3150939941406 2113.9033203125
48.184635162353516 1151.4462890625 233.4345245361328 1188.982421875
853.150634765625 590.5578002929688 929.9371337890625 634.8770141601562
235.6737060546875 589.095947265625 348.8620300292969 636.1043090820312
260.7638854980469 865.4900512695312 351.9259948730469 918.216552734375
50.041282653808594 1631.3431396484375 874.9660034179688 1689.7491455078125
670.0556030273438 864.6032104492188 758.7152099609375 917.6795043945312
234.22970581054688 658.8762817382812 561.77490234375 702.4013671875
51.407169342041016 1878.343505859375 311.4239501953125 1936.823486328125
52.577354431152344 1451.8543701171875 669.5291748046875 1511.261962890625
508.22271728515625 2057.324462890625 1117.102294921875 2114.451904296875
51.15131378173828 1066.86328125 177.86056518554688 1138.041259765625
1001.0372314453125 590.531005859375 1143.0311279296875 634.186279296875
359.52294921875 1877.0919189453125 964.374267578125 1936.30859375
48.426109313964844 1541.7298583984375 219.10504150390625 1600.26513671875
1045.599609375 47.28409957885742 1115.4920654296875 117.8426742553711
917.2885131835938 1632.916259765625 1117.6824951171875 1688.683349609375
51.85138702392578 1967.5623779296875 615.7871704101562 2025.8016357421875
558.4331665039062 2201.42919921875 612.3671875 2252.855224609375
815.8707885742188 1541.5255126953125 1117.5589599609375 1599.4764404296875
