839.843017578125 2872.46240234375 956.4189453125 3006.2802734375
124.24298095703125 2870.970947265625 237.7833709716797 3007.92431640625
1180.9903564453125 2871.76904296875 1335.5587158203125 3011.3857421875
437.24371337890625 2870.0322265625 641.811279296875 3008.03955078125
437.24371337890625 2956.76708984375 641.811279296875 3008.03955078125
111.7258529663086 1957.1783447265625 1327.51953125 2100.975830078125
839.843017578125 2961.76708984375 956.4189453125 3006.2802734375
866.7722778320312 2872.46240234375 931.5394287109375 2943.761962890625
111.25859069824219 2249.029296875 1328.311279296875 2396.275634765625
124.24298095703125 2965.273681640625 237.7833709716797 3007.92431640625
108.81979370117188 1167.8328857421875 1276.9996337890625 1410.4522705078125
109.57913970947266 1661.7445068359375 1247.8240966796875 1807.445556640625
1180.9903564453125 2963.430908203125 1335.5587158203125 3011.3857421875
112.0711441040039 2629.5986328125 1245.35986328125 2772.25341796875
142.8640594482422 2870.970947265625 217.35699462890625 2946.958740234375
180.93923950195312 2540.376708984375 330.3070373535156 2588.719482421875
1227.921630859375 2871.76904296875 1288.695068359375 2946.285888671875
583.6638793945312 205.7705078125 854.5147094726562 268.3757629394531
299.1041259765625 47.9189453125 336.9218444824219 96.16597747802734
107.9575424194336 441.89984130859375 1329.8831787109375 1128.5648193359375
111.46028900146484 1475.133056640625 166.87088012695312 1520.6563720703125
3.7119626998901367 2846.43115234375 1437.35107421875 3040.94287109375
1311.45703125 47.33733367919922 1342.494140625 95.74047088623047
217.12059020996094 48.57614517211914 263.8314208984375 94.9848861694336
110.62601470947266 2250.763427734375 1198.258544921875 2392.965576171875
499.33551025390625 2870.0322265625 580.1361083984375 2930.48291015625
