1232.900390625 2831.59619140625 1385.469970703125 2888.06298828125
54.111572265625 617.697265625 468.7754211425781 676.7078247070312
1233.382568359375 1967.54833984375 1384.5435791015625 2024.576416015625
53.287532806396484 1480.494140625 467.83251953125 1539.398681640625
1133.4281005859375 2211.74755859375 1393.1260986328125 2261.5771484375
6.858644485473633 344.4263916015625 1435.4910888671875 578.9481811523438
1133.053466796875 1348.1865234375 1393.115478515625 1399.574462890625
44.60258102416992 1733.7259521484375 512.760009765625 1847.3043212890625
45.05010223388672 870.2727661132812 512.8353881835938 984.4039306640625
51.97198486328125 1872.7545166015625 474.2809143066406 1930.95166015625
51.94194412231445 1009.2424926757812 474.8965759277344 1068.9520263671875
42.20803451538086 2341.2109375 509.8637390136719 2800.358154296875
297.94635009765625 47.88847732543945 338.2446594238281 97.19829559326172
2.289447784423828 146.8316650390625 1436.798583984375 337.451904296875
41.19716262817383 1477.864501953125 510.1872253417969 1935.3507080078125
53.53496170043945 2344.606689453125 467.966796875 2403.252197265625
5.655555725097656 1201.0035400390625 1436.3609619140625 1441.377685546875
733.2205200195312 2340.92822265625 1312.6439208984375 2792.408447265625
51.644195556640625 2737.35107421875 474.74212646484375 2794.779052734375
732.5048217773438 614.64501953125 1314.54345703125 1065.0443115234375
42.308265686035156 616.6287841796875 510.33807373046875 1073.15185546875
3.746337890625 0.2182665467262268 1436.6605224609375 146.2158203125
732.0247192382812 1477.644775390625 1315.662353515625 1929.417236328125
