20.70523452758789 324.0444641113281 354.86602783203125 375.9825134277344
315.9096984863281 11.853318214416504 330.5926513671875 25.60626792907715
20.208242416381836 513.3985595703125 355.57080078125 717.8922729492188
197.79872131347656 453.8069152832031 281.282470703125 489.9411926269531
71.96570587158203 211.70941162109375 258.59039306640625 358.2551574707031
19.773534774780273 454.14495849609375 65.96224212646484 489.8930358886719
358.08868408203125 216.81802368164062 374.921875 273.7325439453125
74.12387084960938 129.52748107910156 282.7098693847656 184.6510009765625
272.1015319824219 211.7224578857422 339.8052062988281 297.6137390136719
336.3273010253906 12.422245979309082 359.1448669433594 24.95706558227539
331.3810119628906 70.87568664550781 354.6744079589844 92.61415100097656
292.9761047363281 12.349322319030762 311.37799072265625 26.21150016784668
21.361331939697266 74.60236358642578 42.27447509765625 89.22171020507812
119.79107666015625 797.7689208984375 255.58460998535156 805.3687133789062
20.04650115966797 211.70941162109375 184.47174072265625 428.2268371582031
19.75855827331543 454.2844543457031 65.97225189208984 489.7466735839844
292.83807373046875 453.75250244140625 362.2037658691406 490.0720520019531
103.94194793701172 211.3737030029297 172.106689453125 279.5193176269531
20.0721435546875 513.7706909179688 355.68402099609375 773.69775390625
293.6975402832031 70.57955169677734 312.5025939941406 93.10779571533203
20.787731170654297 0.22044219076633453 68.06371307373047 37.45848846435547
78.00526428222656 453.9742126464844 185.97854614257812 490.07220458984375
272.002197265625 211.41958618164062 339.93426513671875 279.19537353515625
