310.8960876464844 605.7221069335938 351.242431640625 645.5342407226562
95.79509735107422 676.787109375 204.8859405517578 717.8580932617188
293.2106628417969 16.156259536743164 311.5030517578125 30.06662368774414
120.07282257080078 76.9091567993164 253.7533416748047 98.92594909667969
23.87565040588379 143.657958984375 351.4985656738281 201.8596649169922
23.512699127197266 163.55030822753906 110.88269805908203 282.4783630371094
336.7762756347656 16.95210838317871 357.7967529296875 27.981847763061523
23.582490921020508 305.50390625 164.16104125976562 574.010986328125
321.28961181640625 742.108154296875 354.2203063964844 787.2023315429688
272.1595764160156 245.3382568359375 351.4716491699219 278.2420654296875
233.76953125 774.5641479492188 290.7569885253906 787.8064575195312
96.11691284179688 604.4175415039062 215.9589080810547 645.5927734375
22.30756378173828 742.2216796875 52.975101470947266 786.965576171875
23.784549713134766 669.2335205078125 80.20811462402344 726.1240234375
94.93328094482422 741.3759155273438 129.63568115234375 786.9863891601562
335.6918029785156 305.2771911621094 374.9367980957031 515.8560791015625
184.6571807861328 245.1848602294922 264.3955993652344 278.31390380859375
310.99835205078125 677.4984130859375 351.2459411621094 717.790283203125
311.14208984375 677.7086791992188 351.2841491699219 717.6409301757812
23.225812911987305 597.5914916992188 79.957763671875 654.1209106445312
62.590980529785156 103.52503967285156 311.307373046875 118.43046569824219
171.33795166015625 741.7318115234375 203.69906616210938 787.9050903320312
335.4978942871094 305.52325439453125 374.87005615234375 515.4522705078125
179.7206268310547 305.67022705078125 320.136474609375 515.9564208984375
179.6810760498047 306.098388671875 320.19305419921875 515.7467041015625
315.81805419921875 15.323801040649414 331.00958251953125 29.100217819213867
305.7160949707031 559.7642211914062 350.4399108886719 573.0411987304688
24.652803421020508 0.2998104691505432 71.02884674072266 40.726985931396484
23.789857864379883 305.3264465332031 164.1360321044922 515.5477905273438
