658.2819213867188 2821.2294921875 776.6032104492188 3000.93017578125
76.60333251953125 1178.9727783203125 277.4295654296875 1446.4136962890625
636.3214111328125 2023.1654052734375 801.8787231445312 2254.12841796875
919.7339477539062 2033.15478515625 1060.7437744140625 2254.02294921875
667.9021606445312 2377.074951171875 773.2450561523438 2591.9521484375
937.2474365234375 2875.806396484375 1029.23974609375 3000.903076171875
94.88278198242188 1682.18505859375 259.6172180175781 1909.0924072265625
1201.6065673828125 2874.613037109375 1298.138916015625 3006.63525390625
375.09857177734375 2713.388427734375 527.7753295898438 3001.3662109375
616.2688598632812 1685.697021484375 823.5468139648438 1910.81689453125
666.0606689453125 2706.702880859375 776.6792602539062 3000.93017578125
1201.28857421875 1693.65966796875 1321.2474365234375 1908.5804443359375
892.7954711914062 720.7280883789062 1090.3399658203125 999.0321655273438
621.03369140625 720.8583984375 818.7114868164062 1111.4168701171875
621.03369140625 720.8583984375 818.7114868164062 997.6365966796875
94.18819427490234 776.4127807617188 260.957275390625 998.1460571289062
341.11004638671875 720.445556640625 556.0391235351562 997.257568359375
394.15582275390625 2038.4151611328125 502.5234069824219 2251.441650390625
1182.107666015625 2036.0865478515625 1339.7470703125 2250.97216796875
131.7298583984375 2871.8515625 246.00933837890625 3001.563232421875
119.4346694946289 2379.462646484375 236.61016845703125 2591.9404296875
381.6159973144531 2373.478515625 514.647705078125 2594.39892578125
926.86279296875 1689.0196533203125 1055.27783203125 1911.21728515625
375.09857177734375 2874.760498046875 527.7753295898438 3001.3662109375
112.05136108398438 2033.6663818359375 243.86221313476562 2251.318359375
1171.0157470703125 2377.729736328125 1353.0623779296875 2649.6845703125
1171.9288330078125 2377.729736328125 1350.4881591796875 2647.886962890625
1223.786376953125 2377.729736328125 1301.208984375 2592.33935546875
341.11004638671875 773.6320190429688 556.0391235351562 997.257568359375
896.7578125 2368.005615234375 1085.663330078125 2592.658203125
354.0169677734375 1688.0841064453125 544.161376953125 1910.2265625
375.09857177734375 2957.811767578125 527.7753295898438 3001.3662109375
896.7578125 2547.3056640625 1085.663330078125 2592.658203125
381.6159973144531 2547.921630859375 514.647705078125 2594.39892578125
919.7339477539062 2206.83984375 1060.7437744140625 2254.02294921875
94.88278198242188 1860.727294921875 259.6172180175781 1909.0924072265625
616.2688598632812 1859.57421875 823.5468139648438 1910.81689453125
620.4210815429688 2329.3681640625 819.836181640625 2524.26806640625
636.3214111328125 2205.793212890625 801.8787231445312 2254.12841796875
667.9021606445312 2547.068359375 773.2450561523438 2591.9521484375
1201.28857421875 1861.040283203125 1321.2474365234375 1908.5804443359375
658.2819213867188 2821.2294921875 776.6032104492188 2938.47216796875
394.15582275390625 2205.857177734375 502.5234069824219 2251.441650390625
893.88525390625 2328.9111328125 1090.899169921875 2523.915771484375
351.92578125 2671.07177734375 546.685302734375 2840.25439453125
620.0989379882812 1642.0560302734375 819.005859375 1838.1123046875
112.05136108398438 2205.694091796875 243.86221313476562 2251.318359375
354.0169677734375 1860.444091796875 544.161376953125 1910.2265625
350.82208251953125 2328.157958984375 546.6689453125 2524.45263671875
128.47938537597656 2546.271240234375 225.07737731933594 2591.9404296875
926.86279296875 1863.2110595703125 1055.27783203125 1911.21728515625
627.0172729492188 1522.9144287109375 814.3203125 1572.4097900390625
894.583251953125 2669.848388671875 1090.6376953125 2840.022705078125
894.8533935546875 1985.2919921875 1089.9951171875 2182.177734375
94.18819427490234 949.7393188476562 260.957275390625 998.1460571289062
675.7909545898438 2958.3662109375 765.8067016601562 3000.93017578125
1164.180908203125 1984.6937255859375 1361.438720703125 2181.97265625
642.609619140625 1066.493896484375 795.56201171875 1111.4168701171875
131.7298583984375 2957.69287109375 246.00933837890625 3001.563232421875
341.11004638671875 948.5364379882812 556.0391235351562 997.257568359375
943.2096557617188 2718.93310546875 1038.9501953125 2818.52197265625
914.25390625 948.8215942382812 1067.325927734375 999.0321655273438
76.60333251953125 1178.9727783203125 277.4295654296875 1381.2269287109375
350.84698486328125 1985.2764892578125 546.6675415039062 2182.9169921875
1163.8631591796875 2326.553955078125 1361.933349609375 2524.44921875
350.6031188964844 1640.2518310546875 546.6572265625 1837.6287841796875
1182.107666015625 2204.787109375 1339.7470703125 2250.97216796875
937.2474365234375 2957.360595703125 1029.23974609375 3000.903076171875
653.547607421875 950.3302612304688 787.2279052734375 997.6365966796875
73.77589416503906 346.55780029296875 271.7309875488281 544.7252807617188
78.28794860839844 2328.72314453125 276.50982666015625 2523.86572265625
78.20799255371094 1984.171142578125 276.62689208984375 2182.443359375
893.5391845703125 1641.8795166015625 1089.95751953125 1837.7803955078125
78.95005798339844 2670.952880859375 277.5790100097656 2840.11865234375
340.31524658203125 334.5428771972656 922.587890625 393.43206787109375
620.4185180664062 1982.8466796875 819.74755859375 2183.747802734375
1201.6065673828125 2960.378662109375 1298.138916015625 3006.63525390625
617.9246826171875 2669.46728515625 822.1720581054688 2836.158447265625
130.4097900390625 2718.023681640625 239.17869567871094 2819.026123046875
675.5338745117188 2023.1654052734375 767.2149658203125 2143.353759765625
944.6011352539062 2033.15478515625 1039.1376953125 2131.189208984375
671.5070190429688 2377.074951171875 769.8295288085938 2478.070556640625
951.606201171875 2875.806396484375 1017.94873046875 2940.232421875
1171.0157470703125 2546.71044921875 1353.0623779296875 2649.6845703125
125.52424621582031 1682.18505859375 230.75917053222656 1793.11328125
674.0760498046875 26.269617080688477 763.9661865234375 116.68148040771484
78.93408203125 721.0149536132812 277.0533447265625 918.8367919921875
1217.5335693359375 2874.613037109375 1282.4818115234375 2939.14990234375
401.76800537109375 2713.388427734375 497.34442138671875 2822.34619140625
682.9807739257812 1685.697021484375 757.2914428710938 1795.0977783203125
666.0606689453125 2706.702880859375 776.6792602539062 2810.66845703125
1212.0528564453125 1693.65966796875 1315.017333984375 1784.3555908203125
892.7954711914062 720.7280883789062 1090.3399658203125 918.795166015625
621.03369140625 720.8583984375 818.7114868164062 918.9097290039062
135.14479064941406 776.4127807617188 224.67770385742188 867.5633544921875
349.71380615234375 720.445556640625 547.2179565429688 919.3529052734375
410.222412109375 518.5244140625 1243.7178955078125 570.8170166015625
77.82139587402344 1641.0657958984375 276.18701171875 1838.1292724609375
397.39483642578125 2038.4151611328125 502.1531677246094 2128.058349609375
1210.290771484375 2036.0865478515625 1315.280517578125 2127.232421875
152.2449188232422 2871.8515625 223.3317108154297 2943.9365234375
119.4346694946289 2379.462646484375 236.61016845703125 2476.13037109375
403.21490478515625 2373.478515625 493.73175048828125 2479.826416015625
298.5426025390625 47.59722137451172 337.5611267089844 97.26162719726562
1171.9288330078125 2604.0771484375 1350.4881591796875 2647.886962890625
942.452880859375 1689.0196533203125 1040.5987548828125 1791.8858642578125
414.1304016113281 2874.760498046875 490.60882568359375 2939.9404296875
1163.476806640625 1641.521240234375 1361.294921875 1836.4932861328125
125.26152038574219 2033.6663818359375 229.49331665039062 2128.575927734375
110.39540100097656 173.32293701171875 158.84689331054688 251.0885009765625
344.0195007324219 519.9429931640625 396.18896484375 573.3017578125
148.19863891601562 1401.451904296875 207.953125 1446.4136962890625
216.6686553955078 48.00972366333008 264.61212158203125 96.05734252929688
604.6143798828125 1494.3624267578125 837.5374145507812 1607.6663818359375
1235.35546875 2377.729736328125 1288.0963134765625 2473.382568359375
412.5863037109375 773.6320190429688 483.8758239746094 863.2929077148438
622.2462768554688 1040.9342041015625 820.904296875 1153.1014404296875
624.6524047851562 1.8066062927246094 805.20263671875 151.53431701660156
940.782470703125 2368.005615234375 1041.9737548828125 2481.978271484375
1223.786376953125 2546.300048828125 1301.208984375 2592.33935546875
319.5035705566406 930.3257446289062 577.7089233398438 1018.0875854492188
399.3761901855469 1688.0841064453125 499.1910400390625 1791.388427734375
