146.5050506591797 495.6900634765625 235.06546020507812 517.5840454101562
50.11455535888672 198.60951232910156 64.03179931640625 210.9384765625
159.45037841796875 367.975830078125 177.6271514892578 381.0238037109375
29.345579147338867 422.15252685546875 145.66595458984375 443.94415283203125
44.63339614868164 156.10255432128906 122.33313751220703 172.62623596191406
161.01084899902344 719.014404296875 212.94334411621094 770.5131225585938
170.5999298095703 127.7975845336914 218.23204040527344 141.38381958007812
302.3780822753906 734.2269897460938 323.80401611328125 755.4974365234375
44.81568145751953 120.52850341796875 111.77875518798828 142.07899475097656
50.09677505493164 733.8482055664062 71.6165542602539 756.31201171875
296.62579345703125 127.80176544189453 331.7017822265625 141.25958251953125
309.3743591308594 368.49566650390625 323.83270263671875 380.885498046875
228.31884765625 362.713623046875 254.24314880371094 388.1154479980469
197.5939178466797 368.1126403808594 212.2062225341797 381.0334167480469
46.66926956176758 229.4045867919922 67.39559173583984 249.6234130859375
49.365943908691406 335.171142578125 63.812435150146484 348.07086181640625
265.1806945800781 363.12152099609375 291.58953857421875 388.3295593261719
118.1744384765625 363.32318115234375 141.24240112304688 385.3458557128906
235.11087036132812 122.17134857177734 278.8587646484375 147.71875
106.44866180419922 734.6492919921875 125.5901107788086 755.1176147460938
79.55532836914062 363.1217041015625 105.31707000732422 386.1337585449219
46.39344024658203 297.10626220703125 67.88617706298828 317.9306945800781
155.74774169921875 47.086402893066406 219.2430419921875 66.5793685913086
