314.1726379394531 2183.135986328125 386.78765869140625 2294.182861328125
864.4347534179688 284.03778076171875 1022.5986938476562 445.9638671875
768.6165771484375 2179.480712890625 865.5830078125 2296.36181640625
662.3269653320312 282.2109375 816.6405639648438 444.7912902832031
984.3646240234375 2179.8037109375 1116.4947509765625 2297.444580078125
256.532958984375 283.8368835449219 413.14202880859375 446.8763427734375
548.9127197265625 2179.712890625 616.8986206054688 2297.294677734375
1077.458251953125 284.900634765625 1142.679931640625 444.47705078125
603.7791137695312 907.5161743164062 1128.1142578125 1569.970458984375
603.7791137695312 907.5161743164062 1128.1142578125 1571.093017578125
589.9981079101562 1712.8167724609375 1138.112548828125 2297.444580078125
589.9981079101562 1712.8167724609375 1138.112548828125 2296.36181640625
399.6228332519531 618.2142944335938 551.8075561523438 840.6554565429688
44.188777923583984 904.3099365234375 551.5712280273438 1504.9163818359375
481.1256103515625 136.9366455078125 649.3298950195312 254.47666931152344
984.3646240234375 2256.929443359375 1116.4947509765625 2297.444580078125
919.714599609375 27.34200096130371 1133.5760498046875 129.7246856689453
594.8516235351562 507.70001220703125 1140.938232421875 868.6911010742188
58.80584716796875 1453.830322265625 489.29962158203125 1504.9163818359375
768.6165771484375 2256.749755859375 865.5830078125 2296.36181640625
54.279605865478516 797.9644775390625 197.6392364501953 841.2720947265625
256.532958984375 399.9036865234375 413.14202880859375 446.8763427734375
550.66259765625 2257.020751953125 616.16015625 2297.294677734375
317.5228576660156 2258.381591796875 384.20050048828125 2294.182861328125
864.4347534179688 400.7235412597656 1022.5986938476562 445.9638671875
37.29728698730469 1429.634033203125 569.3438110351562 1624.7740478515625
28.521146774291992 507.12841796875 575.7723999023438 867.90234375
53.215660095214844 398.96954345703125 208.2162322998047 447.4985656738281
662.3269653320312 399.8524475097656 816.6405639648438 444.7912902832031
1077.458251953125 401.4632263183594 1142.679931640625 444.47705078125
590.4144287109375 1712.2315673828125 1137.8558349609375 2162.7548828125
654.4552001953125 136.83309936523438 793.7504272460938 254.64938354492188
264.1990966796875 799.2300415039062 337.77764892578125 841.3912963867188
401.7624816894531 797.140625 547.94580078125 840.6554565429688
957.4876098632812 165.6966094970703 1042.2987060546875 215.4917755126953
188.2471160888672 1677.439208984375 474.5276794433594 2097.15625
598.1530151367188 895.3289184570312 1133.4610595703125 1487.1055908203125
329.28570556640625 165.08934020996094 461.7147216796875 218.11676025390625
598.601806640625 1493.0753173828125 1132.7359619140625 1687.824462890625
38.47459411621094 895.2114868164062 570.2651977539062 1422.5833740234375
223.8004913330078 617.7366333007812 377.7045593261719 772.284912109375
30.49267578125 24.199079513549805 162.6914520263672 136.48565673828125
314.1726379394531 2183.135986328125 386.78765869140625 2246.487060546875
930.27783203125 138.2811279296875 1065.029541015625 253.93258666992188
52.52070999145508 530.5198974609375 234.6250457763672 583.0013427734375
53.2733154296875 164.74557495117188 141.86590576171875 217.26858520507812
300.189453125 136.0256805419922 479.6457824707031 254.23805236816406
821.5628662109375 166.92787170410156 907.0909423828125 218.0370635986328
612.8145141601562 636.2503051757812 771.3746948242188 743.3428955078125
598.8003540039062 1715.2113037109375 1134.5655517578125 1797.191162109375
886.756591796875 284.03778076171875 997.163818359375 384.52984619140625
683.5015869140625 164.5675048828125 768.8644409179688 218.42982482910156
819.9107055664062 48.7088623046875 885.17236328125 108.21401977539062
484.38067626953125 289.9327697753906 589.2781372070312 380.0892639160156
185.12255859375 162.16807556152344 283.99041748046875 220.07249450683594
38.45573043823242 1650.07080078125 570.9915771484375 2159.95263671875
750.78662109375 1520.4376220703125 1083.0908203125 1569.970458984375
996.9180297851562 798.9482421875 1088.2825927734375 841.67529296875
783.9156494140625 2179.480712890625 852.0725708007812 2246.96240234375
47.74884796142578 617.7861938476562 202.8371124267578 773.0448608398438
646.6484375 798.140869140625 737.4981689453125 841.8839111328125
816.5614624023438 798.5700073242188 917.55859375 842.0740356445312
199.6113739013672 1695.5908203125 462.8143310546875 2085.736083984375
672.1219482421875 282.2109375 805.7529296875 388.5810546875
599.2803344726562 2163.10595703125 660.1900024414062 2224.2265625
210.6274871826172 1045.903076171875 392.8720397949219 1093.5552978515625
795.5664672851562 138.0823211669922 927.9126586914062 254.3379364013672
192.2384033203125 53.748390197753906 519.7308959960938 106.46466064453125
820.2493896484375 49.65001678466797 884.5718383789062 107.54888916015625
398.06658935546875 617.287109375 552.9624633789062 771.00146484375
1015.8073120117188 2179.8037109375 1085.4306640625 2249.170654296875
845.8558959960938 536.1053466796875 920.8131713867188 579.4679565429688
57.32361602783203 2176.69189453125 176.929443359375 2296.534423828125
282.6200256347656 283.8368835449219 386.3919677734375 386.0473937988281
548.9127197265625 2179.712890625 616.8986206054688 2249.452392578125
1092.9873046875 284.900634765625 1142.282470703125 365.7708435058594
619.8851928710938 530.45361328125 801.2002563476562 583.1559448242188
29.659889221191406 21.890626907348633 1136.90673828125 136.02403259277344
352.2709045410156 533.6082153320312 547.4449462890625 579.7952880859375
28.359668731689453 258.300048828125 1143.878173828125 489.5218200683594
161.399169921875 138.34268188476562 299.86822509765625 252.31375122070312
620.4754028320312 1520.716796875 1084.243896484375 1571.093017578125
32.64842987060547 142.0889434814453 162.55580139160156 251.0673065185547
603.7791137695312 907.5161743164062 1128.1142578125 1378.07958984375
589.9981079101562 1712.8167724609375 1138.112548828125 2163.197509765625
57.95511245727539 1539.640380859375 340.35888671875 1591.7803955078125
456.97991943359375 260.37371826171875 623.2381591796875 485.3267517089844
599.3848266601562 1429.5001220703125 1131.532958984375 1492.26513671875
181.66465759277344 1545.181396484375 339.5718994140625 1590.268798828125
399.6228332519531 618.2142944335938 551.8075561523438 769.79150390625
32.94001388549805 380.5872802734375 229.03433227539062 487.10699462890625
44.188777923583984 904.3099365234375 551.5712280273438 1326.6614990234375
631.9501953125 263.3824462890625 835.2764892578125 485.7978820800781
839.4356079101562 260.60638427734375 1044.929931640625 485.4476623535156
