402.8330383300781 286.0854797363281 576.2313232421875 350.9023132324219
188.51565551757812 771.2596435546875 582.7327880859375 823.3258666992188
803.5964965820312 603.0210571289062 1074.3173828125 713.7869262695312
189.95985412597656 634.5057373046875 295.0317687988281 682.6966552734375
96.52025604248047 627.1337280273438 157.3445281982422 690.2557983398438
95.72589111328125 2148.0478515625 1074.801513671875 2285.8330078125
37.48720169067383 9.968297958374023 219.53726196289062 113.33243560791016
95.12610626220703 238.27410888671875 366.4026184082031 544.8107299804688
96.83779907226562 765.8770141601562 156.89004516601562 828.5471801757812
396.5695495605469 3.384568452835083 775.05224609375 122.75641632080078
966.4072265625 772.3541870117188 1072.87158203125 820.7994995117188
99.26410675048828 483.542236328125 156.6891326904297 546.6175537109375
840.8695678710938 774.32861328125 953.816162109375 820.51953125
94.98233032226562 238.01377868652344 366.2967224121094 396.1796569824219
758.4150390625 489.6581115722656 1072.8248291015625 543.1748046875
374.8663330078125 2348.257080078125 794.7889404296875 2370.7216796875
