82.02165985107422 417.2323913574219 331.53570556640625 503.327392578125
82.06776428222656 417.2323913574219 172.79066467285156 522.724609375
81.74385070800781 417.2323913574219 216.83169555664062 483.001708984375
82.02165985107422 417.20867919921875 331.53570556640625 503.327392578125
82.06776428222656 417.20867919921875 172.79066467285156 522.724609375
81.74385070800781 417.20867919921875 216.83169555664062 483.001708984375
24.29804229736328 81.62474822998047 80.42935943603516 157.79705810546875
81.72845458984375 227.76498413085938 269.2460632324219 293.3372497558594
176.985107421875 227.76498413085938 308.57763671875 313.56500244140625
81.96520233154297 227.76498413085938 318.79925537109375 410.0976867675781
306.9710388183594 15.40761947631836 351.11376953125 200.12229919433594
24.52216339111328 67.5594253540039 69.15667724609375 111.89611053466797
24.06374740600586 372.8839111328125 67.91162872314453 415.68536376953125
23.317163467407227 182.69955444335938 68.29508972167969 226.1328887939453
23.627891540527344 464.3534851074219 67.6832504272461 508.3835754394531
135.44143676757812 417.2323913574219 149.63397216796875 431.84259033203125
82.06735229492188 374.5771484375 221.44126892089844 390.28082275390625
306.2427978515625 67.80360412597656 350.3480224609375 112.02388763427734
82.37574768066406 322.0937194824219 183.96456909179688 336.0303955078125
82.29969787597656 418.7409362792969 119.20266723632812 430.9906005859375
29.80294418334961 14.800189018249512 65.6875228881836 30.046457290649414
120.59386444091797 417.20867919921875 134.16331481933594 431.5469665527344
35.30803298950195 382.92572021484375 56.15994644165039 404.373046875
24.29804229736328 140.07801818847656 80.42935943603516 157.79705810546875
81.72845458984375 276.96490478515625 269.2460632324219 293.3372497558594
82.02165985107422 489.0765075683594 331.53570556640625 503.327392578125
306.9710388183594 186.60069274902344 351.11376953125 200.12229919433594
176.985107421875 301.0754699707031 308.57763671875 313.56500244140625
301.06964111328125 468.2554931640625 351.1556091308594 482.0348815917969
81.96520233154297 396.7937316894531 318.79925537109375 410.0976867675781
36.12937545776367 193.1941680908203 56.217742919921875 214.9668426513672
306.8894958496094 376.80841064453125 351.1362609863281 390.13775634765625
135.9114227294922 80.51155090332031 230.16265869140625 99.23162841796875
38.403221130371094 474.9009704589844 53.301876068115234 497.1756286621094
24.25550079345703 273.5148620605469 67.84622955322266 317.9456481933594
82.06776428222656 509.162353515625 172.79066467285156 522.724609375
36.674560546875 81.62474822998047 57.98427963256836 98.00991821289062
82.46492004394531 300.2542419433594 167.8968505859375 313.553955078125
219.24725341796875 227.76498413085938 232.59625244140625 241.53428649902344
25.8081111907959 7.050750255584717 70.90177917480469 38.48328399658203
20.190038681030273 0.2672651708126068 77.75310516357422 42.41569900512695
336.3297119140625 16.50911521911621 359.1243896484375 28.50033950805664
82.25078582763672 184.6542510986328 217.02757263183594 200.7996368408203
293.11083984375 16.23917007446289 311.63836669921875 30.010356903076172
315.8833923339844 15.40761947631836 331.13153076171875 29.095521926879883
82.39298248291016 227.9601287841797 215.91261291503906 242.11294555664062
81.74385070800781 466.4383239746094 216.83169555664062 483.001708984375
129.81076049804688 70.4623794555664 237.13980102539062 110.78478240966797
81.50765228271484 206.64898681640625 303.14996337890625 221.57562255859375
