16.856643676757812 2537.142578125 353.8299865722656 2723.63525390625
1209.530029296875 3011.154052734375 1270.2784423828125 3052.600830078125
14.857216835021973 2123.66748046875 354.30615234375 2312.33740234375
728.5934448242188 2536.94970703125 1066.489013671875 2723.6875
727.6845703125 2331.258056640625 1065.220458984375 2516.55615234375
371.9723205566406 2124.4248046875 708.804443359375 2311.501220703125
1083.222900390625 2742.148193359375 1426.8909912109375 2932.52587890625
15.842081069946289 2743.30615234375 354.0693054199219 2931.476318359375
401.947998046875 1444.2415771484375 1037.4246826171875 1529.5767822265625
727.5030517578125 2124.49853515625 1065.03759765625 2310.669189453125
54.79757308959961 1871.5684814453125 1384.0068359375 2045.503662109375
240.25494384765625 484.0690612792969 1198.099365234375 668.81298828125
372.9091796875 2743.7216796875 709.4047241210938 2931.20654296875
1083.7646484375 2123.2822265625 1426.802978515625 2311.74658203125
298.2686462402344 47.76879119873047 338.28485107421875 97.87921905517578
373.1556091308594 2537.484619140625 709.149169921875 2723.845947265625
217.16651916503906 49.0778923034668 263.94085693359375 96.13255310058594
628.5069580078125 0.839086651802063 803.4617919921875 142.44168090820312
727.9016723632812 2742.6611328125 1067.114990234375 2932.1181640625
16.056882858276367 2331.93408203125 353.3446960449219 2516.705078125
372.24932861328125 2331.2529296875 708.8807373046875 2517.042724609375
56.243228912353516 196.65447998046875 127.43830871582031 270.600341796875
1083.4990234375 2330.714599609375 1426.9024658203125 2517.3486328125
56.15176773071289 1871.5064697265625 1383.4676513671875 2045.096923828125
59.21866989135742 1620.7364501953125 1381.2103271484375 1816.59228515625
529.4544067382812 3065.311767578125 909.3956909179688 3086.421630859375
1083.759765625 2535.37939453125 1427.4033203125 2724.63818359375
