195.72471618652344 2929.161865234375 449.1100158691406 3003.359619140625
1258.4893798828125 2908.698486328125 1366.9805908203125 3017.5546875
524.1842651367188 905.340576171875 916.0418701171875 963.9948120117188
83.28546142578125 2423.322509765625 166.90869140625 2528.815673828125
197.83596801757812 2688.021484375 446.50421142578125 2763.498046875
197.85415649414062 2443.80419921875 447.9708251953125 2517.888916015625
1258.38720703125 1500.38818359375 1366.3623046875 1608.32958984375
86.05327606201172 2174.7548828125 166.73487854003906 2284.44482421875
72.30284881591797 1264.4459228515625 142.98562622070312 1330.9306640625
53.0246696472168 204.21221923828125 123.5460433959961 278.7102966308594
197.31129455566406 1520.861572265625 323.6936340332031 1595.1336669921875
198.02392578125 1286.68994140625 448.61236572265625 1360.186767578125
150.66944885253906 181.99154663085938 308.449951171875 315.43133544921875
196.4127960205078 2194.714111328125 446.027587890625 2270.86279296875
1258.883056640625 1735.58935546875 1365.7906494140625 1843.000244140625
545.6808471679688 370.9662780761719 888.8001098632812 711.254638671875
197.32943725585938 1755.7911376953125 449.03741455078125 1830.105224609375
1166.782958984375 46.64421844482422 1231.61962890625 96.65508270263672
40.57168197631836 1054.049560546875 194.64134216308594 1159.6424560546875
298.7895202636719 47.75954818725586 337.6839599609375 96.50264739990234
76.46705627441406 2909.1806640625 178.2202606201172 3016.37548828125
529.778564453125 3065.155029296875 909.6307983398438 3087.369384765625
55.85751724243164 1975.5150146484375 173.11631774902344 2047.0875244140625
74.67896270751953 1732.9027099609375 177.02532958984375 1842.1044921875
107.59526824951172 46.194000244140625 200.84078979492188 96.9367446899414
1258.8465576171875 1266.0399169921875 1366.227294921875 1372.69091796875
1254.31396484375 2448.933349609375 1372.570068359375 2527.7236328125
513.028564453125 739.630126953125 926.3545532226562 867.126708984375
