306.7294006347656 59.23200607299805 339.7032775878906 93.66535949707031
61.288856506347656 485.94793701171875 82.74407958984375 507.08514404296875
58.545005798339844 416.2265319824219 349.2635192871094 472.39959716796875
25.214975357055664 769.8834228515625 52.61433792114258 795.3079833984375
13.871549606323242 512.1061401367188 29.8515682220459 529.0283203125
104.33623504638672 768.2122802734375 128.64630126953125 792.8956909179688
264.75030517578125 348.2882080078125 320.16851806640625 362.5943603515625
170.71336364746094 487.47247314453125 189.27603149414062 505.84796142578125
183.0862579345703 768.2823486328125 207.10276794433594 794.0104370117188
14.826411247253418 64.63300323486328 230.54652404785156 223.15171813964844
32.98572540283203 10.15723705291748 72.53538513183594 41.87681579589844
16.24484634399414 390.1161193847656 51.40692138671875 427.2494201660156
201.12704467773438 286.69134521484375 374.36346435546875 318.98297119140625
309.9430847167969 111.14999389648438 371.92279052734375 175.57447814941406
336.2823181152344 18.33743667602539 361.90478515625 31.897727966308594
16.38292694091797 247.8220672607422 65.94784545898438 271.2115783691406
74.384765625 251.86985778808594 174.19329833984375 268.04425048828125
12.193561553955078 148.1780242919922 80.38007354736328 172.69400024414062
76.45700073242188 347.5263977050781 118.29774475097656 363.4801025390625
340.07855224609375 769.897705078125 362.0645446777344 794.2697143554688
69.64891052246094 486.3175354003906 121.0987777709961 537.7433471679688
29.234554290771484 526.7845458984375 42.5890007019043 540.829345703125
311.94561767578125 19.010231018066406 328.8160400390625 32.432193756103516
323.7667236328125 394.54736328125 344.9688720703125 406.7264709472656
16.199251174926758 286.849853515625 189.54818725585938 318.97833251953125
33.20603561401367 502.98828125 54.35504150390625 524.1920776367188
134.88369750976562 485.1270751953125 153.26255798339844 507.6075744628906
59.58848571777344 392.5527038574219 128.9685821533203 408.5465393066406
