386.5332336425781 2240.9560546875 497.66961669921875 2278.56494140625
215.7877960205078 955.3170166015625 643.919921875 1013.7059326171875
707.7488403320312 2240.17333984375 766.29150390625 2276.7900390625
964.7175903320312 2143.9453125 1099.8623046875 2278.9169921875
216.1532440185547 731.332275390625 625.2379760742188 788.1135864257812
77.99532318115234 2145.478515625 217.10540771484375 2278.830078125
82.6375732421875 948.7615966796875 154.18798828125 1021.3048095703125
2.3044209480285645 1327.8985595703125 1176.225830078125 1553.14404296875
213.8455810546875 1630.9468994140625 821.58154296875 1689.2611083984375
83.51895904541016 722.4402465820312 155.3554229736328 799.273193359375
2.2561779022216797 34.259700775146484 1173.1634521484375 656.4566040039062
1.8519625663757324 1778.423095703125 1177.2265625 2006.280517578125
2.582775831222534 1102.0147705078125 1175.802734375 1328.7789306640625
216.46421813964844 2081.802490234375 577.84521484375 2118.63134765625
