379.05419921875 2209.658203125 800.533447265625 2396.524658203125
379.05419921875 2205.012451171875 800.533447265625 2396.524658203125
972.597412109375 415.6692199707031 1140.5076904296875 616.6953125
31.136457443237305 93.4495620727539 1170.4158935546875 338.13916015625
36.9122314453125 97.2569351196289 442.0318603515625 328.5643615722656
31.136457443237305 97.2569351196289 1170.4158935546875 338.13916015625
31.136457443237305 91.82931518554688 1170.4158935546875 338.13916015625
36.9122314453125 100.34059143066406 442.0318603515625 328.5643615722656
31.136457443237305 100.34059143066406 1170.4158935546875 338.13916015625
357.0101013183594 676.1140747070312 673.5409545898438 977.0098876953125
21.887676239013672 675.8860473632812 340.573486328125 975.206298828125
39.95136642456055 570.2808227539062 287.7953186035156 630.2002563476562
397.4184265136719 1904.3284912109375 905.9049072265625 2034.6517333984375
948.7377319335938 420.2314758300781 1052.7584228515625 467.3696594238281
398.3078308105469 1517.168212890625 1056.398681640625 1623.2353515625
1022.908447265625 676.9641723632812 1178.274658203125 979.4861450195312
972.597412109375 576.07763671875 1140.5076904296875 616.6953125
399.22503662109375 1989.501953125 703.799072265625 2033.844482421875
379.05419921875 2373.04833984375 800.533447265625 2396.524658203125
688.6947631835938 677.13623046875 1007.016845703125 975.5458984375
36.9122314453125 260.7301330566406 442.0318603515625 328.5643615722656
116.86174011230469 2215.4765625 176.70018005371094 2273.82958984375
3.333019733428955 368.8466491699219 921.63037109375 522.1651000976562
398.6593322753906 1905.9908447265625 903.916259765625 1959.0946044921875
397.6566467285156 1154.4871826171875 1048.990966796875 1266.1318359375
921.6168823242188 367.37628173828125 1176.8885498046875 518.6640625
421.34197998046875 1024.388916015625 756.9451293945312 1066.5728759765625
412.1759948730469 2209.658203125 471.796630859375 2275.999755859375
695.4585571289062 2205.012451171875 780.625 2280.877197265625
2.8079333305358887 219.56275939941406 1176.28662109375 364.1539306640625
110.16032409667969 418.260009765625 450.8556823730469 468.5069885253906
133.25961303710938 59.65529251098633 1142.872314453125 189.66958618164062
395.7649841308594 1515.3433837890625 1058.68017578125 1703.8740234375
28.081113815307617 412.1885986328125 85.15547943115234 471.2893981933594
1103.3819580078125 415.6692199707031 1131.3056640625 461.2994079589844
1052.827392578125 93.4495620727539 1102.14599609375 153.95684814453125
394.18585205078125 1152.2843017578125 1050.781005859375 1342.3956298828125
162.14659118652344 97.2569351196289 214.6376953125 150.69915771484375
914.9989013671875 91.82931518554688 973.165283203125 154.96913146972656
37.69761657714844 100.34059143066406 94.78446960449219 151.3884735107422
1117.5970458984375 1938.8089599609375 1145.3863525390625 1986.321533203125
398.25701904296875 1299.633544921875 715.4219360351562 1341.996337890625
399.0500793457031 1659.4390869140625 715.088134765625 1703.1981201171875
2.6902947425842285 2167.666015625 1176.987548828125 2416.245361328125
246.36439514160156 103.21734619140625 708.0786743164062 155.67579650878906
31.136457443237305 255.29188537597656 1170.4158935546875 338.13916015625
