56.95313262939453 175.79660034179688 317.4520568847656 254.4169158935547
0.3575943410396576 727.1541137695312 374.8297119140625 811.5732421875
189.0216827392578 401.0869140625 333.0281982421875 480.9574279785156
54.34031295776367 190.00881958007812 154.63133239746094 374.9322509765625
39.00725555419922 592.5720825195312 271.27386474609375 642.8492431640625
42.2453727722168 497.34197998046875 332.7857360839844 577.4052734375
54.640464782714844 456.0247497558594 147.5978240966797 521.4987182617188
42.05487060546875 305.5611267089844 181.58822631835938 385.714599609375
25.029787063598633 43.757450103759766 65.12556457519531 84.32898712158203
286.1939697265625 592.8396606445312 335.7779235839844 641.6683349609375
211.4039764404297 197.69386291503906 316.53955078125 374.2773742675781
170.95321655273438 329.2830505371094 204.99652099609375 363.1499938964844
54.28171157836914 190.00881958007812 164.10360717773438 353.5918273925781
41.981048583984375 401.35211181640625 188.5245819091797 481.02105712890625
140.65658569335938 189.22439575195312 227.8771514892578 287.8848876953125
272.357666015625 271.31671142578125 330.5848083496094 286.7150573730469
41.01193618774414 274.3599853515625 52.21651840209961 285.8631896972656
286.2004089355469 592.534912109375 335.959228515625 641.9419555664062
73.54043579101562 46.94786834716797 147.34640502929688 76.36500549316406
232.0081787109375 43.81731414794922 350.3476867675781 84.09455108642578
92.37993621826172 104.65771484375 299.4173583984375 147.93125915527344
193.8457489013672 305.3902893066406 332.7261047363281 385.5088806152344
