133.9539031982422 437.7677917480469 239.77102661132812 452.58453369140625
25.010929107666016 43.9307975769043 74.89874267578125 93.64584350585938
25.265424728393555 148.00538635253906 350.0979309082031 197.84103393554688
236.64964294433594 258.9483642578125 349.5985412597656 318.09185791015625
156.99990844726562 56.807525634765625 217.57968139648438 78.61348724365234
25.435243606567383 534.7371215820312 349.67987060546875 585.0326538085938
24.650362014770508 44.0390510559082 78.89373779296875 232.2322235107422
53.10304641723633 302.39599609375 144.6967010498047 317.67919921875
82.10387420654297 613.5484619140625 304.71197509765625 783.6845092773438
25.387712478637695 469.80963134765625 349.7005920410156 519.633544921875
25.854717254638672 303.36505126953125 42.044403076171875 319.9752197265625
25.348194122314453 241.8463897705078 350.00885009765625 291.59661865234375
25.217893600463867 599.9083251953125 349.66827392578125 650.0250854492188
25.083818435668945 356.0049133300781 350.0473937988281 406.2713317871094
