20.486343383789062 88.05647277832031 135.48654174804688 174.84347534179688
194.98593139648438 824.5218505859375 355.0921630859375 1038.59326171875
11.495661735534668 74.28458404541016 52.46160125732422 118.50199127197266
342.96075439453125 364.4874572753906 374.6773681640625 384.1309814453125
355.8307800292969 227.86639404296875 374.7308044433594 240.9890899658203
20.71376609802246 559.0331420898438 179.92420959472656 773.5726318359375
194.92388916015625 559.796142578125 355.0437316894531 858.9616088867188
353.65313720703125 401.7014465332031 374.8160095214844 414.0511169433594
21.583545684814453 202.096435546875 312.506591796875 594.053955078125
195.04397583007812 824.1099853515625 354.6363220214844 1038.5882568359375
344.2665710449219 394.6310119628906 374.7154541015625 420.1107482910156
20.686050415039062 559.6426391601562 180.0023956298828 822.9970703125
20.640649795532227 788.8744506835938 180.49635314941406 1039.4698486328125
285.5484313964844 0.6095799207687378 370.2647705078125 42.40073013305664
21.51323890686035 201.41201782226562 312.4024658203125 483.6795959472656
20.922582626342773 788.5673217773438 180.11695861816406 1038.9503173828125
21.3118839263916 0.5150437355041504 66.89265441894531 39.361427307128906
20.288536071777344 515.0376586914062 169.89608764648438 533.40478515625
60.93136215209961 70.00540161132812 354.5318298339844 122.70584106445312
343.1675720214844 430.09405517578125 374.7754211425781 445.21246337890625
327.68914794921875 201.46466064453125 374.63629150390625 483.3635559082031
342.62847900390625 429.645263671875 374.7183532714844 463.5408630371094
195.04396057128906 559.2411499023438 354.86102294921875 810.305908203125
