335.34149169921875 658.4596557617188 611.7123413085938 729.7752685546875
63.850196838378906 657.122314453125 313.1202697753906 802.2373657226562
335.94744873046875 767.0879516601562 525.3159790039062 797.9496459960938
335.6409912109375 977.37939453125 544.302734375 1009.3724365234375
63.51150131225586 867.2793579101562 312.8606262207031 1013.5361938476562
599.4927368164062 76.7531967163086 693.304931640625 170.6505126953125
600.176025390625 77.54651641845703 692.5362548828125 169.43038940429688
63.72197723388672 344.2882080078125 167.73529052734375 447.9388122558594
64.23905944824219 266.8136901855469 281.6800842285156 305.4710388183594
64.4976806640625 105.45372772216797 183.91546630859375 143.42874145507812
76.12740325927734 765.97802734375 121.7729263305664 788.3810424804688
102.63427734375 1517.867431640625 150.0584259033203 1566.58349609375
75.7408218383789 976.0460815429688 121.30658721923828 997.4014282226562
64.38812255859375 579.7334594726562 222.3094024658203 616.35302734375
336.0412292480469 908.8778686523438 452.5746154785156 937.78369140625
600.4324951171875 1529.5701904296875 652.0870361328125 1568.867431640625
334.6893615722656 869.8201904296875 607.6278076171875 938.1845703125
350.5230407714844 1516.651123046875 401.34735107421875 1567.647216796875
63.92383575439453 344.9410705566406 167.48019409179688 446.88323974609375
243.47286987304688 103.33875274658203 377.2687072753906 149.1494140625
191.1343994140625 406.0816345214844 384.41009521484375 433.9500732421875
190.79872131347656 356.52825927734375 415.0426025390625 393.4444885253906
63.30042266845703 867.59765625 312.7944030761719 1013.1614379882812
63.51248550415039 656.9132690429688 313.47369384765625 801.7609252929688
231.22422790527344 83.06714630126953 390.9111328125 174.20774841308594
44.97505569458008 84.82860565185547 205.3212432861328 167.6137237548828
337.0768127441406 659.6370849609375 610.7666625976562 691.7380981445312
336.10748291015625 871.05517578125 606.6919555664062 901.5796508789062
