37.257667541503906 1769.842041015625 242.61782836914062 1925.197509765625
37.294273376464844 2114.302978515625 243.54421997070312 2269.2607421875
37.20263671875 1425.1693115234375 243.17059326171875 1581.5902099609375
37.81572341918945 791.7659301757812 243.67100524902344 946.6807861328125
276.2205505371094 1766.8397216796875 1032.7347412109375 1985.8873291015625
275.70330810546875 2111.156005859375 1034.47412109375 2309.46630859375
37.282371520996094 2115.128173828125 243.48696899414062 2268.558837890625
37.543479919433594 211.28912353515625 244.0140380859375 366.75347900390625
276.5460205078125 497.2038879394531 1060.6048583984375 667.246337890625
37.92917251586914 1081.992431640625 243.36000061035156 1235.4140625
37.8429069519043 501.7366027832031 243.41844177246094 656.8775634765625
27.155982971191406 48.79299545288086 65.22968292236328 109.29607391357422
276.24090576171875 1423.1199951171875 1033.814453125 1639.389404296875
406.2150573730469 52.82427215576172 762.3432006835938 107.7893295288086
277.174072265625 207.5540771484375 1037.75927734375 377.0821838378906
37.690731048583984 1081.2513427734375 243.19488525390625 1236.527099609375
275.346923828125 1079.1671142578125 1033.395751953125 1293.7537841796875
276.03631591796875 786.823974609375 960.0557861328125 958.085205078125
38.24650955200195 502.4339904785156 243.86752319335938 655.9234619140625
37.899864196777344 211.88674926757812 244.1395721435547 366.01788330078125
