314.59326171875 739.5051879882812 341.55615234375 776.6708374023438
15.361966133117676 510.3404846191406 92.55479431152344 578.6770629882812
32.48453140258789 740.6913452148438 61.22549819946289 776.5552368164062
15.361966133117676 442.49713134765625 92.55479431152344 578.6770629882812
128.82664489746094 742.4685668945312 151.70477294921875 776.5569458007812
220.23452758789062 742.0501098632812 247.72288513183594 776.50537109375
32.48453140258789 765.1605834960938 61.22549819946289 776.5552368164062
128.82664489746094 764.9957885742188 151.70477294921875 776.5569458007812
328.0766296386719 681.4984741210938 358.7535095214844 693.4318237304688
15.491894721984863 396.63482666015625 74.79795837402344 410.6429748535156
63.5983772277832 680.1915283203125 166.5148162841797 694.9002685546875
15.724997520446777 283.7117614746094 359.5887451171875 379.3499755859375
337.14312744140625 613.655029296875 358.9046325683594 625.3455810546875
116.8496322631836 348.8184814453125 228.21212768554688 363.55169677734375
314.59326171875 765.116943359375 341.55615234375 776.6708374023438
33.00936508178711 14.714152336120605 63.530052185058594 30.36752700805664
319.5754089355469 739.5051879882812 336.76239013671875 761.7850341796875
18.282873153686523 510.3404846191406 45.39332962036133 532.9786376953125
315.9781494140625 395.9046630859375 358.4222412109375 410.9267272949219
63.824886322021484 437.04638671875 126.08045196533203 450.7560729980469
63.831443786621094 505.3486022949219 103.41473388671875 518.4927368164062
220.23452758789062 764.7357177734375 247.72288513183594 776.50537109375
32.190826416015625 187.02914428710938 96.73382568359375 252.2275848388672
316.0968933105469 563.9942626953125 358.2392883300781 578.6649780273438
15.840723991394043 172.0078582763672 359.5235290527344 267.98577880859375
15.680974960327148 674.1326293945312 47.774078369140625 705.5472412109375
31.811460494995117 298.5447692871094 96.96674346923828 363.7037658691406
116.30990600585938 300.1540832519531 242.09689331054688 339.9245910644531
117.06671142578125 237.0138702392578 192.32228088378906 250.67874145507812
36.834590911865234 740.6913452148438 56.996856689453125 761.5469970703125
113.76679229736328 63.937992095947266 261.38134765625 90.13595581054688
15.950638771057129 115.98344421386719 359.1187744140625 155.27059936523438
18.488483428955078 442.49713134765625 45.33079147338867 464.8282165527344
63.76333236694336 523.0830688476562 148.12510681152344 535.88671875
63.67774963378906 611.5662841796875 192.86746215820312 628.5613403320312
316.7253723144531 15.912944793701172 331.867919921875 29.06110191345215
15.588553428649902 605.6823120117188 48.10900115966797 638.4113159179688
63.40387725830078 455.21356201171875 143.17172241210938 468.15576171875
108.8510971069336 125.96817016601562 127.86424255371094 145.20245361328125
293.04046630859375 17.55392837524414 310.8369140625 29.500232696533203
15.361966133117676 564.3948364257812 92.55479431152344 578.6770629882812
116.78294372558594 211.94073486328125 253.0956573486328 227.18211364746094
116.97744750976562 323.98687744140625 241.76614379882812 339.0348815917969
336.3283386230469 16.114343643188477 360.19195556640625 29.112646102905273
0.7747225761413574 727.4525146484375 374.23748779296875 811.3193359375
140.74945068359375 128.12680053710938 267.57354736328125 143.64242553710938
130.04721069335938 742.4685668945312 151.204833984375 759.478271484375
116.61640930175781 188.83633422851562 214.99232482910156 204.27989196777344
222.00270080566406 742.0501098632812 246.68836975097656 759.24853515625
