386.4288330078125 2135.59423828125 497.2619934082031 2269.867431640625
78.55366516113281 2135.776123046875 216.09783935546875 2270.04296875
964.745361328125 2135.293212890625 1098.2535400390625 2269.624755859375
752.3888549804688 2117.169189453125 825.2603759765625 2156.04345703125
964.745361328125 2233.1865234375 1098.2535400390625 2269.624755859375
78.55366516113281 2232.952392578125 216.09783935546875 2270.04296875
45.9781608581543 280.51397705078125 1027.4012451171875 335.8978576660156
386.4288330078125 2231.833251953125 497.2619934082031 2269.867431640625
314.58917236328125 79.68846893310547 861.78173828125 137.84771728515625
403.5874938964844 2135.59423828125 477.238525390625 2207.2333984375
109.91634368896484 2135.776123046875 184.42507934570312 2210.44970703125
1.802208662033081 0.9260437488555908 1176.3076171875 196.14076232910156
45.5064811706543 710.7037963867188 1010.0409545898438 908.3363037109375
752.5567016601562 2117.746337890625 825.069091796875 2155.72119140625
700.5068359375 2133.89794921875 772.5724487304688 2207.459228515625
992.8931274414062 2135.293212890625 1067.8782958984375 2211.20703125
