318.2315368652344 6.8601460456848145 340.759521484375 48.374725341796875
21.7673282623291 29.55856704711914 334.7467346191406 199.14645385742188
21.7673282623291 5.908432960510254 334.7467346191406 199.14645385742188
21.348777770996094 164.56163024902344 54.99910354614258 201.0891571044922
21.26959228515625 88.46253967285156 55.138427734375 124.82553100585938
21.36967658996582 316.47039794921875 54.82197189331055 352.72430419921875
21.412792205810547 240.44406127929688 54.857826232910156 277.2775573730469
21.319713592529297 392.52764892578125 54.858028411865234 428.83502197265625
21.264930725097656 468.61328125 54.90082550048828 504.99359130859375
21.347885131835938 544.580810546875 54.939453125 581.092041015625
147.32725524902344 414.0303955078125 176.5037384033203 426.32928466796875
64.3060073852539 414.00714111328125 129.65414428710938 426.6722412109375
318.2315368652344 31.735383987426758 340.759521484375 48.374725341796875
147.35372924804688 262.1713562011719 176.39617919921875 274.22808837890625
21.304330825805664 6.304995536804199 45.539493560791016 18.41400146484375
147.3103790283203 566.1022338867188 176.61378479003906 578.2723388671875
21.32767677307129 544.5733032226562 54.89129638671875 580.9554443359375
279.89764404296875 568.8248901367188 343.91534423828125 632.4271240234375
147.38941955566406 490.165771484375 176.3177947998047 502.3255920410156
13.779108047485352 226.2390899658203 348.3114318847656 291.85272216796875
147.23452758789062 110.07827758789062 176.4008331298828 122.49803161621094
147.34046936035156 337.98223876953125 176.25436401367188 350.390625
13.793914794921875 150.37197875976562 348.1671142578125 215.14724731445312
271.4149475097656 6.690459728240967 286.7699890136719 18.061838150024414
64.40750885009766 565.8401489257812 129.73069763183594 578.5858764648438
64.31472778320312 489.8061828613281 129.47518920898438 502.445556640625
20.75373649597168 31.85437774658203 190.67422485351562 50.65993881225586
64.34809112548828 337.567138671875 129.71401977539062 350.638427734375
64.2894515991211 185.955810546875 129.8824462890625 198.42514038085938
64.06753540039062 88.87474060058594 230.02349853515625 105.75759887695312
14.115564346313477 530.920166015625 348.34979248046875 595.9393920898438
319.2919616699219 6.8601460456848145 338.2961730957031 17.048885345458984
64.17780303955078 109.63805389404297 129.77529907226562 122.71176147460938
279.2539367675781 29.55856704711914 299.739501953125 50.28497314453125
63.98860168457031 392.77349853515625 229.98358154296875 409.6480712890625
63.7188720703125 88.55009460449219 230.16482543945312 123.10226440429688
64.41143798828125 261.81085205078125 129.68643188476562 274.6119384765625
63.817378997802734 316.99920654296875 229.96234130859375 333.59588623046875
147.41500854492188 186.14511108398438 176.43629455566406 198.31602478027344
17.33890151977539 0.33330798149108887 49.87092208862305 24.476804733276367
64.01100158691406 164.32827758789062 230.02572631835938 181.60133361816406
63.76266860961914 468.33746337890625 230.11306762695312 502.97332763671875
295.595703125 5.908432960510254 309.6829528808594 17.899860382080078
64.00042724609375 468.84698486328125 229.76583862304688 485.65704345703125
21.293609619140625 468.67681884765625 54.83289337158203 504.74554443359375
21.38270378112793 316.5571594238281 54.79711151123047 352.46759033203125
21.337263107299805 392.602294921875 54.785743713378906 428.61480712890625
21.40244483947754 164.67974853515625 55.01286697387695 200.89602661132812
21.44913673400879 240.53518676757812 54.87640380859375 277.1106872558594
310.65625 27.385738372802734 348.447509765625 56.17091369628906
21.7673282623291 163.5643310546875 334.7467346191406 199.14645385742188
63.735572814941406 544.4915161132812 230.05677795410156 578.9176025390625
270.912109375 26.92660903930664 307.1548767089844 56.11363983154297
63.834354400634766 316.66162109375 230.3551025390625 351.247802734375
21.282302856445312 88.59361267089844 55.11567687988281 124.63133239746094
13.467296600341797 302.2507019042969 348.38177490234375 367.5644226074219
14.100447654724121 453.9729309082031 348.2944030761719 519.8834838867188
12.880472183227539 74.4227294921875 348.32080078125 139.7380828857422
22.1319580078125 239.9758758544922 333.78643798828125 276.1263427734375
13.736547470092773 378.2251281738281 348.3084716796875 443.812744140625
64.06658172607422 544.8424682617188 229.66375732421875 561.8095092773438
63.83719253540039 240.42324829101562 230.266357421875 275.1403503417969
