204.20509338378906 48.137184143066406 495.9884338378906 286.5523376464844
100.14655303955078 1942.9481201171875 195.67938232421875 2039.775634765625
355.2576904296875 2973.46630859375 451.05535888671875 3014.185546875
102.42157745361328 2973.847900390625 167.0806884765625 3015.498291015625
511.9875183105469 374.02923583984375 623.3779296875 440.2917175292969
695.13037109375 373.3171081542969 805.0707397460938 439.0718078613281
646.03955078125 2970.97509765625 764.1420288085938 3009.068115234375
328.58587646484375 373.71099853515625 437.6447448730469 439.56597900390625
214.18362426757812 1962.6141357421875 375.740966796875 2020.2696533203125
984.0361328125 2972.4208984375 1050.0672607421875 3014.719970703125
34.38143539428711 1722.18896484375 222.96617126464844 1768.3038330078125
106.21924591064453 562.6597290039062 439.995361328125 631.8026123046875
36.069766998291016 659.8348388671875 510.7534484863281 708.6744995117188
33.73128890991211 1717.0068359375 402.6154479980469 1774.8878173828125
61.59859848022461 1309.5723876953125 228.9470977783203 1364.73291015625
408.8241882324219 1959.58154296875 491.0579833984375 2021.2598876953125
34.86850357055664 179.17218017578125 176.95974731445312 318.977294921875
1169.6966552734375 373.61236572265625 1390.755615234375 438.91522216796875
674.7051391601562 1818.2708740234375 768.4417114257812 1878.427978515625
204.20509338378906 201.9870147705078 495.9884338378906 286.5523376464844
875.8858642578125 372.677978515625 1097.17236328125 438.908447265625
34.86585235595703 373.75628662109375 259.233642578125 440.7710876464844
1272.7801513671875 1925.065673828125 1428.626220703125 1976.4188232421875
107.15583801269531 2903.301513671875 161.70843505859375 2951.384521484375
266.27459716796875 1717.8875732421875 401.0802307128906 1772.2403564453125
1086.7333984375 2455.3896484375 1297.782470703125 2496.5517578125
1270.525634765625 2973.04736328125 1333.6463623046875 3014.11669921875
199.44406127929688 1938.0985107421875 387.6378173828125 2042.3126220703125
53.17790603637695 1393.63134765625 1252.7816162109375 1484.3419189453125
1130.602294921875 177.3723907470703 1258.4110107421875 305.4699401855469
32.38020706176758 368.94915771484375 261.2038269042969 478.5069274902344
1131.2005615234375 178.50767517089844 1257.374755859375 304.2249755859375
107.49931335449219 46.37071990966797 202.8207550048828 96.60279083251953
1179.240478515625 550.081787109375 1327.5311279296875 704.8965454101562
51.352500915527344 1388.1529541015625 1253.94091796875 1589.024169921875
674.3348999023438 27.400087356567383 763.75537109375 116.6426010131836
1278.363525390625 177.943359375 1403.92041015625 305.7622375488281
483.4586181640625 347.63555908203125 648.4249267578125 491.6413879394531
299.2247009277344 48.137184143066406 337.4006652832031 96.4693374633789
290.3031921386719 350.4328308105469 460.1607666015625 487.9281921386719
57.34407424926758 1506.000732421875 344.6763610839844 1586.2952880859375
595.7794189453125 1812.411376953125 656.7785034179688 1876.1282958984375
661.9113159179688 346.4523010253906 834.1029663085938 492.9203796386719
842.3408203125 346.152099609375 1118.1795654296875 493.9235534667969
1129.268798828125 348.73321533203125 1433.8922119140625 493.5575866699219
6.507833003997803 350.9231262207031 276.751708984375 488.19793701171875
