19.301681518554688 593.78955078125 74.22833251953125 606.7722778320312
65.56587982177734 878.7055053710938 102.60748291015625 890.3453979492188
12.811290740966797 698.2037353515625 52.57548904418945 736.9530639648438
148.49847412109375 445.0632019042969 259.2761535644531 554.279296875
148.0021514892578 593.7874755859375 203.3378143310547 606.0687255859375
288.1971435546875 0.5766574144363403 366.3396301269531 39.653743743896484
19.355266571044922 171.37440490722656 249.263427734375 421.0398864746094
65.56690979003906 878.3724365234375 146.27511596679688 890.5643310546875
282.66876220703125 972.4061889648438 322.0872497558594 984.6928100585938
19.637218475341797 67.87549591064453 152.9856719970703 151.26365661621094
66.54910278320312 753.6004638671875 131.2887725830078 769.0750122070312
18.571767807006836 811.4832763671875 41.04958724975586 834.3002319335938
65.5467529296875 718.5062255859375 146.29910278320312 731.298095703125
19.76006317138672 443.9573669433594 129.52432250976562 554.9617919921875
276.0093688964844 572.291748046875 340.1539001464844 588.2968139648438
268.1231689453125 171.4642333984375 374.6617431640625 425.8404541015625
19.936954498291016 660.2611083984375 129.83201599121094 679.2492065429688
276.9258728027344 445.52044677734375 374.5210876464844 553.7866821289062
277.09796142578125 445.478759765625 374.4626770019531 676.7549438476562
171.37765502929688 972.9229125976562 201.59420776367188 984.8795776367188
267.6416931152344 337.32568359375 323.9877014160156 349.7821960449219
66.31975555419922 859.9751586914062 186.82437133789062 874.841064453125
19.59932518005371 444.1526794433594 129.6088104248047 715.420166015625
19.398807525634766 171.18504333496094 249.2639617919922 295.9279479980469
19.628902435302734 758.188720703125 42.069034576416016 781.3135986328125
65.53947448730469 824.9901123046875 151.179443359375 837.4449462890625
274.9534606933594 593.2999267578125 356.7918395996094 606.1889038085938
75.210693359375 58.62293243408203 356.1572265625 97.29821014404297
65.52068328857422 825.2406616210938 96.19011688232422 837.0469970703125
268.0614013671875 171.22329711914062 374.6891784667969 295.6525573730469
267.87347412109375 315.5477600097656 333.9465637207031 330.663818359375
7.162450790405273 0.6056026220321655 55.377254486083984 39.394874572753906
9.36972713470459 54.546695709228516 57.066688537597656 100.53742980957031
148.6156768798828 445.03289794921875 259.14239501953125 554.59423828125
147.58920288085938 572.42431640625 246.19285583496094 587.8551635742188
58.05084991455078 972.29296875 87.20392608642578 984.04833984375
65.38964080810547 806.9388427734375 102.06085968017578 821.58740234375
