47.94020080566406 1454.653564453125 179.86949157714844 1550.8658447265625
287.13665771484375 1454.0052490234375 432.3695983886719 1549.952392578125
526.96533203125 1455.5362548828125 687.9575805664062 1548.4554443359375
99.40132141113281 1310.7841796875 182.9468536376953 1333.30224609375
287.13665771484375 1520.8577880859375 432.3695983886719 1549.952392578125
99.6520004272461 933.0960693359375 237.44647216796875 961.9056396484375
99.16446685791016 879.3933715820312 161.16653442382812 900.298583984375
79.03526306152344 818.68603515625 243.5121307373047 849.59765625
526.96533203125 1521.7891845703125 687.9575805664062 1548.4554443359375
286.9276123046875 643.92529296875 511.2772216796875 672.91015625
47.94020080566406 1522.147705078125 179.86949157714844 1550.8658447265625
287.61444091796875 408.06048583984375 620.1751098632812 438.1618347167969
43.59919738769531 31.008718490600586 96.45597076416016 60.61741256713867
47.74884033203125 178.35076904296875 341.89788818359375 231.8913116455078
47.76998519897461 277.74658203125 322.390380859375 316.3465270996094
79.50447845458984 1047.854248046875 618.6268310546875 1133.7398681640625
90.90843963623047 1454.653564453125 136.53323364257812 1499.085693359375
337.6058654785156 1454.0052490234375 384.71942138671875 1498.481201171875
79.8353500366211 904.515380859375 618.9284057617188 988.4725341796875
79.62979888916016 1336.4930419921875 619.0768432617188 1421.0330810546875
600.9686279296875 1455.5362548828125 642.895263671875 1500.396240234375
79.79669952392578 1192.2119140625 618.7954711914062 1277.5775146484375
674.2891235351562 33.74109649658203 717.0900268554688 56.67086410522461
287.0207824707031 693.0092163085938 386.020751953125 718.8798217773438
47.80603790283203 343.1212158203125 703.2433471679688 546.5945434570312
632.0584716796875 31.014568328857422 662.7993774414062 58.19916915893555
98.49160766601562 1077.33203125 204.1546173095703 1106.61083984375
48.57545471191406 578.3140258789062 703.3088989257812 784.8314819335938
586.8877563476562 32.6589241027832 624.035400390625 60.119842529296875
98.97201538085938 1021.2966918945312 154.89309692382812 1044.6959228515625
286.27496337890625 457.76287841796875 380.8019714355469 483.21551513671875
674.49462890625 34.05698776245117 717.1177978515625 56.65359115600586
98.5356674194336 1166.9071044921875 248.43994140625 1190.1605224609375
