415.3610534667969 2296.2041015625 483.9196472167969 2359.48974609375
110.09661102294922 1507.8118896484375 264.95965576171875 1558.2701416015625
480.6663818359375 773.7337646484375 688.1608276367188 989.5931396484375
695.06201171875 793.452880859375 892.2752685546875 987.8603515625
901.6048583984375 768.6708374023438 1109.1514892578125 990.216552734375
903.2890014648438 179.22621154785156 1111.4527587890625 282.2608947753906
459.2506103515625 1676.948974609375 708.947998046875 2028.4158935546875
936.8291015625 54.746307373046875 986.44775390625 98.37214660644531
853.273681640625 55.52850341796875 917.630615234375 101.0213394165039
909.8826293945312 1513.232666015625 950.7598266601562 1552.90087890625
183.63446044921875 512.6427001953125 418.79376220703125 560.6062622070312
57.508914947509766 187.56112670898438 314.3709411621094 271.1543884277344
686.3685302734375 2294.49755859375 754.754150390625 2405.434326171875
715.9822998046875 1027.6689453125 1108.0721435546875 1419.141357421875
688.9261474609375 469.00421142578125 1119.08154296875 623.1719360351562
183.97467041015625 569.2296142578125 450.350830078125 608.3560791015625
273.0834045410156 803.379150390625 478.31671142578125 987.7557983398438
967.898193359375 2045.10888671875 1108.5672607421875 2188.249267578125
1008.520263671875 52.99592971801758 1088.015380859375 99.90119934082031
107.65814208984375 653.9340209960938 1064.2586669921875 742.8624267578125
61.05341339111328 1027.5947265625 691.58544921875 1422.2628173828125
60.34104919433594 321.8327331542969 1111.8154296875 442.8715515136719
145.39198303222656 2291.11669921875 214.2956085205078 2405.447998046875
510.5379333496094 2229.46630859375 654.518310546875 2267.630859375
65.35505676269531 775.0812377929688 267.13690185546875 989.2957153320312
