984.4796142578125 2179.268798828125 1078.772216796875 2289.768798828125
103.14141082763672 1365.3170166015625 343.6529541015625 1604.1434326171875
984.4796142578125 2179.5986328125 1078.772216796875 2289.768798828125
666.32470703125 2180.462890625 805.998291015625 2291.581298828125
103.81636810302734 2180.0419921875 190.00221252441406 2290.04052734375
393.2212829589844 2186.590087890625 488.8897399902344 2291.889892578125
666.32470703125 2256.59814453125 805.998291015625 2291.581298828125
103.81636810302734 2256.39599609375 190.00221252441406 2290.04052734375
984.4796142578125 2254.978515625 1078.772216796875 2289.768798828125
46.93556213378906 165.8487548828125 212.4596710205078 265.4762878417969
59.298770904541016 174.9112548828125 202.87969970703125 224.310546875
1002.9454345703125 2179.268798828125 1060.6768798828125 2239.3681640625
99.39820861816406 400.2110290527344 176.86293029785156 492.9555969238281
393.2212829589844 2256.8408203125 488.8897399902344 2291.889892578125
274.5007629394531 176.12437438964844 467.9171142578125 223.97613525390625
540.4168701171875 175.1732635498047 713.0283203125 226.53350830078125
210.31884765625 426.7609558105469 515.1585693359375 474.5386657714844
133.00384521484375 1365.3170166015625 209.82275390625 1447.5689697265625
880.79296875 1138.1044921875 1060.285400390625 1184.1690673828125
971.7217407226562 426.53509521484375 1089.73291015625 472.469970703125
91.20960235595703 654.9585571289062 332.4523010253906 739.5804443359375
1003.2224731445312 2179.5986328125 1060.3087158203125 2239.023193359375
47.565521240234375 1118.7452392578125 582.0127563476562 1248.09521484375
951.3623046875 1538.63134765625 1086.891357421875 1584.72021484375
715.3602905273438 2180.462890625 758.24462890625 2241.00146484375
116.70268249511719 2180.0419921875 177.0028839111328 2242.284912109375
142.42874145507812 2060.75634765625 235.84886169433594 2103.19873046875
103.14141082763672 1509.94140625 343.6529541015625 1604.1434326171875
48.379066467285156 1193.75146484375 203.46109008789062 1248.270263671875
52.24736022949219 363.6014709472656 1127.9442138671875 1035.177734375
516.8494873046875 143.17141723632812 731.4548950195312 264.8257141113281
256.5406494140625 149.56265258789062 483.7580871582031 263.0784606933594
54.594757080078125 1296.3941650390625 1125.8070068359375 1477.27392578125
231.05955505371094 1364.78125 604.8462524414062 1442.1566162109375
816.14599609375 1535.5938720703125 939.4267578125 1586.7972412109375
50.387386322021484 1119.621337890625 581.7330322265625 1178.2835693359375
416.776611328125 2186.590087890625 470.6691589355469 2238.534912109375
