518.5592041015625 1914.8621826171875 717.1087646484375 2102.41162109375
37.92975997924805 1176.382568359375 102.24215698242188 1220.9139404296875
883.6956787109375 7.9974799156188965 988.4288940429688 113.98793029785156
1006.0557250976562 6.8569793701171875 1117.050537109375 113.54080963134766
879.592529296875 2125.9853515625 1133.453125 2263.546875
444.24884033203125 2134.265380859375 520.01220703125 2259.197265625
340.6707763671875 26.124780654907227 533.6591796875 102.30815124511719
197.92578125 1353.071044921875 554.1823120117188 1416.9459228515625
295.4114685058594 1914.326904296875 492.35821533203125 2101.946044921875
262.1563720703125 2135.634033203125 339.1617126464844 2258.37890625
923.1156005859375 1592.911376953125 1087.4613037109375 1637.923828125
36.99330139160156 847.6303100585938 767.9288330078125 913.1549682617188
635.9733276367188 1591.586669921875 803.449462890625 1643.025390625
69.98181915283203 1914.0509033203125 267.51422119140625 2102.25341796875
35.87421417236328 1730.413330078125 160.37745666503906 1780.525390625
210.2544708251953 1515.1683349609375 324.1129455566406 1560.3985595703125
1006.1856079101562 6.699398040771484 1117.6978759765625 113.0224838256836
389.4712219238281 1732.9049072265625 532.16455078125 1776.7666015625
168.51182556152344 1732.1014404296875 353.1253967285156 1777.1806640625
82.28842163085938 2134.594482421875 158.64356994628906 2258.7294921875
37.49386215209961 1244.7283935546875 133.60629272460938 1299.1220703125
746.7896118164062 1733.1116943359375 930.218017578125 1776.8741455078125
38.223785400390625 849.86376953125 1121.808349609375 1225.6307373046875
265.9482116699219 789.3359985351562 493.9515686035156 830.4656372070312
157.39173889160156 27.117862701416016 326.2707824707031 99.65508270263672
37.56690979003906 934.567138671875 222.3368377685547 982.681640625
349.5895690917969 1515.90283203125 461.999267578125 1560.1351318359375
600.5189208984375 2126.301513671875 853.4291381835938 2262.5390625
69.11122131347656 1818.2916259765625 281.3432922363281 1877.2352294921875
159.6554718017578 1592.079833984375 447.0265808105469 1643.5264892578125
36.580841064453125 1351.547607421875 191.71475219726562 1418.4189453125
742.9738159179688 1914.53662109375 941.0614624023438 2102.68017578125
566.3321533203125 1732.64306640625 713.4285888671875 1775.8353271484375
666.5235595703125 1514.99658203125 924.0905151367188 1560.521728515625
967.7872314453125 1914.294921875 1160.621826171875 2104.3193359375
489.1678771972656 1515.8494873046875 638.5565185546875 1558.6837158203125
28.623489379882812 6.838688373565674 133.6620635986328 114.45735168457031
0.9584211707115173 1914.88671875 46.24580383300781 2105.36328125
454.8362731933594 1591.60205078125 624.1453857421875 1642.6861572265625
37.91286849975586 1061.6693115234375 136.25408935546875 1110.7655029296875
38.151615142822266 1516.05859375 109.50401306152344 1560.841064453125
38.22785568237305 1593.492431640625 111.41809844970703 1637.8389892578125
37.9126091003418 785.301513671875 255.3592071533203 838.1244506835938
147.16607666015625 1245.96875 312.2062072753906 1299.30712890625
