117.2175064086914 822.502685546875 310.61773681640625 878.4745483398438
34.16875457763672 677.3388671875 403.0062255859375 765.9076538085938
23.31997299194336 623.560546875 222.15908813476562 646.4454956054688
389.8543701171875 16.99847984313965 411.1236572265625 29.02348518371582
23.9426326751709 73.53308868408203 59.96348190307617 109.86576080322266
368.8636474609375 15.672551155090332 384.3067626953125 29.018455505371094
23.123348236083984 139.85855102539062 404.7561950683594 494.5244445800781
346.2442932128906 16.4842586517334 364.8977355957031 30.43277931213379
357.5174560546875 625.9895629882812 405.44573974609375 643.2767333984375
79.2564468383789 86.23507690429688 268.1513366699219 113.18722534179688
22.266210556030273 526.4263305664062 398.43463134765625 593.6779174804688
25.61737060546875 0.44018515944480896 68.755615234375 43.481178283691406
117.04032897949219 822.5460815429688 310.85858154296875 878.4447021484375
