17.281673431396484 299.7725524902344 184.45443725585938 427.12493896484375
16.47780418395996 64.0098876953125 180.10641479492188 90.31329345703125
23.734861373901367 174.87765502929688 176.17054748535156 388.86236572265625
200.119384765625 175.10003662109375 350.18707275390625 389.0026550292969
128.8584442138672 742.2367553710938 151.7022705078125 776.611083984375
315.2518615722656 739.5225830078125 342.5497741699219 776.7372436523438
17.53557777404785 164.02493286132812 184.5128631591797 291.09344482421875
220.30538940429688 741.6438598632812 247.86834716796875 776.5673828125
192.71917724609375 299.58380126953125 361.1472473144531 427.4901123046875
200.1887664794922 175.10003662109375 350.510498046875 252.2318878173828
316.9673156738281 16.04427719116211 331.59185791015625 29.047916412353516
33.03107452392578 14.700140953063965 63.4247932434082 30.30568504333496
32.54847717285156 740.6637573242188 61.04650115966797 776.5458374023438
