63.68099594116211 2185.047119140625 170.06434631347656 2305.705322265625
765.2352294921875 2183.11376953125 870.3927001953125 2306.947265625
989.85205078125 2179.276123046875 1113.0794677734375 2307.06494140625
590.2512817382812 41.5336799621582 850.3912963867188 132.2330780029297
989.85205078125 2268.55712890625 1113.0794677734375 2307.06494140625
765.2352294921875 2268.296630859375 870.3927001953125 2306.947265625
541.5873413085938 2269.567626953125 625.424072265625 2305.742919921875
308.36236572265625 2269.42724609375 391.0076599121094 2306.470458984375
315.60101318359375 38.804588317871094 590.5410766601562 135.8887481689453
529.6493530273438 1746.12939453125 766.6727905273438 1790.1279296875
315.6630859375 38.452354431152344 852.3411254882812 135.8160858154297
75.38907623291016 2185.047119140625 153.30972290039062 2252.440185546875
63.68099594116211 2270.19287109375 170.06434631347656 2305.705322265625
778.363525390625 2183.11376953125 857.0850830078125 2256.47265625
1012.78662109375 2179.276123046875 1091.1097412109375 2256.26513671875
272.62701416015625 2164.57861328125 417.17864990234375 2320.893798828125
