539.3418579101562 1455.037109375 702.8287353515625 1548.8172607421875
47.83716583251953 1455.158203125 179.79196166992188 1550.95458984375
283.1059875488281 1455.3900146484375 428.52874755859375 1549.238037109375
46.76614761352539 297.2428283691406 705.5521850585938 967.3658447265625
46.76614761352539 297.2428283691406 705.5521850585938 849.6334228515625
46.76614761352539 297.2428283691406 705.5521850585938 850.5650634765625
78.60936737060547 1256.9150390625 352.7142028808594 1330.6414794921875
523.7173461914062 1185.1962890625 664.3907470703125 1212.120361328125
78.39180755615234 894.9615478515625 352.9886779785156 967.3658447265625
47.83716583251953 1522.236083984375 179.79196166992188 1550.95458984375
600.6189575195312 1455.037109375 643.2200317382812 1500.8323974609375
78.57278442382812 1399.68408203125 324.0823974609375 1426.5855712890625
78.6546859741211 1184.5860595703125 163.15773010253906 1211.361083984375
79.06925964355469 822.2935791015625 170.4417724609375 849.6334228515625
49.48501205444336 179.1913604736328 405.19451904296875 224.0083770751953
283.1059875488281 1521.7647705078125 428.52874755859375 1549.238037109375
523.4339599609375 822.7113037109375 664.8406982421875 850.5650634765625
79.45035552978516 1035.285400390625 253.9435272216797 1067.1962890625
241.29603576660156 1588.046875 511.0401611328125 1602.3402099609375
91.01947021484375 1455.158203125 136.41331481933594 1498.9344482421875
539.3418579101562 1521.344482421875 702.8287353515625 1548.8172607421875
340.7275390625 1455.3900146484375 381.5773010253906 1498.557861328125
67.96908569335938 30.68916130065918 119.8849868774414 60.88983917236328
46.974220275878906 296.8434143066406 705.6284790039062 740.7835693359375
655.7745971679688 31.82256507873535 687.358154296875 58.61051940917969
88.45724487304688 548.5552368164062 124.60894775390625 592.9872436523438
610.7974853515625 32.854698181152344 648.0084228515625 60.03845977783203
696.9125366210938 33.88135528564453 739.8052368164062 56.61812210083008
465.58428955078125 342.2694396972656 503.1117858886719 386.2871398925781
46.76614761352539 297.2428283691406 705.5521850585938 740.4823608398438
696.7733764648438 34.0965690612793 739.9121704101562 56.52016830444336
639.9102783203125 656.8782348632812 675.89697265625 700.0590209960938
79.69286346435547 1301.112060546875 304.1240539550781 1329.8614501953125
79.30103302001953 1257.7471923828125 352.3189392089844 1286.659912109375
