363.16815185546875 818.58642578125 382.3526306152344 856.6244506835938
26.880985260009766 819.264892578125 55.23374938964844 856.7340698242188
159.0233612060547 55.466087341308594 236.68582153320312 74.58924865722656
54.74628448486328 281.2490539550781 362.2701416015625 425.7200927734375
30.271982192993164 0.5386288166046143 73.52596282958984 42.31744384765625
185.6000213623047 820.5001220703125 228.9071502685547 850.1642456054688
323.80157470703125 15.277886390686035 343.93853759765625 29.369731903076172
268.59228515625 813.1838989257812 312.96722412109375 863.3348999023438
103.83685302734375 818.8782348632812 144.55580139160156 856.7948608398438
348.9549865722656 14.31092643737793 365.1714782714844 28.24139404296875
374.47149658203125 54.306129455566406 397.22406005859375 75.71568298339844
375.1064453125 16.40070343017578 397.03570556640625 27.741209030151367
