88.66361999511719 471.2345275878906 210.77999877929688 525.1664428710938
108.83296966552734 2106.636962890625 1062.565185546875 2260.988525390625
51.589237213134766 664.2570190429688 149.49264526367188 719.1476440429688
430.4299621582031 2155.870849609375 737.2437133789062 2208.44384765625
51.42420959472656 556.9532470703125 757.9845581054688 629.2859497070312
954.2014770507812 52.593021392822266 1024.593505859375 122.32543182373047
954.6004028320312 52.96028137207031 1024.0867919921875 121.73516082763672
30.716899871826172 909.68359375 200.40037536621094 961.6851806640625
155.18223571777344 1128.2667236328125 361.47198486328125 1188.8533935546875
28.225772857666016 831.6075439453125 1009.9037475585938 961.3030395507812
32.988407135009766 1122.196533203125 104.68476104736328 1195.5018310546875
956.2191772460938 1135.3841552734375 1018.0189819335938 1184.8135986328125
31.805639266967773 833.582275390625 1007.6732177734375 890.1018676757812
