274.0794372558594 236.00254821777344 374.4071044921875 267.70989990234375
67.82595825195312 235.0819091796875 93.2708740234375 249.77684020996094
336.1854248046875 18.452415466308594 361.8366394042969 31.89917755126953
24.996572494506836 769.9054565429688 52.74006271362305 795.5468139648438
67.97372436523438 458.42877197265625 172.1541748046875 474.4165344238281
273.9485778808594 591.8157958984375 374.4369201660156 623.9400024414062
274.10882568359375 324.5882263183594 374.17340087890625 356.9246826171875
68.24320983886719 521.1909790039062 96.2559585571289 535.5054321289062
67.67501831054688 725.5907592773438 172.54396057128906 741.3176879882812
67.98621368408203 547.3748168945312 172.23309326171875 563.0756225585938
273.9092712402344 413.3726501464844 374.1263732910156 445.7476501464844
16.558061599731445 95.97869110107422 374.8912658691406 128.3756866455078
68.35619354248047 521.0770263671875 143.04652404785156 536.28564453125
183.0371856689453 768.5344848632812 207.41253662109375 794.005859375
284.9946594238281 19.02626609802246 305.24993896484375 33.71383285522461
68.0059585571289 501.98760986328125 97.51451873779297 516.845458984375
311.81463623046875 18.60426902770996 329.0476379394531 32.77098846435547
273.97607421875 146.77493286132812 374.2684326171875 178.7515106201172
68.15070343017578 253.83966064453125 138.16159057617188 269.48004150390625
68.05274963378906 636.6161499023438 172.26766967773438 652.0556640625
274.0591125488281 680.8301391601562 374.3880310058594 713.2499389648438
67.53713989257812 148.50057983398438 97.65860748291016 160.7516326904297
104.11305236816406 768.14599609375 128.947021484375 792.830810546875
67.54427337646484 680.1184692382812 96.4016342163086 696.1068115234375
100.24948120117188 343.53973388671875 142.93246459960938 358.042724609375
67.87874603271484 191.29434204101562 172.69200134277344 207.26602172851562
68.05221557617188 280.8208923339844 172.51113891601562 296.3860778808594
68.25650024414062 431.7340087890625 196.9023895263672 447.57244873046875
274.0081481933594 502.7789611816406 374.0143737792969 534.9761352539062
67.67586517333984 413.5492248535156 123.9852066040039 427.8377380371094
67.63256072998047 591.3991088867188 118.04444122314453 606.4365844726562
68.06594848632812 343.2881164550781 97.33614349365234 357.4283752441406
339.92828369140625 769.5940551757812 362.1319580078125 795.1991577148438
67.84662628173828 323.7983703613281 100.29551696777344 338.9966125488281
13.038837432861328 49.31780242919922 134.24444580078125 93.56632232666016
67.7824478149414 166.3933563232422 96.97975158691406 179.64974975585938
67.5562744140625 699.3491821289062 135.67396545410156 714.2681884765625
68.26692199707031 610.189697265625 173.8292236328125 625.84716796875
100.07591247558594 165.84573364257812 138.9402313232422 179.8572235107422
68.12096405029297 368.9739074707031 172.54815673828125 385.1490173339844
260.47308349609375 769.2052001953125 285.9490966796875 793.0696411132812
