32.66549301147461 712.9304809570312 102.56352233886719 730.2495727539062
122.85599517822266 554.1859741210938 382.39617919921875 662.4122314453125
32.458030700683594 769.7813110351562 102.91679382324219 787.6023559570312
31.69866180419922 147.88641357421875 382.84442138671875 310.42669677734375
31.831796646118164 59.472564697265625 88.03917694091797 116.46144104003906
140.07423400878906 598.2857666015625 314.9345703125 719.8670043945312
361.3782653808594 17.317367553710938 384.870361328125 28.02927017211914
36.30148696899414 346.57647705078125 381.72381591796875 400.95001220703125
27.008176803588867 13.9143705368042 53.913482666015625 29.532428741455078
34.80653762817383 656.7391357421875 100.72269439697266 673.4381713867188
139.78561401367188 76.47299194335938 207.54595947265625 100.85536193847656
139.78245544433594 254.46322631835938 308.1354064941406 464.2330017089844
115.72126007080078 834.7200927734375 135.95330810546875 858.2396850585938
338.05181884765625 15.501883506774902 355.3505859375 29.069774627685547
222.52484130859375 77.57182312011719 286.46258544921875 98.29806518554688
48.575740814208984 835.30517578125 71.63400268554688 859.6513671875
279.0002136230469 835.1263427734375 299.1217346191406 858.7357788085938
178.84268188476562 820.9781494140625 236.71754455566406 878.7215576171875
32.823204040527344 484.72772216796875 101.21730041503906 501.9819641113281
312.6771545410156 16.160776138305664 333.51861572265625 30.251920700073242
35.73557662963867 541.8900146484375 98.0069580078125 559.2828369140625
348.7022705078125 834.9135131835938 371.3907165527344 858.9110717773438
122.9673843383789 425.57696533203125 382.2890625 534.1207275390625
123.0494613647461 681.8336181640625 382.22998046875 789.8935546875
31.78196907043457 427.8919372558594 104.36970520019531 445.44500732421875
