47.784828186035156 922.2155151367188 229.1001739501953 959.3856811523438
602.0701293945312 448.8858337402344 702.8687133789062 547.4496459960938
47.740482330322266 449.535888671875 586.9991455078125 547.7702026367188
283.22784423828125 1455.3497314453125 428.3445739746094 1549.22900390625
47.476531982421875 177.8152313232422 359.0453796386719 231.4979705810547
522.7757568359375 1455.3548583984375 684.2154541015625 1548.1268310546875
632.1355590820312 30.682357788085938 662.6337890625 58.180198669433594
47.810516357421875 1454.587158203125 179.72872924804688 1551.5589599609375
639.589599609375 168.81341552734375 701.4764404296875 232.5487823486328
674.5134887695312 34.017555236816406 717.471435546875 56.87274932861328
47.754966735839844 626.7283325195312 703.05322265625 724.6060791015625
48.04551696777344 402.2683410644531 500.0859375 431.8295593261719
78.33439636230469 1407.63671875 352.33062744140625 1426.96240234375
586.900634765625 32.32878112792969 623.8226928710938 60.081199645996094
48.843048095703125 993.5084228515625 703.9889526367188 1343.9378662109375
67.92813873291016 30.777637481689453 120.1546401977539 60.51902389526367
