78.60936737060547 1256.9150390625 352.7142028808594 1330.6414794921875
46.76614761352539 297.2428283691406 705.5521850585938 967.3658447265625
79.45035552978516 1035.285400390625 253.9435272216797 1067.1962890625
47.83716583251953 1455.158203125 179.79196166992188 1550.95458984375
78.6546859741211 1184.5860595703125 163.15773010253906 1211.361083984375
523.7173461914062 1185.1962890625 664.3907470703125 1212.120361328125
283.1059875488281 1455.3900146484375 428.52874755859375 1549.238037109375
610.7974853515625 32.854698181152344 648.0084228515625 60.03845977783203
539.3418579101562 1455.037109375 702.8287353515625 1548.8172607421875
67.96908569335938 30.68916130065918 119.8849868774414 60.88983917236328
655.7745971679688 31.82256507873535 687.358154296875 58.61051940917969
49.48501205444336 179.1913604736328 405.19451904296875 224.0083770751953
241.29603576660156 1588.046875 511.0401611328125 1602.3402099609375
696.9125366210938 33.88135528564453 739.8052368164062 56.61812210083008
78.57278442382812 1399.68408203125 324.0823974609375 1426.5855712890625
696.7733764648438 34.0965690612793 739.9121704101562 56.52016830444336
46.974220275878906 296.8434143066406 705.6284790039062 740.7835693359375
