643.576416015625 1899.068359375 1073.1328125 2203.170654296875
140.4820098876953 624.8793334960938 348.6564025878906 699.8334350585938
141.84588623046875 765.7494506835938 497.5025939941406 821.6127319335938
421.811767578125 546.2659301757812 467.3017578125 583.91748046875
47.585025787353516 1075.8311767578125 1125.2889404296875 1342.9049072265625
492.3787536621094 881.7900390625 730.4904174804688 978.8876953125
662.7427978515625 407.1044921875 1028.388671875 452.5066223144531
557.9390258789062 340.77325439453125 673.8246459960938 386.1060485839844
93.35604095458984 1562.3011474609375 612.1797485351562 2205.983642578125
826.1980590820312 338.0845947265625 1027.1534423828125 393.3399658203125
644.0451049804688 1562.0631103515625 1074.5596923828125 1867.9605712890625
868.3221435546875 534.9337768554688 1028.214111328125 594.9688720703125
241.07798767089844 335.5111999511719 540.1312255859375 394.46453857421875
94.02851104736328 1442.6181640625 316.9508972167969 1506.1009521484375
108.57225799560547 198.33853149414062 192.19332885742188 248.07118225097656
791.3473510742188 882.6396484375 1029.104248046875 978.6544189453125
448.8287048339844 55.041744232177734 716.534423828125 118.64399719238281
142.82015991210938 538.326416015625 403.4803771972656 589.9838256835938
48.02088165283203 2285.423828125 1121.7022705078125 2411.5302734375
791.7220458984375 883.0631103515625 1029.0753173828125 979.0457153320312
