451.5797424316406 52.42774200439453 719.6054077148438 113.0682601928711
55.891136169433594 175.53543090820312 1105.8653564453125 413.0931701660156
94.39356994628906 468.1505126953125 296.26251220703125 524.453125
858.2556762695312 1092.896484375 1074.82568359375 1146.4151611328125
854.3867797851562 472.4052734375 1029.4383544921875 521.883544921875
421.5852355957031 2266.15869140625 744.555419921875 2318.610595703125
94.23338317871094 1092.012939453125 266.4725646972656 1144.13134765625
93.98681640625 868.72021484375 1076.0950927734375 996.5796508789062
922.544921875 56.23655319213867 979.1770629882812 112.10993194580078
95.3095932006836 633.9456787109375 147.83346557617188 707.6928100585938
282.26123046875 1097.6348876953125 322.5368957519531 1140.6134033203125
95.07745361328125 635.4064331054688 421.9129333496094 706.8206176757812
