690.255615234375 920.827880859375 823.4541015625 1007.6875
179.32415771484375 1411.302978515625 413.5230407714844 1467.77587890625
36.5826530456543 1700.2410888671875 564.09521484375 1948.5679931640625
179.929931640625 1192.8323974609375 880.66552734375 1251.60546875
88.76480865478516 1075.8607177734375 166.06874084472656 1160.290283203125
823.3113403320312 924.3734130859375 949.2316284179688 1004.083984375
1011.72900390625 1423.7574462890625 1070.6531982421875 1459.113525390625
93.00804901123047 2046.627685546875 188.04534912109375 2115.968994140625
94.78853607177734 2397.595947265625 570.9549560546875 2456.862060546875
180.65731811523438 1302.51123046875 693.8253173828125 1359.9422607421875
95.73665618896484 1407.5089111328125 162.99310302734375 1488.070556640625
734.0576171875 171.94497680664062 848.9053955078125 291.1002502441406
259.76141357421875 351.1029968261719 1134.2747802734375 983.2339477539062
990.9254150390625 1294.63134765625 1089.03466796875 1376.411865234375
948.860595703125 921.8128662109375 1082.63720703125 1006.80224609375
1002.40625 185.7577667236328 1107.502685546875 282.9403076171875
1009.4215087890625 54.63507080078125 1062.06005859375 98.26829528808594
1009.6939086914062 1532.1466064453125 1071.069091796875 1567.7967529296875
104.19178771972656 922.8993530273438 307.66851806640625 1003.2777099609375
885.4580688476562 185.17787170410156 999.0407104492188 282.84954833984375
97.93768310546875 1298.56982421875 158.14309692382812 1373.146484375
608.58837890625 2348.26953125 898.8223876953125 2445.228759765625
38.38885498046875 349.8356628417969 1136.755126953125 833.8069458007812
179.94436645507812 1522.2183837890625 834.0914916992188 1578.142333984375
35.889915466308594 150.09793090820312 338.0848388671875 322.2335510253906
178.2134552001953 1083.603759765625 882.2075805664062 1142.3372802734375
605.015869140625 1699.6483154296875 1133.08251953125 1947.7958984375
969.0555419921875 1185.222412109375 1089.937255859375 1270.2745361328125
