30.267101287841797 61.62407302856445 192.82815551757812 244.07089233398438
63.661197662353516 2189.368896484375 169.81993103027344 2308.964599609375
990.591552734375 2183.259765625 1114.2813720703125 2310.472900390625
764.984619140625 2187.416015625 871.1615600585938 2310.258056640625
960.5847778320312 59.70147705078125 1135.3310546875 245.23358154296875
541.1564331054688 2184.47802734375 625.8998413085938 2309.180419921875
990.591552734375 2272.997802734375 1114.2813720703125 2310.472900390625
764.984619140625 2272.86767578125 871.1615600585938 2310.258056640625
318.48968505859375 46.89171600341797 577.0963134765625 135.48312377929688
29.549755096435547 1175.6099853515625 198.18276977539062 1228.2882080078125
541.1564331054688 2274.707763671875 625.8998413085938 2309.180419921875
29.418962478637695 930.73583984375 195.55397033691406 982.2099609375
63.661197662353516 2274.371337890625 169.81993103027344 2308.964599609375
29.409122467041016 684.55908203125 192.08273315429688 735.848876953125
30.267101287841797 192.34677124023438 192.82815551757812 244.07089233398438
29.04802131652832 1052.893798828125 195.38821411132812 1104.576171875
29.755882263183594 807.4024047851562 194.1626739501953 858.287109375
308.3179016113281 2273.781494140625 392.0211181640625 2309.532958984375
29.90510368347168 437.8111572265625 189.31756591796875 490.572509765625
30.31418228149414 314.4898376464844 195.25494384765625 366.80072021484375
582.49755859375 42.519020080566406 854.8079223632812 139.32986450195312
28.590595245361328 560.6636352539062 195.98663330078125 612.389404296875
630.618408203125 69.81748962402344 810.5671997070312 113.5445785522461
957.3108520507812 1173.17578125 1136.08935546875 1229.259521484375
588.2932739257812 1174.694580078125 767.7346801757812 1230.201904296875
308.7906188964844 2181.3271484375 390.0583190917969 2259.83984375
592.78564453125 436.0335998535156 768.5823974609375 492.201904296875
959.8828125 313.19024658203125 1137.0030517578125 369.1914367675781
588.795654296875 806.2315673828125 768.36328125 859.9530029296875
960.1539306640625 1052.2906494140625 1136.43310546875 1106.4024658203125
960.5847778320312 192.20333862304688 1135.3310546875 245.23358154296875
958.7437133789062 559.39013671875 1137.02880859375 614.789794921875
588.7239990234375 681.7613525390625 767.6258544921875 738.298828125
956.8983764648438 927.740234375 1135.1251220703125 984.3731689453125
957.3201904296875 681.4557495117188 1135.9034423828125 737.8892211914062
384.8192138671875 67.78182220458984 511.94329833984375 114.74430847167969
591.3781127929688 559.3306884765625 769.2211303710938 614.0454711914062
613.9116821289062 313.9857482910156 767.073486328125 369.0584411621094
956.9501342773438 805.9845581054688 1137.4720458984375 860.4110107421875
591.083740234375 1051.9818115234375 768.2366333007812 1107.7457275390625
544.7474365234375 2184.215087890625 622.7862548828125 2261.86767578125
591.1392822265625 191.12191772460938 768.3074951171875 246.16506958007812
53.281673431396484 61.62407302856445 108.76915740966797 117.11161804199219
75.32396697998047 2189.368896484375 153.1793975830078 2256.17041015625
960.9357299804688 437.1522216796875 1136.26806640625 491.7921142578125
1013.6001586914062 2183.259765625 1091.526123046875 2260.210205078125
778.6866455078125 2187.416015625 857.86865234375 2260.552734375
1058.6239013671875 59.70147705078125 1115.5216064453125 119.52188110351562
544.4407958984375 2184.47802734375 622.9257202148438 2261.70654296875
3.061403751373291 533.3169555664062 1169.517578125 650.096923828125
3.055720090866089 1019.7821044921875 1169.5982666015625 1144.09765625
6.65699577331543 777.044677734375 1168.1280517578125 897.1889038085938
8.138593673706055 160.1935272216797 227.02285766601562 276.3131408691406
748.0784912109375 2169.18017578125 892.970703125 2328.596923828125
4.397572994232178 408.6629333496094 1168.9891357421875 526.4583129882812
3.564629077911377 162.1436309814453 1167.755126953125 280.1834716796875
